Date,Open,High,Low,Close,Volume,Adj Close
2016-03-11,72.360001,73.099998,72.279999,72.800003,4778000,72.800003
2016-03-10,72.029999,72.029999,70.489998,71.360001,6212500,71.360001
2016-03-09,72.330002,72.699997,71.260002,71.870003,4906700,71.870003
2016-03-08,73.779999,74.110001,71.519997,71.730003,8693500,71.730003
2016-03-07,72.800003,75.730003,72.800003,74.769997,10308100,74.769997
2016-03-04,72.089996,73.959999,71.540001,72.839996,9498400,72.839996
2016-03-03,69.620003,72.080002,69.389999,71.75,7128700,71.75
2016-03-02,68.75,69.93,68.209999,69.379997,4731200,69.379997
2016-03-01,68.440002,69.489998,67.339996,69.089996,4439200,69.089996
2016-02-29,67.139999,68.580002,66.489998,67.699997,5763500,67.699997
2016-02-26,67.389999,68.00,66.449997,66.870003,4146300,66.870003
2016-02-25,65.889999,66.470001,64.839996,66.470001,4273800,66.470001
2016-02-24,64.699997,65.970001,63.07,65.879997,6433700,65.879997
2016-02-23,67.110001,67.239998,65.699997,65.779999,5372400,65.779999
2016-02-22,65.419998,67.519997,65.419998,67.309998,5769400,67.309998
2016-02-19,64.919998,65.519997,64.080002,65.419998,4881000,65.419998
2016-02-18,67.150002,67.599998,65.139999,66.120003,6175500,66.120003
2016-02-17,66.00,67.790001,65.720001,67.260002,7360200,67.260002
2016-02-16,64.160004,65.550003,63.509998,65.209999,4655200,65.209999
2016-02-12,61.990002,63.470001,61.82,63.150002,4284200,63.150002
2016-02-11,60.91,62.310001,60.509998,61.41,7010300,61.41
2016-02-10,64.269997,64.379997,62.00,62.139999,5938700,62.139999
2016-02-09,63.900002,64.410004,63.119999,63.93,5541700,63.93
2016-02-08,65.419998,65.639999,63.66,64.580002,6311200,64.580002
2016-02-05,65.669998,66.760002,65.18,66.120003,7425600,66.120003
2016-02-04,63.599998,66.989998,63.599998,65.959999,12537500,65.959999
2016-02-03,61.470001,63.599998,59.799999,63.27,8291000,63.27
2016-02-02,61.279999,61.549999,60.48,60.669998,6261400,60.669998
2016-02-01,61.970001,63.080002,61.380001,62.700001,5941700,62.700001
2016-01-29,61.689999,62.290001,60.759998,62.240002,8059000,62.240002
2016-01-28,62.009998,62.450001,58.57,61.080002,13133800,61.080002
2016-01-27,58.43,59.889999,57.459999,58.32,10980600,58.32
2016-01-26,58.400002,59.66,58.09,59.16,8135100,59.16
2016-01-25,58.959999,59.349998,57.759998,57.91,10880600,57.91
2016-01-22,61.23,62.560001,60.599998,60.98,7799900,60.98
2016-01-21,59.00,60.419998,58.25,59.689999,8758700,59.689999
2016-01-20,58.080002,59.380001,56.360001,58.810001,10845700,58.810001
2016-01-19,60.259998,60.540001,58.48,59.029999,8353100,59.029999
2016-01-15,59.52,60.09,58.75,59.869999,12674500,59.869999
2016-01-14,61.240002,62.970001,60.380001,62.27,9241800,61.50
2016-01-13,62.07,62.759998,60.389999,60.889999,7237300,60.137063
2016-01-12,62.439999,62.50,60.389999,61.599998,8593100,60.838282
2016-01-11,63.669998,63.700001,60.849998,61.470001,9669400,60.709893
2016-01-08,64.330002,64.529999,62.93,63.290001,8278500,62.507387
2016-01-07,65.080002,65.519997,63.66,63.939999,8601500,63.149347
2016-01-06,65.980003,66.849998,65.620003,66.220001,6639300,65.401156
2016-01-05,68.379997,68.440002,66.419998,67.279999,6139100,66.448047
2016-01-04,66.879997,68.080002,65.720001,67.989998,8586900,67.149266
2015-12-31,68.449997,69.099998,67.940002,67.959999,4356400,67.119638
2015-12-30,68.660004,69.629997,68.57,68.690002,3158500,67.840615
2015-12-29,69.220001,69.57,68.620003,69.190002,3539500,68.334432
2015-12-28,69.120003,69.18,68.029999,68.580002,3884000,67.731974
2015-12-24,69.75,69.900002,69.059998,69.379997,2322100,68.522078
2015-12-23,69.589996,70.489998,68.989998,69.889999,7586300,69.025773
2015-12-22,66.25,68.790001,66.110001,68.410004,9697200,67.564078
2015-12-21,65.589996,65.82,64.379997,65.239998,5311500,64.433271
2015-12-18,64.599998,65.870003,64.099998,65.110001,13490900,64.304882
2015-12-17,67.18,67.510002,64.879997,64.900002,6800000,64.097479
2015-12-16,66.220001,67.879997,66.139999,67.720001,6747600,66.882608
2015-12-15,65.459999,66.959999,65.239998,66.75,5989700,65.924602
2015-12-14,65.629997,66.18,64.730003,66.120003,7371100,65.302395
2015-12-11,65.379997,66.099998,64.480003,65.43,7572600,64.620924
2015-12-10,65.980003,67.089996,65.910004,66.379997,5768700,65.559174
2015-12-09,66.300003,67.019997,65.160004,65.910004,8578000,65.094992
2015-12-08,66.989998,67.160004,66.18,66.540001,6866300,65.717199
2015-12-07,68.68,68.730003,67.720001,68.360001,6805900,67.514694
2015-12-04,69.360001,70.029999,68.800003,69.980003,5252000,69.114664
2015-12-03,71.150002,71.220001,69.370003,69.639999,8130800,68.778865
2015-12-02,71.199997,72.129997,70.620003,71.029999,5068200,70.151676
2015-12-01,72.330002,72.639999,70.849998,71.559998,6578400,70.675121
2015-11-30,71.330002,72.790001,71.150002,72.650002,5632900,71.751646
2015-11-27,71.18,71.529999,70.699997,71.220001,1642100,70.339329
2015-11-25,71.739998,71.889999,70.720001,71.489998,3493000,70.605987
2015-11-24,70.779999,71.709999,70.440002,71.400002,3846500,70.517103
2015-11-23,70.980003,71.900002,70.889999,71.019997,3847600,70.141797
2015-11-20,70.480003,71.209999,70.160004,71.139999,6495100,70.260316
2015-11-19,69.50,70.110001,68.599998,70.019997,6296000,69.154163
2015-11-18,69.900002,70.449997,69.379997,70.32,3788300,69.450456
2015-11-17,70.129997,70.360001,69.050003,69.389999,4812000,68.531956
2015-11-16,69.480003,70.620003,69.230003,70.389999,5167600,69.51959
2015-11-13,68.699997,70.129997,68.50,69.629997,6429600,68.768986
2015-11-12,70.82,70.989998,68.410004,68.660004,8731700,67.810987
2015-11-11,72.540001,72.849998,71.82,71.910004,4190700,71.020799
2015-11-10,71.790001,72.580002,71.629997,72.43,4373800,71.534366
2015-11-09,73.43,73.610001,71.480003,71.889999,5914800,71.001042
2015-11-06,73.419998,73.849998,72.330002,73.839996,5538600,72.926926
2015-11-05,74.650002,75.559998,73.209999,74.220001,6238900,73.302232
2015-11-04,75.339996,75.93,74.330002,74.550003,5477800,73.628153
2015-11-03,74.440002,75.32,74.199997,74.75,5006100,73.825677
2015-11-02,73.00,74.639999,72.830002,74.339996,5876500,73.420744
2015-10-30,72.269997,73.279999,71.629997,72.989998,7388700,72.087439
2015-10-29,71.489998,72.57,71.279999,71.970001,4321300,71.080055
2015-10-28,70.75,72.110001,70.480003,71.970001,5486900,71.080055
2015-10-27,70.18,71.080002,68.339996,70.389999,8280500,69.51959
2015-10-26,71.790001,72.300003,71.419998,71.519997,6254500,70.635615
2015-10-23,71.709999,72.43,70.660004,71.75,7942500,70.862774
2015-10-22,67.919998,72.830002,67.809998,70.879997,13909200,70.003529
2015-10-21,70.589996,71.900002,69.580002,69.669998,8679400,68.048017
2015-10-20,68.860001,71.190002,68.510002,70.269997,6385800,68.634047
2015-10-19,69.25,69.470001,68.800003,69.269997,5712000,67.657327
2015-10-16,70.620003,70.830002,69.110001,69.68,7989400,68.057786
2015-10-15,70.470001,70.919998,69.760002,70.830002,4547900,69.181014
2015-10-14,70.110001,71.059998,69.57,70.709999,4042700,69.063805
2015-10-13,69.959999,71.029999,69.260002,70.169998,4724800,68.536376
2015-10-12,71.510002,71.529999,70.32,70.50,4643500,68.858695
2015-10-09,71.839996,72.489998,70.860001,71.300003,5573500,69.640073
2015-10-08,70.32,72.18,69.849998,71.839996,6091600,70.167495
2015-10-07,71.360001,72.709999,69.150002,70.379997,8307700,68.741486
2015-10-06,69.540001,71.150002,69.080002,70.82,9664100,69.171245
2015-10-05,66.690002,69.480003,66.519997,69.18,10661900,67.569426
2015-10-02,63.790001,65.730003,63.099998,65.699997,8782700,64.170441
2015-10-01,65.629997,66.099998,63.610001,64.389999,7933000,62.890941
2015-09-30,64.949997,65.639999,64.150002,65.360001,7850300,63.83836
2015-09-29,63.650002,65.389999,63.599998,64.309998,8784400,62.812802
2015-09-28,64.239998,64.32,62.990002,63.790001,12572000,62.304911
2015-09-25,65.00,65.769997,64.739998,64.980003,12365100,63.467209
2015-09-24,66.199997,66.699997,64.650002,65.800003,22589600,64.268119
2015-09-23,71.669998,71.809998,70.160004,70.199997,4754300,68.565677
2015-09-22,71.120003,71.800003,70.639999,71.68,5717300,70.011224
2015-09-21,72.300003,72.839996,71.910004,72.160004,7594900,70.480052
2015-09-18,73.330002,73.50,71.610001,71.860001,9260100,70.187034
2015-09-17,75.400002,75.68,73.910004,74.059998,7745000,72.335813
2015-09-16,74.849998,75.870003,74.580002,75.639999,5225800,73.879031
2015-09-15,73.019997,74.739998,72.650002,74.580002,5109400,72.843711
2015-09-14,72.349998,72.889999,72.010002,72.769997,4231800,71.075844
2015-09-11,72.230003,72.919998,71.879997,72.629997,4413800,70.939104
2015-09-10,72.889999,73.309998,72.029999,72.419998,6109100,70.733994
2015-09-09,75.00,75.199997,72.779999,72.959999,5859200,71.261423
2015-09-08,74.580002,74.620003,73.559998,74.300003,5647800,72.570231
2015-09-04,73.00,73.660004,72.349998,73.099998,12007300,71.398163
2015-09-03,75.949997,76.010002,73.779999,74.449997,11077100,72.716733
2015-09-02,75.900002,76.160004,74.949997,76.099998,5325900,74.328321
2015-09-01,74.50,75.940002,74.459999,74.900002,9053100,73.156261
2015-08-31,75.32,76.769997,74.900002,76.440002,7019600,74.660409
2015-08-28,75.190002,76.019997,74.629997,75.949997,6649500,74.181811
2015-08-27,75.040001,76.220001,74.230003,75.660004,8537700,73.898569
2015-08-26,73.82,74.080002,72.529999,73.870003,8288100,72.150241
2015-08-25,75.220001,75.489998,72.029999,72.059998,9427200,70.382375
2015-08-24,71.82,74.879997,70.230003,72.82,15209300,71.124683
2015-08-21,75.940002,76.300003,74.959999,75.00,11805500,73.253931
2015-08-20,77.279999,77.830002,76.410004,76.410004,7767300,74.631109
2015-08-19,78.25,78.540001,77.050003,77.410004,5862700,75.607828
2015-08-18,78.510002,79.00,78.18,78.82,5146400,76.984998
2015-08-17,78.129997,78.639999,77.209999,78.540001,5226800,76.711518
2015-08-14,77.660004,78.730003,77.599998,78.489998,3811500,76.662679
2015-08-13,78.550003,78.580002,77.699997,77.760002,5662500,75.949678
2015-08-12,77.309998,79.120003,76.919998,78.919998,7236800,77.082668
2015-08-11,78.730003,78.93,77.230003,78.040001,8992500,76.223158
2015-08-10,78.040001,80.309998,77.900002,80.160004,9041600,78.293805
2015-08-07,77.519997,78.150002,76.940002,77.290001,7851300,75.490619
2015-08-06,76.980003,77.650002,76.18,77.459999,5609500,75.656659
2015-08-05,77.50,77.919998,76.720001,76.879997,4581900,75.09016
2015-08-04,77.330002,77.860001,76.32,76.599998,5822300,74.81668
2015-08-03,78.419998,78.43,76.75,77.260002,6443300,75.461318
2015-07-31,78.599998,79.040001,78.150002,78.629997,6203600,76.799419
2015-07-30,76.980003,78.370003,76.68,78.349998,7386200,76.525939
2015-07-29,77.300003,77.459999,76.510002,77.330002,13794800,75.529688
2015-07-28,75.919998,78.150002,75.790001,77.779999,15699000,75.969209
2015-07-27,75.18,75.720001,74.769997,75.32,10269600,73.566481
2015-07-24,76.910004,77.089996,75.849998,76.099998,9175900,74.328321
2015-07-23,77.699997,79.040001,76.650002,76.879997,13909900,75.09016
2015-07-22,81.00,81.120003,79.150002,79.760002,10180700,77.903116
2015-07-21,81.800003,82.889999,81.25,82.220001,4691900,80.305844
2015-07-20,83.059998,83.290001,82.139999,82.25,4291400,80.335144
2015-07-17,83.550003,83.650002,82.760002,83.160004,2931500,81.223962
2015-07-16,84.75,84.889999,83.410004,83.760002,3686000,81.809992
2015-07-15,84.550003,84.860001,83.75,84.160004,3661700,81.448604
2015-07-14,83.529999,84.68,83.519997,84.459999,3797700,81.738934
2015-07-13,82.870003,84.029999,82.68,83.639999,4228500,80.945352
2015-07-10,82.639999,82.910004,81.870003,82.150002,3495000,79.503358
2015-07-09,83.43,83.699997,81.459999,81.690002,4570700,79.058179
2015-07-08,83.050003,83.230003,81.760002,82.269997,4325100,79.619487
2015-07-07,82.989998,84.120003,81.849998,83.989998,5192000,81.284075
2015-07-06,83.650002,84.150002,82.730003,83.150002,4896600,80.471141
2015-07-02,84.529999,84.779999,83.849998,84.379997,2582200,81.66151
2015-07-01,85.389999,85.449997,83.540001,83.949997,5296200,81.245363
2015-06-30,86.089996,86.25,84.800003,84.82,4077900,82.087336
2015-06-29,86.220001,86.739998,85.099998,85.300003,4747300,82.551875
2015-06-26,86.50,86.949997,85.809998,86.82,4387300,84.022902
2015-06-25,88.220001,88.330002,86.660004,86.720001,3239100,83.926125
2015-06-24,88.790001,88.809998,88.07,88.169998,3413600,85.329407
2015-06-23,88.419998,88.620003,88.010002,88.449997,2539000,85.600385
2015-06-22,87.970001,88.32,87.709999,88.269997,3648600,85.426184
2015-06-19,87.269997,87.959999,87.150002,87.519997,3910900,84.700347
2015-06-18,86.830002,87.739998,86.830002,87.440002,3372600,84.62293
2015-06-17,86.889999,87.550003,86.32,87.25,3402800,84.439049
2015-06-16,86.790001,87.019997,86.239998,86.589996,2895000,83.800309
2015-06-15,87.139999,87.389999,86.349998,87.129997,2721000,84.322912
2015-06-12,87.949997,88.410004,87.57,87.849998,2212800,85.019717
2015-06-11,88.620003,88.760002,87.919998,88.169998,2872900,85.329407
2015-06-10,87.449997,88.709999,87.360001,88.480003,4717100,85.629425
2015-06-09,86.459999,87.620003,86.419998,86.730003,3984900,83.935805
2015-06-08,85.800003,86.480003,85.779999,86.150002,3355800,83.374489
2015-06-05,85.010002,86.50,84.910004,86.050003,3937600,83.277713
2015-06-04,85.50,86.400002,85.32,85.470001,3775200,82.716397
2015-06-03,86.599998,87.059998,85.809998,86.230003,2841800,83.451914
2015-06-02,85.209999,86.68,85.07,86.169998,2817800,83.393842
2015-06-01,86.059998,86.370003,84.699997,85.529999,3976900,82.774461
2015-05-29,85.739998,86.330002,85.110001,85.32,4685700,82.571228
2015-05-28,87.330002,87.449997,85.730003,86.010002,5899100,83.239
2015-05-27,87.989998,88.82,87.650002,87.919998,4517100,85.087462
2015-05-26,88.129997,88.150002,87.290001,87.839996,3149600,85.010037
2015-05-22,89.18,89.50,88.629997,88.629997,3483800,85.774587
2015-05-21,88.230003,89.620003,87.940002,89.330002,8155500,86.452039
2015-05-20,87.629997,88.129997,87.129997,87.93,3841500,85.097141
2015-05-19,87.889999,87.910004,86.510002,87.239998,5676800,84.429369
2015-05-18,88.389999,88.50,87.650002,88.290001,3074400,85.445544
2015-05-15,88.50,88.559998,87.599998,88.43,3205000,85.581033
2015-05-14,88.779999,89.589996,88.650002,88.739998,3228400,85.881043
2015-05-13,88.589996,89.07,88.209999,88.440002,3178300,85.590713
2015-05-12,88.190002,88.339996,87.260002,88.160004,4066400,85.319735
2015-05-11,88.400002,89.440002,88.089996,88.769997,6882600,85.910076
2015-05-08,87.779999,87.839996,86.699997,87.309998,3577100,84.497114
2015-05-07,86.650002,86.879997,85.889999,86.43,3892800,83.645467
2015-05-06,87.75,87.940002,86.419998,86.989998,4464700,84.187423
2015-05-05,87.57,88.220001,86.699997,87.00,4623700,84.197103
2015-05-04,87.730003,87.959999,87.169998,87.300003,2754500,84.487441
2015-05-01,87.690002,88.279999,86.760002,87.370003,4850100,84.555185
2015-04-30,86.849998,87.300003,86.230003,86.879997,5460100,84.080967
2015-04-29,85.690002,87.919998,85.459999,87.50,7021800,84.680995
2015-04-28,85.419998,86.220001,84.50,86.199997,5736500,83.422874
2015-04-27,84.769997,85.940002,84.400002,85.330002,5912000,82.580908
2015-04-24,84.699997,85.169998,84.019997,84.599998,5848100,81.874423
2015-04-23,86.849998,87.50,83.849998,84.790001,18917600,82.058304
2015-04-22,84.129997,84.940002,83.089996,84.870003,6520700,82.135729
2015-04-21,84.660004,84.970001,83.610001,83.919998,5620900,81.21633
2015-04-20,83.959999,84.75,83.879997,84.599998,3914600,81.874423
2015-04-17,83.50,83.589996,82.660004,83.279999,5314000,80.59695
2015-04-16,84.400002,84.900002,84.00,84.339996,5692300,81.622797
2015-04-15,83.290001,85.730003,83.00,85.160004,9643800,81.738942
2015-04-14,82.550003,83.239998,81.540001,83.00,5898700,79.665711
2015-04-13,82.599998,82.610001,81.599998,82.139999,5293900,78.840258
2015-04-10,81.099998,82.800003,80.739998,82.599998,6831900,79.281778
2015-04-09,80.50,81.209999,80.279999,80.68,4291900,77.43891
2015-04-08,80.839996,81.239998,79.919998,80.440002,4196200,77.208554
2015-04-07,81.220001,81.43,80.50,80.540001,3526300,77.304535
2015-04-06,80.349998,82.00,79.980003,81.489998,4495400,78.216369
2015-04-02,79.599998,80.50,79.400002,80.239998,3555300,77.016584
2015-04-01,80.029999,80.519997,79.389999,79.639999,4446200,76.440689
2015-03-31,80.510002,80.650002,79.809998,80.029999,4848600,76.815021
2015-03-30,80.010002,81.519997,80.00,81.370003,4621200,78.101194
2015-03-27,79.459999,79.879997,78.760002,79.669998,6336900,76.469482
2015-03-26,79.639999,80.800003,79.510002,79.879997,4238500,76.671045
2015-03-25,81.029999,81.040001,79.830002,79.860001,4803000,76.651852
2015-03-24,81.150002,81.199997,80.199997,80.480003,3978700,77.246948
2015-03-23,81.190002,81.919998,81.019997,81.089996,4704000,77.832436
2015-03-20,80.620003,81.25,80.190002,81.190002,8216600,77.928425
2015-03-19,80.50,80.50,79.559998,80.089996,5236200,76.872608
2015-03-18,78.25,81.440002,78.25,81.330002,12154300,78.0628
2015-03-17,79.349998,79.349998,78.25,78.449997,6979900,75.298491
2015-03-16,79.57,80.00,79.059998,79.970001,3598500,76.757434
2015-03-13,79.900002,79.910004,78.190002,79.230003,7272700,76.047163
2015-03-12,80.269997,80.480003,79.800003,80.190002,3612500,76.968597
2015-03-11,80.150002,80.150002,79.260002,79.699997,4612200,76.498276
2015-03-10,80.019997,80.760002,79.739998,79.910004,4850500,76.699846
2015-03-09,80.169998,81.339996,80.099998,80.809998,4740500,77.563685
2015-03-06,80.370003,81.209999,79.550003,80.059998,7913800,76.843815
2015-03-05,81.730003,81.730003,80.059998,81.510002,7123500,78.235569
2015-03-04,82.57,82.610001,80.830002,81.730003,6863600,78.446733
2015-03-03,82.709999,83.790001,82.650002,82.839996,4331700,79.512135
2015-03-02,82.900002,83.07,82.239998,83.00,4155000,79.665711
2015-02-27,84.18,84.18,82.889999,82.900002,4370500,79.569729
2015-02-26,85.099998,85.099998,83.559998,83.800003,4457000,80.433576
2015-02-25,84.519997,85.360001,84.169998,85.150002,3449500,81.729342
2015-02-24,83.769997,84.690002,83.599998,84.50,3678700,81.105453
2015-02-23,83.900002,83.980003,83.139999,83.489998,5180000,80.136024
2015-02-20,83.300003,84.620003,82.400002,84.440002,6029400,81.047865
2015-02-19,83.809998,84.00,82.209999,83.300003,5733500,79.953662
2015-02-18,84.919998,85.809998,84.580002,84.800003,3568600,81.393404
2015-02-17,84.860001,85.580002,84.199997,85.379997,3924400,81.950098
2015-02-13,84.110001,85.489998,84.029999,85.129997,5645500,81.710141
2015-02-12,84.080002,84.25,83.309998,83.529999,4623000,80.174418
2015-02-11,83.559998,83.669998,82.239998,83.410004,5722600,80.059244
2015-02-10,85.00,85.00,83.459999,83.900002,6569100,80.529557
2015-02-09,83.050003,84.870003,82.949997,84.669998,7693800,81.268621
2015-02-06,83.599998,84.139999,82.800003,83.209999,5559300,79.867274
2015-02-05,82.400002,83.629997,81.870003,83.57,6640200,80.212812
2015-02-04,82.779999,83.32,81.660004,81.949997,8806500,78.657889
2015-02-03,81.220001,84.110001,81.150002,83.919998,10895300,80.548751
2015-02-02,80.080002,80.879997,79.489998,80.839996,7149000,77.592479
2015-01-30,79.510002,80.82,79.419998,79.970001,8150700,76.757434
2015-01-29,79.910004,80.18,78.809998,80.00,9157000,76.786227
2015-01-28,80.400002,81.199997,79.959999,80.010002,14269300,76.795828
2015-01-27,79.739998,81.349998,79.099998,79.849998,27489500,76.642252
2015-01-26,85.360001,86.260002,84.900002,86.029999,8140500,82.573988
2015-01-23,86.790001,87.00,85.199997,85.610001,5027500,82.170862
2015-01-22,86.050003,87.360001,85.43,86.82,5567800,83.332253
2015-01-21,83.589996,85.400002,83.589996,85.370003,6613100,81.940505
2015-01-20,84.419998,84.50,83.190002,83.970001,5937300,80.596745
2015-01-16,84.239998,84.32,83.050003,83.860001,10424800,80.491163
2015-01-15,85.370003,86.169998,84.300003,84.32,6683900,80.932683
2015-01-14,84.889999,86.220001,84.269997,86.07,10366700,81.940499
2015-01-13,87.68,87.900002,85.199997,86.370003,5070400,82.226108
2015-01-12,87.730003,87.769997,86.07,86.889999,4351600,82.721156
2015-01-09,88.760002,88.889999,87.019997,87.650002,4852200,83.444695
2015-01-08,89.18,89.279999,87.839996,88.709999,7617800,84.453835
2015-01-07,87.370003,88.139999,86.419998,87.809998,6511100,83.597014
2015-01-06,87.279999,87.68,85.169998,86.470001,8660600,82.321309
2015-01-05,90.349998,90.419998,86.599998,87.029999,11301400,82.854439
2015-01-02,91.769997,92.370003,90.660004,91.879997,3767900,87.471742
2014-12-31,92.889999,93.57,91.449997,91.529999,3251100,87.138536
2014-12-30,93.599998,93.629997,92.510002,92.589996,3197400,88.147676
2014-12-29,94.199997,94.279999,93.589996,93.709999,2390500,89.213943
2014-12-26,93.949997,94.660004,93.720001,94.230003,3120000,89.708998
2014-12-24,93.639999,93.980003,93.269997,93.720001,1654200,89.223465
2014-12-23,92.989998,93.940002,92.650002,93.50,3554200,89.014019
2014-12-22,92.459999,92.809998,91.849998,92.32,4577200,87.890634
2014-12-19,91.580002,91.980003,90.879997,91.709999,9689200,87.3099
2014-12-18,91.889999,91.889999,90.550003,91.690002,8344400,87.290863
2014-12-17,89.400002,90.139999,88.029999,89.75,8671600,85.443938
2014-12-16,89.230003,92.25,89.150002,89.339996,7649500,85.053606
2014-12-15,91.25,91.290001,89.389999,89.75,6924100,85.443938
2014-12-12,92.00,92.00,89.959999,90.50,10327200,86.157955
2014-12-11,93.68,94.290001,92.529999,92.690002,4664900,88.242884
2014-12-10,94.910004,95.019997,92.75,93.019997,6749600,88.557046
2014-12-09,94.169998,96.169998,93.800003,95.449997,6562900,90.870459
2014-12-08,98.660004,98.760002,95.199997,95.25,7192100,90.680057
2014-12-05,99.809998,99.959999,98.709999,98.779999,3605000,94.040692
2014-12-04,99.690002,100.870003,99.510002,99.669998,3390100,94.887991
2014-12-03,100.040001,101.459999,99.959999,100.18,6930700,95.373524
2014-12-02,99.480003,99.959999,98.720001,99.510002,3899200,94.735671
2014-12-01,100.239998,100.470001,97.790001,99.00,7431800,94.250138
2014-11-28,104.389999,104.610001,100.120003,100.599998,5780900,95.773371
2014-11-26,106.290001,106.440002,105.449997,105.790001,2463800,100.714366
2014-11-25,106.099998,106.629997,105.330002,106.239998,3321500,101.142773
2014-11-24,106.400002,106.470001,105.099998,105.959999,4108600,100.876208
2014-11-21,104.300003,107.120003,104.199997,106.449997,8737800,101.342696
2014-11-20,100.330002,102.139999,100.07,102.089996,3052500,97.191882
2014-11-19,101.860001,102.300003,100.889999,101.300003,4679100,96.439791
2014-11-18,101.699997,102.449997,101.309998,102.040001,2761200,97.144285
2014-11-17,101.25,102.080002,100.449997,101.699997,2477000,96.820594
2014-11-14,101.00,101.699997,100.650002,101.339996,2660400,96.477865
2014-11-13,103.059998,103.18,100.68,101.110001,3924100,96.258904
2014-11-12,102.169998,103.220001,101.519997,102.989998,2805400,98.048702
2014-11-11,102.309998,102.800003,101.599998,102.529999,2464400,97.610773
2014-11-10,101.860001,102.550003,101.860001,102.209999,3308100,97.306127
2014-11-07,101.260002,101.830002,100.900002,101.760002,2708200,96.87772
2014-11-06,99.510002,100.989998,99.239998,100.910004,3427700,96.068503
2014-11-05,99.449997,99.639999,98.449997,99.410004,3515600,94.640471
2014-11-04,99.75,100.00,98.040001,98.610001,4849000,93.87885
2014-11-03,101.610001,101.760002,99.769997,100.220001,4434300,95.411606
2014-10-31,101.349998,102.370003,100.839996,101.410004,5367700,96.544514
2014-10-30,99.629997,100.580002,99.059998,100.160004,2648300,95.354487
2014-10-29,101.529999,101.839996,99.839996,100.190002,4426400,95.383046
2014-10-28,99.440002,101.160004,99.029999,101.160004,5053400,96.306508
2014-10-27,98.68,98.769997,97.150002,98.540001,4346100,93.812209
2014-10-24,99.510002,99.68,98.370003,99.440002,4133800,94.66903
2014-10-23,97.599998,99.940002,97.339996,99.269997,11670100,94.507181
2014-10-22,95.529999,95.980003,94.050003,94.57,6211300,90.032682
2014-10-21,95.040001,96.32,95.040001,95.889999,3990500,91.289351
2014-10-20,94.529999,95.300003,93.269997,94.029999,4270800,89.51859
2014-10-17,94.199997,95.599998,93.980003,95.050003,7442600,90.489656
2014-10-16,90.269997,94.150002,90.269997,93.239998,7439400,88.766492
2014-10-15,91.43,92.75,90.050003,92.589996,9377600,87.481265
2014-10-14,92.510002,95.010002,92.389999,92.800003,6791300,87.679685
2014-10-13,93.290001,94.059998,91.620003,91.68,5852400,86.621479
2014-10-10,93.239998,94.57,91.610001,93.129997,6179100,87.991471
2014-10-09,96.209999,96.519997,93.239998,93.50,6414500,88.341059
2014-10-08,94.580002,96.860001,93.639999,96.650002,6214200,91.317256
2014-10-07,97.089996,97.510002,94.690002,94.699997,6479500,89.474845
2014-10-06,97.809998,98.129997,96.910004,98.00,3982400,92.592768
2014-10-03,98.040001,98.339996,97.029999,97.389999,3921900,92.016424
2014-10-02,97.650002,97.980003,96.150002,97.410004,4460800,92.035325
2014-10-01,98.639999,99.00,97.269997,97.610001,4827300,92.224287
2014-09-30,100.029999,100.099998,98.800003,99.029999,3746100,93.565935
2014-09-29,99.349998,100.099998,98.260002,99.830002,3156400,94.321798
2014-09-26,99.440002,100.639999,99.239998,100.379997,2935900,94.841446
2014-09-25,101.00,101.199997,99.190002,99.510002,4960800,94.019454
2014-09-24,100.040001,101.489998,99.889999,101.199997,5797000,95.616202
2014-09-23,100.860001,101.089996,99.879997,99.989998,5710300,94.472966
2014-09-22,102.099998,102.260002,100.82,100.900002,5093200,95.332759
2014-09-19,104.849998,105.00,102.080002,102.510002,8285400,96.853927
2014-09-18,104.300003,104.550003,103.400002,104.339996,3915800,98.582949
2014-09-17,105.18,105.410004,103.879997,103.989998,5122200,98.252262
2014-09-16,104.209999,105.830002,103.769997,104.860001,5289700,99.074262
2014-09-15,104.32,104.900002,103.220001,104.860001,7051900,99.074262
2014-09-12,104.970001,105.089996,104.400002,105.019997,6904200,99.22543
2014-09-11,105.660004,105.660004,104.589996,105.589996,5460100,99.76398
2014-09-10,105.610001,106.120003,105.379997,105.93,8154700,100.085223
2014-09-09,107.82,108.199997,107.190002,107.400002,3578500,101.474116
2014-09-08,108.230003,108.459999,107.519997,107.910004,3496900,101.955978
2014-09-05,109.00,109.18,108.190002,108.540001,4305000,102.551215
2014-09-04,108.300003,109.489998,108.160004,108.82,4604000,102.815765
2014-09-03,109.449997,109.660004,108.050003,108.459999,4669000,102.475627
2014-09-02,109.029999,109.730003,108.830002,108.919998,4040200,102.910246
2014-08-29,108.900002,109.099998,108.25,109.07,4437200,103.051971
2014-08-28,108.019997,108.82,107.800003,108.650002,3227800,102.655146
2014-08-27,108.129997,108.919998,108.080002,108.550003,3281900,102.560665
2014-08-26,108.050003,108.639999,107.980003,108.059998,2865800,102.097696
2014-08-25,107.959999,108.330002,107.730003,107.970001,3014100,102.012666
2014-08-22,107.580002,107.82,106.540001,107.309998,4603700,101.389078
2014-08-21,108.169998,108.57,107.540001,107.970001,4118100,102.012666
2014-08-20,107.389999,108.150002,107.199997,107.699997,5341600,101.757559
2014-08-19,107.260002,107.699997,106.870003,107.300003,3639200,101.379635
2014-08-18,106.690002,107.099998,106.279999,106.980003,3478600,101.077292
2014-08-15,106.010002,106.419998,105.129997,105.739998,4099200,99.905705
2014-08-14,105.510002,106.00,104.989998,105.660004,4178800,99.830124
2014-08-13,104.330002,105.50,104.330002,105.160004,4664900,99.357712
2014-08-12,104.589996,105.160004,104.129997,104.330002,4200900,98.573506
2014-08-11,104.610001,104.849998,103.93,104.50,5197900,98.734125
2014-08-08,102.010002,103.440002,101.779999,103.279999,4690200,97.581438
2014-08-07,102.660004,103.470001,101.879997,101.940002,5752800,96.315377
2014-08-06,100.760002,101.849998,100.610001,101.489998,5526900,95.890202
2014-08-05,101.110001,102.470001,100.940002,101.50,5685400,95.899652
2014-08-04,100.360001,102.050003,100.099998,101.809998,5183900,96.192545
2014-08-01,100.519997,100.849998,99.110001,100.519997,6011900,94.973721
2014-07-31,102.239998,102.690002,100.739998,100.75,6711400,95.191034
2014-07-30,105.080002,105.32,103.029999,103.379997,5856900,97.675919
2014-07-29,105.00,106.440002,104.690002,104.690002,7947100,98.913644
2014-07-28,104.779999,104.900002,103.169998,104.150002,4474300,98.403438
2014-07-25,104.139999,105.349998,104.099998,104.849998,4126200,99.064812
2014-07-24,105.599998,106.230003,104.089996,105.040001,8690300,99.244331
2014-07-23,109.790001,109.980003,108.209999,108.379997,4471400,102.40004
2014-07-22,110.839996,111.279999,109.800003,110.059998,2879400,103.987345
2014-07-21,110.00,110.550003,109.449997,110.230003,2075900,104.14797
2014-07-18,109.43,110.169998,109.050003,110.169998,2424900,104.091276
2014-07-17,110.400002,110.669998,108.93,109.07,3164700,103.051971
2014-07-16,110.18,111.459999,109.919998,111.400002,3974100,104.592033
2014-07-15,110.25,110.419998,109.400002,109.849998,3212900,103.136755
2014-07-14,110.43,111.040001,110.089996,110.089996,2375100,103.362086
2014-07-11,109.50,109.989998,108.650002,109.959999,1992300,103.240033
2014-07-10,108.139999,109.57,107.800003,109.360001,2303600,102.676702
2014-07-09,109.790001,110.290001,109.419998,110.139999,2270600,103.409033
2014-07-08,110.209999,110.379997,109.400002,109.459999,2450600,102.77059
2014-07-07,110.18,110.449997,109.57,110.160004,2697100,103.427815
2014-07-03,109.900002,111.160004,109.690002,111.080002,2876200,104.29159
2014-07-02,109.32,109.949997,109.300003,109.559998,1849000,102.864477
2014-07-01,109.080002,109.75,109.010002,109.169998,2346300,102.498312
2014-06-30,108.68,109.029999,107.970001,108.669998,2249200,102.028868
2014-06-27,108.339996,108.879997,107.730003,108.779999,3632100,102.132146
2014-06-26,108.550003,108.800003,107.849998,108.519997,1522900,101.888034
2014-06-25,107.480003,108.879997,107.349998,108.440002,2176200,101.812928
2014-06-24,108.559998,109.339996,107.00,107.809998,2864200,101.221424
2014-06-23,109.25,109.849998,108.290001,108.779999,2839500,102.132146
2014-06-20,108.050003,109.529999,107.639999,109.379997,7762900,102.695477
2014-06-19,106.989998,107.419998,106.690002,107.25,2592400,100.69565
2014-06-18,106.629997,107.599998,106.050003,107.480003,2218700,100.911597
2014-06-17,106.510002,107.00,106.00,106.669998,2138400,100.151094
2014-06-16,106.50,106.879997,105.730003,106.809998,2137200,100.282537
2014-06-13,106.550003,107.230003,106.07,106.769997,2009100,100.244981
2014-06-12,108.470001,108.50,106.440002,106.650002,3408600,100.132319
2014-06-11,108.93,108.980003,108.330002,108.690002,2738800,102.04765
2014-06-10,108.50,109.50,108.400002,109.309998,4752700,102.629755
2014-06-09,107.739998,109.300003,107.660004,108.75,3900400,102.103981
2014-06-06,107.080002,108.360001,106.980003,108.18,4299600,101.568815
2014-06-05,104.800003,107.120003,104.769997,106.959999,5389200,100.423372
2014-06-04,104.419998,105.099998,104.07,104.309998,2879900,97.935319
2014-06-03,103.419998,104.57,103.050003,104.489998,3643600,98.104319
2014-06-02,102.419998,103.940002,102.010002,103.760002,3747000,97.418936
2014-05-30,102.900002,102.980003,101.550003,102.230003,5939300,95.982439
2014-05-29,103.279999,103.669998,102.559998,103.599998,3071200,97.26871
2014-05-28,103.529999,103.860001,102.849998,102.910004,3353300,96.620883
2014-05-27,104.199997,104.480003,103.459999,103.68,3443400,97.343823
2014-05-23,103.150002,104.150002,103.150002,104.029999,2888600,97.672432
2014-05-22,102.900002,103.879997,102.510002,103.080002,3112300,96.780492
2014-05-21,101.480003,103.00,101.480003,102.879997,5460200,96.59271
2014-05-20,104.790001,104.809998,100.720001,101.559998,9277600,95.35338
2014-05-19,105.419998,105.529999,104.720001,105.389999,3924300,98.949319
2014-05-16,105.050003,106.050003,104.169998,106.029999,4403300,99.550206
2014-05-15,106.489998,106.739998,104.040001,104.989998,5151000,98.573763
2014-05-14,106.849998,107.040001,106.300003,106.529999,3082300,100.01965
2014-05-13,106.50,108.209999,105.82,107.150002,3951500,100.601763
2014-05-12,105.709999,106.50,105.650002,106.199997,3664200,99.709816
2014-05-09,104.959999,105.300003,104.300003,105.059998,2761800,98.639485
2014-05-08,104.550003,105.019997,104.150002,104.940002,3118400,98.526823
2014-05-07,104.099998,104.660004,103.43,104.620003,3399800,98.226379
2014-05-06,104.209999,104.470001,103.599998,103.870003,2836300,97.522214
2014-05-05,104.660004,104.800003,103.809998,104.519997,3166400,98.132485
2014-05-02,104.93,105.580002,104.730003,105.010002,2677000,98.592545
2014-05-01,105.199997,105.790001,104.629997,105.07,2970800,98.648876
2014-04-30,105.230003,106.239998,104.989998,105.400002,5199300,98.95871
2014-04-29,104.790001,105.50,103.830002,105.300003,4975800,98.864823
2014-04-28,104.989998,105.419998,103.25,104.260002,4036200,97.888379
2014-04-25,105.029999,105.279999,103.290001,104.690002,5731800,98.292101
2014-04-24,106.019997,107.400002,104.790001,105.279999,8849200,98.846041
2014-04-23,103.559998,104.620003,103.18,103.379997,6427400,97.062154
2014-04-22,102.779999,104.139999,102.760002,103.690002,4528500,97.353214
2014-04-21,102.900002,102.980003,101.550003,102.639999,3821400,96.367379
2014-04-17,103.050003,103.440002,102.599998,102.830002,3556800,96.54577
2014-04-16,102.620003,103.150002,102.209999,102.93,3801400,96.639658
2014-04-15,102.629997,103.089996,101.260002,102.50,6317900,95.672605
2014-04-14,102.18,102.830002,100.949997,102.779999,4114100,95.933954
2014-04-11,101.099998,102.099998,100.970001,101.449997,5363900,94.692542
2014-04-10,102.910004,103.720001,101.989998,102.260002,4538900,95.448594
2014-04-09,102.650002,103.199997,101.849998,102.989998,4062000,96.129965
2014-04-08,100.980003,103.25,100.959999,102.389999,6626900,95.569932
2014-04-07,101.610001,102.07,100.410004,101.110001,5215100,94.375192
2014-04-04,102.889999,103.379997,101.910004,102.169998,4889200,95.364585
2014-04-03,101.919998,103.199997,101.610001,102.550003,8230200,95.719278
2014-04-02,100.040001,102.760002,99.879997,102.629997,9358300,95.793944
2014-04-01,98.940002,100.080002,98.940002,99.809998,4814300,93.161781
2014-03-31,100.00,100.629997,99.050003,99.370003,5772600,92.751093
2014-03-28,98.910004,99.620003,98.779999,99.389999,5821500,92.769758
2014-03-27,97.82,98.889999,97.290001,98.449997,4947700,91.892368
2014-03-26,99.279999,99.599998,97.800003,97.800003,5610200,91.285669
2014-03-25,97.360001,99.339996,97.150002,98.589996,9070400,92.023042
2014-03-24,97.599998,97.599998,96.419998,96.849998,4808600,90.398943
2014-03-21,97.07,97.629997,96.669998,97.389999,8339700,90.902976
2014-03-20,95.709999,96.239998,95.099998,96.209999,4396000,89.801574
2014-03-19,96.089996,96.720001,95.25,96.040001,5109200,89.642899
2014-03-18,96.120003,96.650002,95.699997,96.410004,4921300,89.988256
2014-03-17,95.989998,96.449997,95.550003,95.669998,4697200,89.297541
2014-03-14,95.449997,96.25,95.199997,95.389999,5002000,89.036193
2014-03-13,97.199997,97.730003,95.059998,95.610001,8434600,89.24154
2014-03-12,96.300003,97.239998,96.300003,96.82,4448600,90.370943
2014-03-11,97.089996,97.910004,96.620003,96.839996,5731200,90.389607
2014-03-10,96.639999,96.800003,95.860001,96.75,4640300,90.305606
2014-03-07,97.779999,97.870003,96.50,97.050003,5259200,90.585626
2014-03-06,96.949997,98.150002,96.660004,97.599998,6714300,91.098987
2014-03-05,96.540001,96.900002,95.879997,96.370003,5384800,89.95092
2014-03-04,97.199997,97.459999,96.559998,97.019997,6261300,90.557618
2014-03-03,96.32,96.669998,95.599998,96.309998,4859200,89.894911
2014-02-28,96.629997,97.519997,96.300003,96.970001,5411100,90.510953
2014-02-27,97.209999,97.639999,96.519997,96.699997,4337700,90.258933
2014-02-26,96.660004,97.910004,96.339996,97.199997,4753900,90.725629
2014-02-25,96.839996,96.980003,95.82,96.410004,5989200,89.988256
2014-02-24,97.550003,98.239998,97.18,97.32,4887800,90.837638
2014-02-21,97.110001,97.949997,96.919998,97.50,5554600,91.005649
2014-02-20,96.510002,97.519997,95.300003,96.919998,7718400,90.46428
2014-02-19,96.190002,97.669998,96.110001,96.209999,5865200,89.801574
2014-02-18,95.849998,96.940002,95.849998,96.559998,4871700,90.128259
2014-02-14,95.860001,96.68,95.839996,96.550003,4145300,90.11893
2014-02-13,95.290001,96.410004,95.110001,96.110001,4387000,89.708236
2014-02-12,95.309998,96.639999,95.169998,96.169998,8002000,89.764237
2014-02-11,94.620003,95.339996,94.279999,94.959999,6006100,88.634834
2014-02-10,94.970001,94.980003,93.629997,94.50,5933400,88.205475
2014-02-07,94.169998,95.239998,93.879997,94.870003,9140200,88.550833
2014-02-06,91.940002,94.230003,91.790001,93.830002,6844200,87.580105
2014-02-05,92.239998,92.510002,91.059998,91.959999,5134500,85.834661
2014-02-04,92.480003,92.650002,91.489998,92.50,6839700,86.338693
2014-02-03,93.739998,93.940002,91.949997,92.419998,9084100,86.26402
2014-01-31,92.160004,94.690002,92.010002,93.910004,9697300,87.654778
2014-01-30,91.529999,93.849998,90.730003,93.199997,14764700,86.992064
2014-01-29,91.309998,91.959999,90.290001,90.620003,8145900,84.58392
2014-01-28,91.400002,92.669998,91.349998,92.470001,9409600,86.310692
2014-01-27,91.769997,92.309998,89.07,91.290001,22202300,85.20929
2014-01-24,87.980003,87.989998,85.879997,86.169998,8087400,80.430324
2014-01-23,88.699997,89.080002,88.050003,88.480003,5014800,82.586463
2014-01-22,90.589996,90.82,89.349998,89.639999,4787300,83.669193
2014-01-21,91.599998,91.849998,89.639999,90.599998,5544900,84.565248
2014-01-17,92.150002,92.260002,91.010002,91.440002,6833400,85.3493
2014-01-16,91.889999,92.860001,91.699997,92.010002,4771000,85.881333
2014-01-15,90.879997,93.199997,90.879997,92.410004,10121900,85.694653
2014-01-14,89.860001,90.709999,89.860001,90.559998,3712100,83.979085
2014-01-13,90.260002,91.260002,89.82,89.889999,5213600,83.357775
2014-01-10,89.410004,90.599998,89.290001,90.510002,5416000,83.932723
2014-01-09,89.260002,89.800003,88.690002,89.709999,4466400,83.190855
2014-01-08,88.779999,89.82,88.669998,89.139999,4421600,82.662277
2014-01-07,88.769997,89.230003,88.75,88.93,3512100,82.467538
2014-01-06,90.190002,90.300003,88.379997,88.639999,5233900,82.198611
2014-01-03,90.00,90.25,89.589996,89.82,3722000,83.292862
2014-01-02,90.410004,90.449997,89.330002,89.870003,4898000,83.339232
2013-12-31,91.00,91.18,90.459999,90.809998,3098900,84.210918
2013-12-30,90.849998,91.029999,90.279999,90.870003,2625000,84.266562
2013-12-27,91.139999,91.43,90.559998,90.870003,3373800,84.266562
2013-12-26,90.989998,91.669998,90.699997,91.150002,4790800,84.526214
2013-12-24,90.00,90.980003,89.989998,90.910004,2675700,84.303657
2013-12-23,89.309998,90.07,89.269997,89.959999,5733300,83.422688
2013-12-20,87.849998,89.110001,87.809998,88.93,7389700,82.467538
2013-12-19,87.50,87.839996,87.260002,87.540001,4299700,81.178549
2013-12-18,87.010002,88.459999,86.650002,88.169998,6963200,81.762765
2013-12-17,87.220001,87.650002,86.379997,86.919998,4764400,80.603601
2013-12-16,86.50,87.849998,86.440002,87.379997,6976200,81.030172
2013-12-13,85.669998,86.230003,85.57,86.050003,4226200,79.796828
2013-12-12,85.370003,85.699997,84.839996,85.57,4551700,79.351706
2013-12-11,86.029999,86.220001,85.120003,85.279999,5624100,79.082779
2013-12-10,85.970001,86.870003,85.919998,86.419998,4987000,80.139936
2013-12-09,85.699997,86.529999,85.559998,86.089996,6023400,79.833915
2013-12-06,85.059998,85.580002,84.93,85.50,5759300,79.286793
2013-12-05,83.919998,84.580002,83.699997,84.410004,5291900,78.276006
2013-12-04,83.75,84.379997,83.110001,83.970001,5246700,77.867978
2013-12-03,83.800003,83.949997,83.269997,83.870003,3924300,77.775246
2013-12-02,84.699997,85.089996,84.029999,84.25,4834700,78.127629
2013-11-29,84.639999,85.18,84.529999,84.599998,2284400,78.452194
2013-11-27,84.43,84.93,84.330002,84.669998,3053600,78.517107
2013-11-26,84.800003,84.830002,84.010002,84.360001,3834900,78.229636
2013-11-25,84.400002,84.940002,83.870003,84.400002,8111400,78.26673
2013-11-22,82.220001,82.949997,82.00,82.879997,4403800,76.857183
2013-11-21,83.050003,83.089996,81.870003,82.120003,6208500,76.152417
2013-11-20,83.18,83.709999,82.459999,82.68,7443000,76.67172
2013-11-19,84.110001,84.50,83.480003,83.669998,5010300,77.589776
2013-11-18,84.050003,84.970001,83.739998,84.040001,4803100,77.932891
2013-11-15,84.00,84.110001,83.50,83.739998,4743900,77.654689
2013-11-14,84.00,84.199997,83.559998,83.760002,4496300,77.673239
2013-11-13,83.459999,84.25,83.00,84.199997,3952800,78.08126
2013-11-12,83.980003,84.279999,83.540001,83.849998,3483000,77.756695
2013-11-11,84.190002,84.470001,83.82,84.150002,2522500,78.034898
2013-11-08,83.519997,84.32,83.50,84.239998,4557300,78.118354
2013-11-07,83.949997,84.43,83.50,83.650002,5431600,77.571232
2013-11-06,84.300003,84.360001,83.849998,84.220001,3664100,78.09981
2013-11-05,83.610001,84.190002,83.360001,84.050003,4010900,77.942166
2013-11-04,83.809998,83.989998,83.449997,83.889999,3892500,77.79379
2013-11-01,83.779999,83.800003,82.800003,83.589996,5880200,77.515587
2013-10-31,83.440002,84.269997,83.360001,83.360001,4651300,77.302305
2013-10-30,84.169998,84.349998,83.209999,83.489998,4657000,77.422856
2013-10-29,83.910004,84.099998,83.290001,84.07,5324100,77.960709
2013-10-28,84.50,84.730003,84.150002,84.279999,3979200,78.155448
2013-10-25,84.32,84.779999,83.610001,84.769997,4886400,78.609838
2013-10-24,83.32,85.00,83.129997,84.529999,8368700,78.387281
2013-10-23,84.150002,84.650002,83.050003,83.760002,20968800,77.673239
2013-10-22,87.879997,89.169998,87.540001,89.169998,9152900,82.690096
2013-10-21,87.720001,87.800003,87.190002,87.699997,3883500,81.326918
2013-10-18,86.309998,87.760002,86.269997,87.339996,6752700,80.993078
2013-10-17,85.330002,85.989998,84.949997,85.849998,3850700,79.611357
2013-10-16,86.059998,86.489998,85.599998,86.269997,3549500,79.44444
2013-10-15,86.239998,86.75,85.690002,85.75,4896500,78.965584
2013-10-14,85.059998,86.419998,84.860001,86.239998,4689600,79.416814
2013-10-11,84.639999,85.849998,84.349998,85.610001,4110300,78.836662
2013-10-10,84.440002,84.949997,84.07,84.730003,4317100,78.026288
2013-10-09,83.050003,83.889999,82.449997,83.519997,4577500,76.912016
2013-10-08,83.540001,83.889999,82.629997,82.849998,5671300,76.295027
2013-10-07,83.459999,84.160004,83.300003,83.529999,3364300,76.921226
2013-10-04,83.970001,84.349998,83.540001,84.199997,3212000,77.538215
2013-10-03,83.889999,84.269997,83.419998,83.970001,4223500,77.326416
2013-10-02,83.519997,84.25,83.330002,84.07,3324900,77.418503
2013-10-01,83.559998,84.300003,83.080002,83.760002,3866000,77.133032
2013-09-30,82.949997,83.830002,82.830002,83.400002,5401500,76.801514
2013-09-27,83.620003,83.919998,83.379997,83.800003,3017600,77.169868
2013-09-26,84.589996,84.849998,83.900002,84.199997,3475100,77.538215
2013-09-25,85.139999,85.550003,84.43,84.50,3824700,77.814483
2013-09-24,85.129997,85.440002,84.529999,85.110001,3720900,78.376221
2013-09-23,85.00,85.389999,84.379997,85.029999,6048400,78.302549
2013-09-20,87.610001,87.650002,84.75,84.75,13435200,78.044703
2013-09-19,88.040001,88.25,87.309998,87.75,4765200,80.807347
2013-09-18,86.309998,88.010002,86.199997,87.839996,5564700,80.890223
2013-09-17,87.360001,87.449997,86.669998,87.07,3415400,80.181148
2013-09-16,87.959999,88.220001,87.029999,87.18,4866600,80.282445
2013-09-13,87.099998,87.199997,86.379997,87.010002,3276000,80.125897
2013-09-12,86.940002,87.220001,86.620003,86.839996,3980600,79.969342
2013-09-11,86.50,87.129997,86.260002,87.129997,4382900,80.236398
2013-09-10,86.809998,86.889999,86.18,86.610001,6298400,79.757543
2013-09-09,84.040001,86.029999,84.019997,85.589996,6702200,78.81824
2013-09-06,83.220001,84.220001,82.400002,83.389999,5566500,76.792304
2013-09-05,83.370003,83.519997,82.709999,82.949997,3728400,76.387113
2013-09-04,82.75,83.739998,82.300003,83.540001,4482200,76.930437
2013-09-03,83.150002,83.540001,81.720001,82.510002,7544200,75.98193
2013-08-30,82.589996,82.760002,82.209999,82.540001,4425700,76.009556
2013-08-29,82.50,83.059998,82.019997,82.529999,3706400,76.000345
2013-08-28,81.809998,82.660004,81.459999,82.449997,6762900,75.926673
2013-08-27,82.879997,83.540001,82.480003,82.699997,5569900,76.156893
2013-08-26,83.980003,84.779999,83.519997,83.559998,4123300,76.948852
2013-08-23,84.379997,84.400002,83.400002,83.889999,4487200,77.252744
2013-08-22,83.309998,84.489998,83.059998,84.169998,4739900,77.51059
2013-08-21,83.519997,83.849998,82.830002,82.940002,5562600,76.37791
2013-08-20,83.800003,84.459999,83.269997,83.860001,4690000,77.225119
2013-08-19,85.150002,85.50,83.949997,84.199997,3766000,77.538215
2013-08-16,85.849998,86.400002,85.139999,85.160004,4706500,78.422268
2013-08-15,84.959999,86.529999,84.879997,85.860001,5138900,79.066882
2013-08-14,86.860001,87.00,85.709999,85.82,4462900,79.030046
2013-08-13,86.620003,87.43,86.449997,86.57,6710300,79.720707
2013-08-12,84.190002,86.449997,84.059998,86.32,8608300,79.490486
2013-08-09,83.800003,84.790001,83.50,84.510002,5478600,77.823693
2013-08-08,82.949997,84.589996,82.919998,83.959999,6400600,77.317206
2013-08-07,82.379997,82.769997,81.800003,82.43,4292400,75.908258
2013-08-06,83.309998,83.32,82.150002,82.529999,7223600,76.000345
2013-08-05,84.110001,84.290001,83.50,83.559998,3758400,76.948852
2013-08-02,84.290001,84.68,83.50,84.300003,4864700,77.630309
2013-08-01,83.620003,84.809998,83.110001,84.440002,6570400,77.759232
2013-07-31,83.580002,83.900002,82.839996,82.910004,7012900,76.350284
2013-07-30,83.470001,83.75,82.660004,83.190002,5266000,76.60813
2013-07-29,82.419998,83.349998,82.00,83.019997,9068800,76.451575
2013-07-26,81.879997,82.080002,81.43,82.059998,5727000,75.56753
2013-07-25,82.050003,82.580002,81.349998,82.139999,9941300,75.641202
2013-07-24,84.580002,85.279999,82.639999,83.440002,16602100,76.83835
2013-07-23,85.489998,86.379997,85.120003,85.519997,6891800,78.753779
2013-07-22,85.379997,86.550003,85.379997,86.00,4835000,79.195805
2013-07-19,85.449997,85.889999,85.150002,85.650002,5086200,78.873498
2013-07-18,85.879997,86.599998,85.419998,85.720001,7045900,78.937959
2013-07-17,88.449997,89.00,85.879997,86.669998,15077400,79.260261
2013-07-16,87.720001,88.529999,87.419998,88.169998,5432100,80.63202
2013-07-15,87.239998,88.029999,87.190002,87.400002,4161800,79.927853
2013-07-12,86.629997,87.269997,86.540001,87.169998,4876100,79.717514
2013-07-11,86.459999,86.889999,86.099998,86.699997,5434500,79.287695
2013-07-10,85.419998,85.769997,84.790001,84.959999,4216800,77.696456
2013-07-09,84.07,86.25,83.720001,85.330002,7882100,78.034826
2013-07-08,82.400002,83.199997,82.25,83.199997,4879100,76.086923
2013-07-05,82.529999,82.629997,81.400002,82.139999,4819500,75.117548
2013-07-03,82.150002,82.50,81.559998,81.849998,2928200,74.852341
2013-07-02,82.769997,83.589996,82.040001,82.480003,3659900,75.428484
2013-07-01,83.040001,83.25,82.269997,82.720001,4676300,75.647964
2013-06-28,82.760002,83.190002,82.309998,82.489998,8448800,75.437624
2013-06-27,82.550003,83.169998,82.550003,82.959999,4658000,75.867443
2013-06-26,82.919998,83.43,81.699997,82.099998,6950600,75.080967
2013-06-25,82.339996,82.68,81.970001,82.330002,6249000,75.291307
2013-06-24,82.059998,82.25,80.860001,81.519997,7525600,74.550552
2013-06-21,84.019997,84.019997,81.93,83.120003,9736500,76.013768
2013-06-20,83.190002,83.68,82.349998,83.199997,7628100,76.086923
2013-06-19,84.50,85.290001,84.25,84.25,4711700,77.047157
2013-06-18,84.089996,84.870003,83.959999,84.550003,3723900,77.321512
2013-06-17,83.550003,84.43,83.419998,83.919998,4389500,76.745368
2013-06-14,85.010002,85.139999,83.400002,83.870003,5147500,76.699647
2013-06-13,83.32,85.279999,83.190002,85.139999,6352100,77.861067
2013-06-12,84.169998,84.379997,83.010002,83.209999,4748100,76.09607
2013-06-11,83.029999,83.970001,82.629997,83.519997,5275900,76.379564
2013-06-10,84.709999,84.769997,83.629997,83.800003,4965200,76.635632
2013-06-07,84.650002,85.370003,83.639999,84.650002,5474100,77.412961
2013-06-06,84.300003,84.309998,83.300003,84.00,7009400,76.818531
2013-06-05,85.470001,85.730003,84.230003,84.419998,7359000,77.202622
2013-06-04,85.949997,86.470001,85.440002,85.919998,5105500,78.574381
2013-06-03,85.910004,86.300003,85.739998,86.129997,6092700,78.766427
2013-05-31,86.230003,86.949997,85.800003,85.800003,5522300,78.464645
2013-05-30,86.470001,87.00,85.989998,86.410004,3568000,79.022494
2013-05-29,85.730003,86.660004,85.330002,86.489998,5110500,79.095649
2013-05-28,87.040001,87.389999,85.900002,86.190002,5800400,78.821302
2013-05-24,86.260002,86.720001,85.769997,86.209999,4637400,78.839589
2013-05-23,86.029999,87.379997,85.779999,86.949997,6026800,79.516321
2013-05-22,88.089996,89.089996,87.150002,87.699997,6479100,80.202201
2013-05-21,88.650002,88.980003,87.730003,88.099998,4730000,80.568005
2013-05-20,87.57,88.75,87.269997,88.330002,5603200,80.778345
2013-05-17,87.389999,87.860001,87.099998,87.669998,6690800,80.174767
2013-05-16,86.550003,87.650002,86.099998,86.779999,8192200,79.360857
2013-05-15,86.970001,87.18,86.440002,87.00,6925400,79.56205
2013-05-14,87.82,88.00,86.860001,87.550003,6856900,80.065031
2013-05-13,88.190002,88.489998,87.75,88.07,5483600,80.540571
2013-05-10,89.959999,90.25,87.900002,88.620003,6967500,81.043552
2013-05-09,89.980003,90.690002,89.550003,89.949997,5166100,82.25984
2013-05-08,89.760002,90.400002,89.18,90.309998,7431000,82.589063
2013-05-07,88.110001,89.809998,87.910004,89.790001,10406900,82.113523
2013-05-06,87.129997,87.949997,86.879997,87.589996,6381000,80.101605
2013-05-03,85.589996,87.480003,85.480003,86.980003,11890000,79.543762
2013-05-02,83.339996,84.559998,83.099998,84.260002,5798600,77.056304
2013-05-01,84.07,84.349998,82.660004,83.080002,11607000,75.977186
2013-04-30,84.809998,85.379997,83.360001,84.669998,6954300,77.431248
2013-04-29,85.110001,85.50,84.07,84.800003,6065100,77.550138
2013-04-26,84.349998,85.080002,84.25,84.68,6160700,77.440395
2013-04-25,84.699997,85.019997,84.019997,84.510002,6556100,77.284931
2013-04-24,84.279999,84.650002,83.290001,83.779999,7022000,76.617338
2013-04-23,83.910004,84.720001,82.739998,84.099998,12932500,76.90998
2013-04-22,81.239998,83.129997,79.489998,82.709999,18449600,75.638817
2013-04-19,80.949997,81.160004,80.010002,80.43,7009500,73.553743
2013-04-18,81.339996,81.339996,80.050003,80.459999,6886900,73.581177
2013-04-17,81.540001,81.620003,80.620003,81.470001,9405300,74.029288
2013-04-16,83.629997,83.730003,82.120003,82.610001,6566500,75.065171
2013-04-15,84.239998,84.330002,81.910004,82.269997,10345400,74.75622
2013-04-12,84.989998,85.330002,84.300003,85.050003,4934500,77.282326
2013-04-11,86.889999,87.00,85.300003,85.699997,6920000,77.872956
2013-04-10,86.379997,86.879997,85.900002,86.57,6258700,78.6635
2013-04-09,84.379997,86.650002,84.050003,85.900002,10533700,78.054694
2013-04-08,84.690002,85.349998,83.709999,84.190002,6722000,76.50087
2013-04-05,83.410004,85.360001,83.050003,84.599998,8985600,76.873421
2013-04-04,84.169998,84.730003,83.839996,84.629997,7646200,76.90068
2013-04-03,83.910004,84.620003,83.599998,84.120003,9222400,76.437263
2013-04-02,86.019997,86.019997,84.470001,84.879997,6514300,77.127847
2013-04-01,86.860001,86.940002,85.410004,85.639999,5666900,77.818438
2013-03-28,87.050003,87.980003,86.650002,86.970001,6213400,79.02697
2013-03-27,86.43,87.160004,85.800003,86.900002,4838700,78.963363
2013-03-26,87.059998,87.389999,86.660004,87.00,4173000,79.054228
2013-03-25,87.93,87.959999,86.050003,86.639999,6685300,78.727107
2013-03-22,87.010002,87.629997,86.970001,87.480003,5115500,79.490393
2013-03-21,86.43,87.32,86.43,86.830002,5449600,78.899756
2013-03-20,87.610001,87.879997,86.419998,86.940002,9389000,78.999711
2013-03-19,89.400002,89.400002,87.440002,88.269997,7509300,80.208235
2013-03-18,87.889999,90.019997,87.669998,89.360001,7159800,81.198689
2013-03-15,88.610001,89.25,88.110001,88.830002,7379400,80.717095
2013-03-14,89.470001,89.550003,88.169998,88.699997,7328500,80.598964
2013-03-13,89.800003,89.910004,89.129997,89.279999,5836100,81.125993
2013-03-12,91.160004,91.160004,89.400002,89.739998,6593300,81.54398
2013-03-11,90.489998,91.519997,90.099998,91.18,4846300,82.852466
2013-03-08,90.43,90.720001,90.010002,90.510002,5084900,82.24366
2013-03-07,89.900002,90.400002,89.269997,89.650002,4738200,81.462203
2013-03-06,90.970001,91.050003,89.410004,89.639999,7135900,81.453115
2013-03-05,90.489998,91.279999,89.989998,90.209999,5352500,81.971056
2013-03-04,90.610001,90.75,89.190002,89.75,6350500,81.553069
2013-03-01,91.540001,91.959999,90.129997,91.360001,4924400,83.016027
2013-02-28,92.489998,93.160004,92.230003,92.370003,5446500,83.933785
2013-02-27,90.059998,92.360001,90.059998,92.25,6147300,83.824742
2013-02-26,89.589996,90.199997,88.50,89.949997,7114200,81.7348
2013-02-25,91.809998,92.220001,89.080002,89.160004,7540300,81.016957
2013-02-22,91.989998,92.489998,91.050003,91.540001,5851800,83.179588
2013-02-21,92.760002,92.790001,90.57,91.529999,7193400,83.170499
2013-02-20,95.00,95.099998,93.050003,93.220001,8570800,84.706153
2013-02-19,95.739998,96.370003,95.129997,95.599998,4368800,86.868783
2013-02-15,96.260002,96.419998,95.290001,95.610001,4377200,86.877872
2013-02-14,96.059998,96.68,95.68,96.07,3586300,87.295859
2013-02-13,97.089996,97.50,96.019997,96.379997,3718500,87.577544
2013-02-12,96.669998,97.410004,96.669998,97.220001,4149000,88.34083
2013-02-11,96.959999,96.989998,96.300003,96.599998,2739200,87.777452
2013-02-08,96.099998,97.50,96.099998,96.849998,3934200,88.00462
2013-02-07,97.419998,98.160004,95.209999,96.110001,6210100,87.332206
2013-02-06,97.870003,98.75,97.360001,97.699997,4489600,88.776987
2013-02-05,98.580002,99.099998,98.32,98.440002,4178000,89.449407
2013-02-04,98.760002,98.870003,97.910004,98.260002,5765000,89.285847
2013-02-01,99.00,99.699997,98.949997,99.489998,6138500,90.403506
2013-01-31,97.989998,98.709999,97.900002,98.389999,7154500,89.403971
2013-01-30,98.830002,98.959999,98.25,98.650002,5681000,89.640227
2013-01-29,97.919998,99.199997,97.720001,98.599998,6961900,89.594791
2013-01-28,98.059998,98.739998,96.43,97.449997,15997500,88.54982
2013-01-25,95.919998,96.279999,94.660004,95.580002,8902700,86.850613
2013-01-24,96.00,97.739998,96.00,96.599998,5816300,87.777452
2013-01-23,97.480003,97.720001,96.599998,96.849998,4971000,88.00462
2013-01-22,96.389999,97.730003,96.050003,97.720001,8330100,88.795164
2013-01-18,96.43,97.620003,96.089996,97.620003,8330900,88.704299
2013-01-17,95.709999,96.290001,95.089996,95.699997,4824100,86.959649
2013-01-16,95.099998,95.669998,94.830002,95.190002,3809700,86.496232
2013-01-15,94.209999,95.830002,94.18,95.669998,4789800,86.93239
2013-01-14,95.32,95.480003,94.150002,94.629997,3685800,85.987373
2013-01-11,94.559998,95.389999,94.120003,95.190002,4288500,86.496232
2013-01-10,95.110001,95.190002,94.230003,95.080002,4596400,86.396278
2013-01-09,94.099998,94.769997,94.099998,94.440002,3546100,85.81473
2013-01-08,94.669998,95.190002,93.57,94.00,5616100,85.414914
2013-01-07,94.57,95.669998,94.400002,95.209999,5368800,86.514403
2013-01-04,94.57,94.919998,94.040001,94.919998,5658600,86.250888
2013-01-03,93.220001,94.989998,92.889999,94.400002,9329000,85.778383
2013-01-02,92.949997,94.440002,92.949997,93.50,11590000,84.960579
2012-12-31,86.809998,89.800003,86.669998,89.610001,7213000,81.425856
2012-12-28,87.089996,87.599998,86.690002,86.809998,3309200,78.881579
2012-12-27,87.870003,88.410004,86.550003,87.660004,3953800,79.653954
2012-12-26,87.669998,88.68,87.57,87.669998,3236100,79.663035
2012-12-24,87.510002,87.830002,87.160004,87.480003,2326700,79.490393
2012-12-21,87.50,88.18,86.480003,87.900002,10727800,79.872032
2012-12-20,89.900002,90.129997,88.639999,89.50,6893600,81.325902
2012-12-19,90.910004,91.830002,90.739998,90.790001,7065800,82.02558
2012-12-18,89.669998,91.089996,89.669998,90.769997,6653300,82.007507
2012-12-17,89.25,89.690002,88.900002,89.639999,6092800,80.986594
2012-12-14,88.349998,89.50,88.32,89.00,5866400,80.408377
2012-12-13,87.849998,89.309998,87.82,88.360001,6100000,79.83016
2012-12-12,87.889999,88.769997,87.459999,87.949997,7093300,79.459736
2012-12-11,87.599998,88.160004,87.040001,87.330002,5371600,78.899593
2012-12-10,86.809998,87.449997,86.379997,87.230003,4336600,78.809247
2012-12-07,86.699997,87.550003,86.519997,86.989998,7337200,78.592411
2012-12-06,85.830002,86.330002,85.080002,85.949997,4132300,77.652807
2012-12-05,84.620003,86.57,84.57,86.050003,8604400,77.743159
2012-12-04,84.050003,84.959999,83.75,84.160004,4468400,76.03561
2012-12-03,85.919998,85.919998,84.43,84.489998,4714100,76.333749
2012-11-30,86.330002,86.349998,85.029999,85.239998,5663400,77.011347
2012-11-29,85.550003,86.480003,85.480003,86.25,7846300,77.923849
2012-11-28,83.629997,85.089996,83.00,84.940002,4884700,76.740312
2012-11-27,84.50,85.120003,83.900002,84.010002,4195600,75.900089
2012-11-26,83.809998,84.809998,83.809998,84.650002,4240800,76.478306
2012-11-23,83.620003,84.190002,83.25,84.160004,2663700,76.03561
2012-11-21,82.949997,83.739998,82.650002,83.050003,4517100,75.032764
2012-11-20,83.699997,83.769997,82.589996,83.330002,5535900,75.285733
2012-11-19,83.370003,83.839996,83.150002,83.620003,5674800,75.547739
2012-11-16,81.370003,82.209999,80.160004,81.93,8050900,74.020881
2012-11-15,81.349998,82.57,80.50,81.300003,7794600,73.4517
2012-11-14,83.900002,83.900002,80.879997,81.099998,8497000,73.271003
2012-11-13,84.720001,85.18,83.169998,83.260002,7695300,75.222491
2012-11-12,84.440002,85.57,84.230003,85.18,5800500,76.957142
2012-11-09,83.00,85.290001,82.900002,84.949997,7282200,76.749342
2012-11-08,85.160004,85.239998,83.519997,83.660004,6240600,75.583878
2012-11-07,86.730003,87.230003,84.839996,85.019997,8209200,76.812584
2012-11-06,87.349998,88.599998,87.300003,88.080002,7048900,79.577191
2012-11-05,85.849998,86.779999,85.589996,86.769997,4044600,78.393648
2012-11-02,88.489998,88.50,85.699997,85.790001,6982000,77.508256
2012-11-01,85.220001,87.860001,85.00,87.650002,8550000,79.188701
2012-10-31,85.529999,85.919998,84.449997,84.809998,5914600,76.622857
2012-10-26,83.480003,84.32,83.239998,84.25,7165300,76.116919
2012-10-25,83.389999,83.540001,82.360001,83.529999,5983300,75.466423
2012-10-24,84.07,84.139999,82.519997,82.730003,5509000,74.743655
2012-10-23,83.900002,84.139999,82.980003,83.580002,7496100,75.511599
2012-10-22,82.940002,86.040001,82.290001,85.080002,17158300,76.866796
2012-10-19,85.330002,85.480003,83.489998,83.860001,9874300,75.764568
2012-10-18,86.379997,87.529999,85.830002,86.620003,6813600,78.258133
2012-10-17,85.620003,86.769997,85.209999,86.629997,7339000,77.797357
2012-10-16,83.589996,85.040001,83.209999,84.959999,6943000,76.297629
2012-10-15,82.910004,83.199997,82.099998,82.809998,6357300,74.366838
2012-10-12,83.00,84.099998,82.459999,82.82,6012400,74.37582
2012-10-11,83.389999,83.699997,82.25,82.849998,7643800,74.40276
2012-10-10,83.889999,84.370003,82.599998,83.160004,10634900,74.681158
2012-10-09,85.720001,86.150002,84.50,84.75,5810600,76.109041
2012-10-08,84.940002,85.809998,84.43,85.440002,4532600,76.728692
2012-10-05,86.849998,87.339996,85.010002,85.43,6547700,76.71971
2012-10-04,85.519997,86.50,85.199997,85.959999,5076900,77.195671
2012-10-03,85.510002,85.639999,84.550003,85.279999,5584500,76.585002
2012-10-02,85.629997,85.93,84.349998,85.470001,8819000,76.755632
2012-10-01,86.720001,87.150002,85.239998,85.470001,7385000,76.755632
2012-09-28,86.360001,86.589996,85.43,86.040001,7519300,77.267516
2012-09-27,87.839996,87.949997,86.75,86.919998,7585300,78.05779
2012-09-26,86.900002,87.93,85.800003,86.949997,8864800,78.08473
2012-09-25,88.660004,89.550003,87.00,87.010002,13936300,78.138618
2012-09-24,90.449997,91.779999,90.449997,90.870003,8604700,81.605059
2012-09-21,93.419998,93.419998,91.370003,91.720001,10786300,82.368394
2012-09-20,92.989998,92.989998,91.25,92.540001,7094100,83.104788
2012-09-19,93.300003,94.230003,92.809998,93.940002,6785200,84.362047
2012-09-18,91.769997,93.07,91.769997,93.07,6596500,83.580749
2012-09-17,92.940002,93.50,91.730003,91.989998,7996500,82.610862
2012-09-14,92.209999,94.279999,91.980003,93.169998,11375700,83.670551
2012-09-13,88.629997,90.970001,88.300003,90.68,7836600,81.434429
2012-09-12,89.489998,90.239998,88.660004,89.120003,6016400,80.033486
2012-09-11,87.699997,89.120003,87.410004,88.599998,5877800,79.566501
2012-09-10,87.940002,88.629997,87.080002,87.099998,5591600,78.219438
2012-09-07,87.260002,88.440002,86.75,88.099998,10698000,79.11748
2012-09-06,83.550003,84.93,83.349998,84.790001,6982600,76.144964
2012-09-05,82.599998,83.080002,81.779999,82.75,6234700,74.312958
2012-09-04,85.029999,85.129997,82.209999,82.660004,11287600,74.232137
2012-08-31,85.18,85.940002,84.25,85.330002,5481300,76.629907
2012-08-30,85.559998,85.82,84.459999,84.470001,5170100,75.857591
2012-08-29,85.580002,86.330002,84.449997,86.089996,8731900,77.312414
2012-08-28,86.370003,86.989998,85.879997,86.010002,4697200,77.240576
2012-08-27,87.650002,88.00,86.540001,86.629997,4273400,77.797357
2012-08-24,86.919998,87.75,86.400002,87.470001,4979000,78.551716
2012-08-23,88.639999,88.720001,87.139999,87.629997,5469400,78.695399
2012-08-22,90.040001,90.279999,87.629997,88.720001,8843500,79.674268
2012-08-21,91.00,92.080002,89.949997,90.290001,7159700,81.084194
2012-08-20,89.739998,90.480003,89.230003,90.440002,5296000,81.218901
2012-08-17,89.860001,90.099998,89.099998,90.010002,7848500,80.832743
2012-08-16,87.739998,88.830002,87.230003,88.589996,4979200,79.557518
2012-08-15,87.25,87.730003,86.160004,87.610001,6345200,78.677441
2012-08-14,89.489998,89.650002,87.760002,87.870003,5485600,78.910934
2012-08-13,88.839996,89.269997,87.599998,88.610001,5403400,79.575483
2012-08-10,88.260002,88.959999,87.639999,88.940002,5500300,79.871839
2012-08-09,87.410004,88.790001,87.25,88.400002,6700600,79.386895
2012-08-08,86.489998,87.879997,86.349998,87.220001,6139600,78.327206
2012-08-07,87.00,88.32,86.75,87.220001,6049800,78.327206
2012-08-06,85.730003,87.00,85.480003,86.349998,6384800,77.545907
2012-08-03,84.529999,86.00,84.07,85.019997,6941300,76.35151
2012-08-02,82.459999,84.300003,82.099998,83.120003,8097300,74.645236
2012-08-01,85.00,85.07,82.50,82.650002,9366200,74.223155
2012-07-31,85.769997,86.360001,84.139999,84.209999,9192500,75.624098
2012-07-30,86.620003,86.970001,85.00,85.690002,6504600,76.953203
2012-07-27,83.18,86.599998,82.029999,86.160004,11229000,77.375283
2012-07-26,83.839996,84.650002,82.099998,83.300003,10138200,74.806883
2012-07-25,85.129997,85.449997,80.290001,82.599998,19877300,74.17825
2012-07-24,82.75,83.300003,80.269997,81.43,8780500,73.127543
2012-07-23,79.660004,82.599998,78.790001,81.580002,7567700,73.26225
2012-07-20,81.93,82.57,80.660004,80.949997,5897000,72.69648
2012-07-19,82.959999,83.400002,82.050003,82.629997,5616100,74.20519
2012-07-18,80.529999,83.349998,80.089996,82.519997,7457800,74.106405
2012-07-17,81.889999,82.290001,79.949997,81.910004,6462700,73.091627
2012-07-16,81.849998,81.849998,80.199997,81.150002,4989800,72.413446
2012-07-13,79.949997,82.139999,79.550003,82.07,7619500,73.234398
2012-07-12,78.980003,80.330002,78.25,79.639999,8743600,71.06601
2012-07-11,80.519997,80.739998,79.25,79.739998,8184100,71.155242
2012-07-10,83.559998,84.300003,79.120003,80.269997,15154700,71.628182
2012-07-09,83.940002,84.349998,82.959999,83.139999,6291200,74.189202
2012-07-06,85.25,85.25,83.830002,84.610001,6952000,75.500944
2012-07-05,86.629997,87.559998,85.629997,86.790001,5547600,77.446247
2012-07-03,83.900002,86.699997,83.879997,86.459999,4357800,77.151773
2012-07-02,85.349998,85.480003,83.040001,83.68,6420600,74.671067
2012-06-29,84.32,84.940002,83.809998,84.910004,7053400,75.768649
2012-06-28,81.660004,82.699997,80.959999,82.629997,9716100,73.734106
2012-06-27,82.629997,82.870003,81.709999,82.25,7407600,73.395019
2012-06-26,83.309998,83.519997,81.800003,82.730003,5590300,73.823346
2012-06-25,83.949997,83.980003,82.120003,82.889999,7390700,73.966117
2012-06-22,85.50,86.050003,84.849998,84.959999,6408200,75.813262
2012-06-21,87.089996,87.449997,84.839996,84.980003,8578400,75.831112
2012-06-20,88.139999,88.720001,86.50,87.169998,9413700,77.785334
2012-06-19,87.57,89.790001,87.199997,88.839996,6254700,79.275541
2012-06-18,86.349998,87.089996,85.669998,86.739998,4722600,77.401627
2012-06-15,86.400002,86.949997,85.690002,86.93,6571800,77.571174
2012-06-14,85.309998,86.25,84.50,85.889999,6124300,76.643139
2012-06-13,86.25,87.00,84.68,85.290001,8308300,76.107736
2012-06-12,85.82,87.050003,84.760002,87.050003,5270100,77.678257
2012-06-11,89.199997,89.459999,85.089996,85.190002,6436400,76.018503
2012-06-08,86.830002,87.669998,85.330002,87.599998,4399100,78.16904
2012-06-07,88.82,89.870003,86.919998,87.139999,7773300,77.758565
2012-06-06,84.720001,86.660004,84.519997,86.660004,8464000,77.330245
2012-06-05,83.019997,84.800003,83.019997,83.650002,9212900,74.644298
2012-06-04,85.940002,85.949997,82.730003,83.260002,9812600,74.296285
2012-06-01,85.080002,86.800003,84.720001,85.519997,9572500,76.31297
2012-05-31,88.419998,88.50,86.010002,87.620003,12370400,78.186891
2012-05-30,90.989998,91.00,89.50,90.18,6350800,80.471281
2012-05-29,91.199997,93.93,90.889999,92.519997,8238800,82.559355
2012-05-25,91.389999,91.669998,89.629997,89.940002,4637400,80.257121
2012-05-24,92.949997,92.959999,90.169998,91.419998,6421600,81.577782
2012-05-23,90.510002,92.790001,89.860001,92.470001,6668600,82.514742
2012-05-22,92.760002,92.980003,90.889999,91.489998,7210500,81.640245
2012-05-21,89.529999,92.300003,89.32,91.980003,6811300,82.077497
2012-05-18,88.260002,89.809998,88.019997,88.68,8655900,79.13277
2012-05-17,91.019997,91.639999,87.599998,87.800003,12695100,78.347513
2012-05-16,93.43,94.080002,91.709999,91.860001,5803400,81.970414
2012-05-15,93.849998,94.660004,92.290001,92.68,5304800,82.702133
2012-05-14,94.330002,94.769997,93.449997,93.599998,5213300,83.523084
2012-05-11,94.50,96.690002,94.300003,95.50,4531900,85.218533
2012-05-10,97.150002,97.389999,95.18,95.440002,4982000,85.164995
2012-05-09,94.839996,97.300003,94.080002,95.989998,7733500,85.655778
2012-05-08,96.839996,96.949997,93.919998,96.489998,10411600,86.101948
2012-05-07,97.669998,98.199997,97.029999,97.190002,7245700,86.726591
2012-05-04,100.00,100.129997,98.00,98.440002,9055000,87.842017
2012-05-03,102.900002,103.379997,100.50,100.669998,6102000,89.831933
2012-05-02,101.580002,102.720001,100.650002,102.629997,5620200,91.580919
2012-05-01,102.809998,103.50,101.739998,102.110001,5732800,91.116905
2012-04-30,103.989998,104.120003,102.550003,102.769997,5325600,91.705847
2012-04-27,104.989998,105.050003,104.110001,104.559998,4687200,93.303137
2012-04-26,103.970001,104.550003,103.00,104.389999,7317200,93.151441
2012-04-25,106.849998,107.110001,102.300003,103.440002,15948300,92.30372
2012-04-24,107.25,108.790001,107.099998,108.400002,5703200,96.729729
2012-04-23,106.330002,107.040001,105.120003,106.900002,5462600,95.391218
2012-04-20,107.769997,108.620003,107.610001,107.730003,4014600,96.131862
2012-04-19,109.209999,109.769997,106.370003,107.360001,5628500,95.801694
2012-04-18,107.650002,109.730003,107.650002,109.209999,4871700,97.042045
2012-04-17,107.900002,109.199997,106.720001,108.410004,5321000,96.331183
2012-04-16,107.919998,108.959999,106.160004,106.739998,6813500,94.847246
2012-04-13,106.160004,106.919998,105.239998,105.889999,6321600,94.091953
2012-04-12,102.169998,106.50,102.129997,106.440002,8973200,94.580676
2012-04-11,101.769997,102.50,100.50,101.75,6178100,90.413224
2012-04-10,103.540001,103.660004,99.800003,100.43,9162300,89.240296
2012-04-09,103.57,104.290001,102.800003,103.57,6335700,92.030443
2012-04-05,105.709999,107.139999,105.410004,105.870003,4576600,94.074184
2012-04-04,104.769997,106.839996,104.339996,106.260002,5583200,94.420731
2012-04-03,107.639999,108.089996,105.82,106.209999,5828000,94.376299
2012-04-02,105.989998,107.940002,105.040001,107.25,5211700,95.300425
2012-03-30,106.699997,106.93,105.580002,106.519997,4780300,94.651757
2012-03-29,103.620003,106.269997,103.480003,106.019997,8316800,94.207466
2012-03-28,107.959999,107.970001,103.550003,104.260002,10244900,92.643567
2012-03-27,108.68,109.57,107.879997,108.059998,4211400,96.020174
2012-03-26,108.800003,109.699997,108.120003,108.75,4570800,96.633298
2012-03-23,106.589996,108.610001,105.800003,107.830002,6025000,95.815804
2012-03-22,107.279999,107.940002,105.699997,106.43,9449700,94.571788
2012-03-21,110.849998,111.349998,109.00,109.00,7925000,96.855444
2012-03-20,111.989998,112.00,110.510002,110.760002,8086900,98.41935
2012-03-19,113.50,114.089996,112.779999,113.730003,4736500,101.05844
2012-03-16,114.019997,114.25,113.040001,113.580002,5776000,100.925151
2012-03-15,112.879997,113.480003,111.389999,113.449997,5316700,100.809631
2012-03-14,113.209999,113.449997,111.260002,112.269997,6181000,99.761104
2012-03-13,109.730003,113.379997,109.309998,113.300003,8077600,100.676349
2012-03-12,110.110001,110.949997,108.68,108.940002,6499200,96.802131
2012-03-09,110.879997,111.089996,109.800003,110.220001,6526500,97.939515
2012-03-08,109.589996,110.559998,108.660004,110.279999,6171200,97.992827
2012-03-07,106.660004,108.620003,106.32,108.279999,7385800,96.215663
2012-03-06,106.57,107.160004,105.199997,105.93,12630800,94.127497
2012-03-05,111.550003,111.900002,109.519997,110.089996,8392200,97.823995
2012-03-02,113.160004,113.940002,111.800003,112.489998,5404800,99.956593
2012-03-01,114.669998,115.379997,113.010002,113.389999,7465000,100.756318
2012-02-29,116.129997,116.400002,113.68,114.209999,6780300,101.484955
2012-02-28,115.809998,116.220001,115.199997,115.760002,4013200,102.86226
2012-02-27,114.839996,116.50,114.550003,115.629997,4909600,102.74674
2012-02-24,116.290001,116.949997,115.669998,116.00,4473500,103.075518
2012-02-23,115.879997,116.449997,115.00,116.199997,5064900,103.253232
2012-02-22,114.760002,116.449997,114.50,115.809998,5004800,102.906685
2012-02-21,114.50,116.440002,114.389999,115.00,7520200,102.186936
2012-02-17,114.379997,114.50,113.029999,113.949997,4296000,101.253922
2012-02-16,112.720001,114.050003,112.389999,113.959999,5456900,101.26281
2012-02-15,114.489998,114.699997,111.940002,112.529999,8201900,99.992137
2012-02-14,113.32,114.480003,113.209999,114.449997,6425000,101.698213
2012-02-13,112.699997,113.860001,111.68,113.699997,5702400,101.031776
2012-02-10,111.010002,111.779999,110.330002,111.75,6351700,99.299044
2012-02-09,114.389999,114.639999,112.589996,112.830002,7566200,100.258714
2012-02-08,113.82,114.330002,113.220001,114.040001,4123800,101.333898
2012-02-07,113.050003,114.099998,112.489998,113.809998,5139200,101.129521
2012-02-06,113.239998,114.25,112.800003,113.779999,5029600,101.102865
2012-02-03,112.169998,114.650002,111.900002,113.940002,10225500,101.245041
2012-02-02,110.800003,111.019997,109.860001,110.330002,5125400,98.037259
2012-02-01,110.75,111.389999,109.940002,110.519997,6737900,98.206085
2012-01-31,111.290001,112.00,108.709999,109.120003,7608300,96.962076
2012-01-30,110.019997,110.75,104.449997,110.410004,5968400,98.108347
2012-01-27,110.529999,111.980003,109.669998,111.279999,7835100,98.88141
2012-01-26,112.209999,114.00,110.699997,111.309998,18539000,98.908066
2012-01-25,106.00,109.279999,105.989998,109.050003,10649400,96.899875
2012-01-24,105.43,106.800003,105.150002,106.290001,5577300,94.447387
2012-01-23,105.910004,107.239998,105.639999,106.370003,7003800,94.518475
2012-01-20,105.349998,105.919998,104.839996,105.639999,6601100,93.869807
2012-01-19,104.650002,105.760002,103.629997,105.75,9464800,93.967552
2012-01-18,102.660004,104.50,102.50,104.260002,6794400,92.643567
2012-01-17,103.82,104.800003,103.32,103.370003,8864700,91.44398
2012-01-13,100.720001,102.699997,100.550003,102.480003,9914300,90.656662
2012-01-12,99.989998,102.040001,98.660004,101.940002,10471800,90.178962
2012-01-11,99.830002,100.449997,99.400002,99.639999,7226500,88.144315
2012-01-10,98.449997,99.980003,98.279999,99.959999,9545000,88.427396
2012-01-09,96.089996,97.410004,96.00,97.099998,6536300,85.89736
2012-01-06,96.029999,96.199997,95.32,95.760002,5474100,84.711962
2012-01-05,94.839996,96.160004,93.900002,95.519997,5555900,84.499646
2012-01-04,93.410004,95.510002,93.410004,94.849998,7335200,83.906947
2012-01-03,92.769997,95.110001,92.769997,93.980003,8177000,83.137325
2011-12-30,90.720001,91.419998,90.400002,90.599998,3279800,80.147279
2011-12-29,89.459999,90.860001,89.459999,90.580002,3570800,80.129589
2011-12-28,91.760002,91.800003,89.169998,89.370003,5248800,79.059191
2011-12-27,91.699997,92.379997,91.510002,91.550003,3216200,80.98768
2011-12-23,92.199997,92.419998,91.650002,92.25,3368600,81.606916
2011-12-22,92.029999,92.50,91.019997,91.809998,4766000,81.217678
2011-12-21,91.779999,92.010002,89.900002,91.629997,7177300,81.058445
2011-12-20,89.260002,91.900002,89.230003,91.730003,7844300,81.146913
2011-12-19,88.089996,89.720001,86.940002,87.25,7919100,77.183777
2011-12-16,88.82,89.510002,87.199997,87.199997,11556900,77.139543
2011-12-15,88.790001,88.879997,87.089996,87.699997,7645200,77.581857
2011-12-14,89.589996,89.800003,86.290001,87.00,13564500,76.96262
2011-12-13,94.040001,94.68,90.099998,90.980003,8464700,80.483442
2011-12-12,94.360001,94.50,92.309998,93.239998,6326700,82.482696
2011-12-09,93.629997,96.290001,93.440002,95.970001,7139000,84.897733
2011-12-08,94.339996,95.529999,92.599998,92.919998,7842300,82.199615
2011-12-07,94.980003,95.279999,93.800003,94.889999,8146300,83.942333
2011-12-06,96.620003,96.93,94.889999,95.959999,6443200,84.888885
2011-12-05,97.730003,97.970001,96.330002,96.849998,7484800,85.676203
2011-12-02,97.75,98.00,96.010002,96.290001,7897900,85.180814
2011-12-01,97.230003,98.00,95.760002,96.82,7491800,85.649665
2011-11-30,94.650002,97.910004,94.650002,97.879997,13076500,86.587369
2011-11-29,91.639999,91.82,90.449997,90.540001,6054600,80.094204
2011-11-28,90.349998,91.889999,89.989998,91.480003,8339500,80.925756
2011-11-25,87.300003,88.400002,86.629997,86.720001,3078700,76.714926
2011-11-23,89.389999,89.599998,87.43,87.760002,7643800,77.634939
2011-11-22,90.800003,91.220001,88.580002,89.989998,7490600,79.607656
2011-11-21,92.07,92.099998,89.470001,91.120003,9853100,80.607289
2011-11-18,94.540001,94.790001,93.150002,93.93,6065700,83.093091
2011-11-17,95.699997,96.059998,92.800003,93.809998,10084000,82.986934
2011-11-16,96.239998,98.199997,95.599998,95.75,8117500,84.703114
2011-11-15,96.209999,97.739998,95.800003,97.07,8760700,85.870822
2011-11-14,97.470001,98.07,95.879997,96.529999,8584900,85.393122
2011-11-11,93.57,96.199997,93.370003,96.129997,9818400,85.03927
2011-11-10,92.980003,93.400002,91.199997,92.199997,7323000,81.562682
2011-11-09,93.50,93.980003,91.150002,91.639999,11208500,81.067293
2011-11-08,95.959999,96.00,93.940002,95.889999,7316700,84.826961
2011-11-07,95.599998,96.25,93.389999,95.00,7285300,84.039643
2011-11-04,95.300003,95.989998,93.800003,95.739998,6818800,84.694266
2011-11-03,95.459999,96.349998,93.870003,96.00,11159000,84.924271
2011-11-02,93.029999,94.239998,92.199997,93.940002,9303400,83.101939
2011-11-01,90.00,93.00,89.00,91.629997,13543700,81.058445
2011-10-31,95.040001,95.629997,93.849998,94.459999,9273900,83.561943
2011-10-28,95.699997,97.949997,95.650002,96.849998,8699300,85.676203
2011-10-27,95.00,97.720001,94.610001,96.330002,13928100,85.216199
2011-10-26,91.82,92.25,90.019997,91.57,9747800,81.005369
2011-10-25,91.360001,92.489998,89.019997,89.889999,10711700,79.519194
2011-10-24,91.760002,92.900002,90.800003,91.769997,16383300,81.182292
2011-10-21,85.419998,87.50,85.300003,87.389999,11480300,77.307625
2011-10-20,83.900002,85.00,82.50,84.260002,9446500,74.538742
2011-10-19,84.669998,85.419998,83.07,83.559998,8731100,73.512571
2011-10-18,81.449997,85.57,80.760002,84.720001,13574600,74.533094
2011-10-17,84.830002,85.379997,81.330002,81.519997,10196700,71.717864
2011-10-14,82.849998,84.220001,82.389999,84.089996,7353700,73.978842
2011-10-13,81.220001,81.910004,80.339996,81.440002,7952500,71.647489
2011-10-12,82.010002,82.800003,81.059998,81.699997,10423700,71.876221
2011-10-11,78.080002,81.139999,77.949997,80.660004,17854600,70.961279
2011-10-10,77.269997,79.75,77.199997,79.129997,10302400,69.615243
2011-10-07,77.769997,77.790001,74.699997,75.519997,14024700,66.439317
2011-10-06,74.57,77.190002,73.599998,77.089996,15808200,67.820536
2011-10-05,72.839996,74.610001,71.489998,74.260002,9672300,65.330827
2011-10-04,68.75,72.760002,67.540001,72.540001,14700000,63.817642
2011-10-03,72.779999,73.589996,70.50,70.550003,10783200,62.066925
2011-09-30,73.459999,75.889999,73.230003,73.839996,10537000,64.961323
2011-09-29,76.889999,77.279999,73.199997,75.389999,10260900,66.324951
2011-09-28,78.129997,79.150002,74.879997,75.080002,9380700,66.052228
2011-09-27,79.25,79.849998,77.120003,77.669998,10814900,68.330798
2011-09-26,74.709999,77.00,73.239998,76.849998,10016400,67.609396
2011-09-23,73.440002,75.50,73.019997,73.860001,12104700,64.978922
2011-09-22,76.290001,76.559998,72.599998,73.900002,20947300,65.014113
2011-09-21,83.110001,83.389999,79.290001,79.360001,16459600,69.817591
2011-09-20,85.639999,85.769997,83.50,83.660004,8999300,73.600553
2011-09-19,83.919998,85.160004,82.330002,84.599998,8936500,74.42752
2011-09-16,87.459999,87.459999,85.209999,85.900002,10488600,75.571208
2011-09-15,86.650002,87.690002,85.769997,86.599998,8298500,76.187036
2011-09-14,85.610001,86.959999,82.529999,85.449997,10622100,75.175313
2011-09-13,83.849998,86.25,83.379997,85.019997,9802300,74.797017
2011-09-12,81.93,84.139999,81.25,83.870003,10842300,73.785301
2011-09-09,86.029999,86.25,83.139999,83.959999,11669500,73.864476
2011-09-08,87.32,88.980003,86.400002,87.040001,9947800,76.574132
2011-09-07,87.800003,88.709999,86.419998,88.690002,9318700,78.025734
2011-09-06,82.239998,86.019997,82.110001,85.699997,8647900,75.395253
2011-09-02,85.25,86.699997,84.370003,85.379997,11950700,75.113731
2011-09-01,91.190002,92.830002,88.279999,88.550003,10690900,77.902568
2011-08-31,91.75,93.82,89.889999,91.00,12664700,80.057973
2011-08-30,88.00,90.870003,87.360001,89.830002,9851600,79.028657
2011-08-29,87.110001,88.550003,86.349998,88.150002,7643500,77.550664
2011-08-26,82.190002,85.910004,81.050003,85.160004,9456900,74.920189
2011-08-25,86.239998,86.860001,82.800003,83.25,8204700,73.239849
2011-08-24,83.239998,85.709999,82.199997,85.400002,10137700,75.131329
2011-08-23,80.540001,83.00,79.800003,82.980003,11696900,73.002317
2011-08-22,82.940002,83.040001,79.559998,79.889999,9459400,70.283861
2011-08-19,81.919998,85.00,79.82,79.970001,13740200,70.354244
2011-08-18,84.449997,84.800003,81.50,83.330002,16793000,73.310231
2011-08-17,90.110001,90.800003,87.150002,87.639999,10620900,77.101985
2011-08-16,90.019997,90.370003,88.519997,89.349998,10816200,78.606371
2011-08-15,91.449997,92.800003,90.68,91.370003,10460200,80.383485
2011-08-12,91.059998,91.300003,88.809998,89.809998,11463400,79.011059
2011-08-11,85.139999,88.790001,83.940002,87.25,14157600,76.75888
2011-08-10,86.720001,87.199997,83.389999,83.510002,15335900,73.468588
2011-08-09,85.400002,87.599998,80.839996,87.480003,20473600,76.961228
2011-08-08,86.230003,88.160004,82.25,82.599998,21293000,72.668005
2011-08-05,92.129997,92.50,86.480003,90.989998,22791500,80.049173
2011-08-04,94.400002,94.709999,89.50,89.550003,18655000,78.782326
2011-08-03,97.919998,98.290001,93.540001,96.279999,16922200,84.703093
2011-08-02,99.550003,101.550003,97.120003,97.18,12058300,85.494877
2011-08-01,102.43,102.82,98.800003,100.720001,12865200,88.609221
2011-07-29,98.32,99.970001,97.279999,98.790001,12283000,86.911288
2011-07-28,101.510002,102.089996,99.449997,99.639999,9438000,87.659081
2011-07-27,104.43,104.610001,101.00,101.339996,10684500,89.154666
2011-07-26,105.910004,106.00,104.699997,105.199997,7155500,92.550533
2011-07-25,104.160004,106.300003,103.800003,105.660004,8662500,92.955227
2011-07-22,104.620003,106.480003,103.00,105.150002,25775600,92.506549
2011-07-21,111.050003,112.43,110.120003,111.599998,9340700,98.180985
2011-07-20,110.709999,110.980003,109.610001,110.309998,5761600,97.046096
2011-07-19,108.889999,109.970001,108.199997,109.639999,6674600,96.45666
2011-07-18,108.459999,108.470001,106.160004,107.800003,6878600,94.837909
2011-07-15,108.769997,109.360001,107.139999,109.360001,6660700,95.805643
2011-07-14,108.830002,110.50,107.00,107.580002,7394300,94.246262
2011-07-13,108.480003,110.419998,108.339996,108.639999,6819200,95.17488
2011-07-12,107.629997,108.459999,106.669998,106.93,7892700,93.676823
2011-07-11,108.410004,109.480003,107.25,108.160004,7568600,94.754377
2011-07-08,108.519997,110.410004,107.800003,110.410004,8293100,96.725506
2011-07-07,111.57,112.650002,111.25,111.629997,7403800,97.79429
2011-07-06,108.110001,110.120003,108.080002,110.080002,6933200,96.436405
2011-07-05,107.919998,108.779999,107.339996,108.43,6880200,94.990909
2011-07-01,106.150002,109.169998,105.75,108.620003,9153800,95.157362
2011-06-30,103.360001,106.93,103.32,106.459999,10598400,93.265075
2011-06-29,104.449997,104.489998,102.400002,103.360001,8642000,90.549298
2011-06-28,101.440002,104.07,101.400002,103.839996,7884300,90.969802
2011-06-27,99.959999,101.50,99.07,100.800003,5614400,88.306593
2011-06-24,101.050003,101.099998,99.440002,100.010002,8496400,87.614507
2011-06-23,97.900002,100.650002,96.949997,100.550003,10640900,88.087579
2011-06-22,101.169998,102.50,100.07,100.150002,7445100,87.737155
2011-06-21,99.419998,101.959999,99.059998,101.389999,9638100,88.823464
2011-06-20,96.489998,98.370003,96.050003,98.18,7484700,86.01132
2011-06-17,96.459999,96.940002,95.309998,95.949997,8314800,84.057709
2011-06-16,95.389999,96.860001,94.209999,95.459999,8886500,83.628443
2011-06-15,96.580002,97.360001,95.510002,95.650002,8143600,83.794896
2011-06-14,96.849998,98.449997,96.129997,97.860001,8479700,85.730982
2011-06-13,96.93,97.529999,94.720001,95.440002,9767400,83.610925
2011-06-10,98.800003,98.900002,96.419998,96.790001,9603600,84.793601
2011-06-09,98.290001,99.709999,98.220001,99.260002,6167600,86.957464
2011-06-08,99.209999,99.860001,97.769997,98.040001,9761100,85.888673
2011-06-07,101.239998,101.349998,99.809998,99.879997,6772200,87.500615
2011-06-06,100.25,101.610001,99.470001,99.860001,8092800,87.483097
2011-06-03,100.489998,102.489998,99.150002,101.099998,9508600,88.569406
2011-06-02,101.82,103.720001,101.309998,102.190002,9125300,89.524313
2011-06-01,104.970001,105.480003,101.00,101.239998,10597600,88.692054
2011-05-31,106.410004,106.599998,104.309998,105.800003,6641900,92.68688
2011-05-27,104.720001,105.360001,104.269997,104.599998,4511300,91.635608
2011-05-26,103.07,104.68,102.029999,104.190002,6640000,91.276427
2011-05-25,101.029999,103.93,100.779999,103.25,6193100,90.452931
2011-05-24,102.370003,102.949997,101.07,101.550003,7273300,88.963636
2011-05-23,101.309998,102.510002,100.370003,101.889999,10095100,89.261493
2011-05-20,105.239998,105.50,103.599998,104.330002,8656800,91.399075
2011-05-19,106.610001,106.870003,104.910004,105.300003,8613400,92.248852
2011-05-18,102.849998,105.50,101.779999,105.25,9472200,92.205046
2011-05-17,105.080002,105.230003,101.470001,102.080002,19186700,89.427946
2011-05-16,105.870003,108.269997,105.07,106.089996,8290800,92.940931
2011-05-13,109.470001,109.599998,106.019997,106.330002,9250400,93.15119
2011-05-12,109.199997,109.610001,107.00,108.629997,9274800,95.166118
2011-05-11,112.339996,112.349998,109.00,109.980003,9670400,96.348801
2011-05-10,112.760002,112.970001,111.860001,112.870003,4923900,98.880606
2011-05-09,110.800003,112.480003,110.370003,111.660004,5075800,97.820578
2011-05-06,111.519997,112.709999,110.169998,110.339996,7987300,96.664175
2011-05-05,110.080002,111.459999,108.389999,109.389999,8779100,95.831923
2011-05-04,113.220001,113.910004,109.940002,110.769997,8966500,97.04088
2011-05-03,114.120003,114.379997,112.739998,113.269997,6302000,99.231024
2011-05-02,116.239998,116.550003,113.919998,114.370003,7623600,100.194693
2011-04-29,115.400002,116.25,114.529999,115.410004,11800000,101.105793
2011-04-28,112.279999,112.699997,111.349998,112.639999,6262600,98.67911
2011-04-27,112.660004,112.699997,109.75,112.610001,6070600,98.65283
2011-04-26,110.150002,112.199997,109.849998,111.940002,6700000,98.065873
2011-04-25,109.239998,109.480003,107.949997,108.849998,3708600,95.358852
2011-04-21,109.00,109.50,108.410004,109.419998,4051200,95.858204
2011-04-20,107.940002,108.50,107.360001,108.279999,5317800,94.859499
2011-04-19,105.18,106.419998,104.639999,106.099998,7152000,92.564224
2011-04-18,105.580002,105.739998,102.160004,103.900002,11445300,90.644893
2011-04-15,108.080002,108.110001,106.800003,107.209999,5319100,93.532615
2011-04-14,106.82,107.769997,105.349998,107.580002,5770700,93.855415
2011-04-13,107.760002,107.970001,106.379997,107.629997,5835000,93.899032
2011-04-12,108.610001,109.019997,106.339996,106.57,8736300,92.974264
2011-04-11,110.019997,110.300003,108.32,109.07,5004400,95.155325
2011-04-08,110.540001,111.00,108.879997,109.82,5394700,95.809643
2011-04-07,110.720001,110.900002,109.080002,109.849998,8402700,95.835815
2011-04-06,112.849998,113.300003,110.860001,111.00,5715400,96.839104
2011-04-05,112.970001,113.160004,111.910004,112.309998,5338700,97.981978
2011-04-04,113.75,113.93,112.529999,113.379997,3883600,98.915472
2011-04-01,112.089996,113.589996,111.800003,113.120003,6092600,98.688646
2011-03-31,110.82,111.980003,110.82,111.349998,5168600,97.144452
2011-03-30,111.709999,111.720001,110.550003,111.529999,5616900,97.301488
2011-03-29,109.639999,110.790001,108.610001,110.540001,5767700,96.43779
2011-03-28,109.540001,110.489998,109.389999,109.400002,5445700,95.443227
2011-03-25,108.75,110.150002,108.699997,109.089996,7659000,95.172771
2011-03-24,107.900002,108.900002,106.949997,108.370003,8360800,94.544631
2011-03-23,106.080002,107.699997,105.639999,106.760002,7096400,93.140027
2011-03-22,107.059998,107.480003,106.029999,106.790001,7012000,93.166199
2011-03-21,106.900002,107.68,106.620003,107.589996,7688600,93.864134
2011-03-18,104.989998,105.639999,104.660004,105.059998,11512900,91.656902
2011-03-17,101.889999,103.309998,101.279999,103.120003,9854900,89.964403
2011-03-16,101.699997,102.610001,99.040001,100.400002,13046600,87.591407
2011-03-15,99.019997,101.379997,98.550003,100.75,11762200,87.896755
2011-03-14,102.589996,102.589996,100.389999,102.099998,7985500,89.074526
2011-03-11,97.739998,100.50,97.010002,100.019997,8172400,87.259882
2011-03-10,100.550003,100.75,98.099998,98.389999,11824400,85.837833
2011-03-09,103.589996,103.589996,101.800003,102.360001,6402200,89.301358
2011-03-08,101.889999,104.449997,101.18,104.129997,6165000,90.845547
2011-03-07,103.419998,104.199997,101.050003,102.129997,6002100,89.100698
2011-03-04,104.010002,104.199997,102.019997,103.040001,5677000,89.894607
2011-03-03,101.940002,104.43,101.919998,104.25,7413400,90.95024
2011-03-02,99.849998,102.120003,99.43,100.970001,5420000,88.088689
2011-03-01,103.370003,103.639999,99.349998,99.860001,7283700,87.120298
2011-02-28,102.720001,103.360001,101.529999,102.93,4010800,89.79864
2011-02-25,101.449997,102.639999,101.139999,102.00,4623200,88.987285
2011-02-24,99.93,101.910004,98.769997,100.57,6350900,87.739718
2011-02-23,101.910004,102.129997,98.040001,100.019997,8907600,87.259882
2011-02-22,104.860001,105.300003,101.529999,102.010002,8241900,88.996011
2011-02-18,103.860001,105.860001,103.449997,105.860001,8745400,92.354844
2011-02-17,103.32,103.760002,102.959999,103.360001,2993500,90.173783
2011-02-16,103.900002,104.410004,102.910004,103.550003,4852100,90.339546
2011-02-15,102.959999,103.110001,102.010002,103.00,4421900,89.85971
2011-02-14,103.559998,103.639999,102.800003,103.260002,4057400,90.086542
2011-02-11,100.290001,103.550003,100.199997,103.540001,6445100,90.330819
2011-02-10,99.279999,100.760002,98.75,100.599998,5634800,87.76589
2011-02-09,100.110001,100.449997,99.190002,99.790001,4800800,87.059228
2011-02-08,100.57,100.699997,99.309998,100.610001,5044700,87.774616
2011-02-07,99.620003,100.809998,99.489998,100.470001,5697900,87.652477
2011-02-04,99.010002,99.720001,98.699997,99.589996,6027100,86.884739
2011-02-03,99.239998,99.239998,98.150002,98.93,5032400,86.308943
2011-02-02,97.739998,99.269997,97.68,99.089996,6527600,86.448527
2011-02-01,97.349998,98.059998,96.50,98.010002,7553400,85.506314
2011-01-31,96.129997,97.199997,95.849998,97.010002,6012900,84.633889
2011-01-28,97.010002,97.199997,94.900002,95.68,7240800,83.473563
2011-01-27,97.099998,97.790001,95.519997,96.629997,11534600,84.302364
2011-01-26,94.93,96.160004,94.400002,95.75,6090700,83.534633
2011-01-25,94.389999,94.650002,92.970001,94.389999,5436900,82.348135
2011-01-24,92.709999,94.690002,92.510002,94.57,4615000,82.505172
2011-01-21,94.75,95.00,92.370003,92.75,6189000,80.91736
2011-01-20,94.900002,95.279999,93.309998,93.610001,7160800,81.667645
2011-01-19,96.339996,96.800003,95.150002,95.540001,6478100,83.351425
2011-01-18,94.160004,96.470001,93.940002,96.230003,8819200,83.953399
2011-01-14,93.940002,94.260002,93.110001,94.010002,4572500,81.632753
2011-01-13,94.089996,94.529999,93.699997,94.139999,4539900,81.745635
2011-01-12,94.589996,94.620003,93.43,93.489998,5699000,81.181212
2011-01-11,94.080002,94.699997,93.25,93.949997,5302800,81.580648
2011-01-10,93.209999,93.970001,92.510002,93.389999,4154500,81.094379
2011-01-07,93.860001,94.730003,92.800003,93.730003,4547800,81.389619
2011-01-06,94.709999,94.709999,93.300003,93.540001,4106300,81.224632
2011-01-05,93.269997,94.690002,92.989998,94.519997,4118100,82.075602
2011-01-04,94.639999,94.639999,92.300003,93.709999,6119300,81.372248
2011-01-03,94.379997,94.809998,94.110001,94.150002,5231500,81.75432
2010-12-31,93.830002,93.900002,93.309998,93.660004,2542700,81.328835
2010-12-30,93.559998,94.139999,93.519997,93.870003,2325500,81.511186
2010-12-29,93.75,94.220001,93.50,93.779999,2779400,81.433032
2010-12-28,94.279999,94.419998,93.07,93.690002,2991800,81.354884
2010-12-27,93.849998,94.199997,93.209999,94.07,2620200,81.684852
2010-12-23,94.290001,94.739998,94.00,94.449997,2206200,82.014819
2010-12-22,94.779999,94.779999,94.110001,94.57,2611800,82.119022
2010-12-21,93.699997,94.889999,93.239998,94.629997,4108200,82.17112
2010-12-20,93.370003,93.550003,92.529999,93.300003,3523200,81.016232
2010-12-17,93.400002,93.410004,92.25,92.589996,6467000,80.399704
2010-12-16,93.190002,93.650002,92.540001,93.199997,4863400,80.929392
2010-12-15,92.75,94.330002,92.660004,93.120003,8314300,80.85993
2010-12-14,92.190002,92.910004,91.510002,92.089996,4944100,79.965533
2010-12-13,90.650002,92.370003,90.199997,91.629997,6637100,79.566097
2010-12-10,89.790001,90.160004,89.389999,89.940002,3313200,78.098605
2010-12-09,90.129997,90.239998,89.019997,89.669998,3832300,77.864149
2010-12-08,90.260002,90.900002,89.290001,89.620003,5246500,77.820736
2010-12-07,89.949997,92.00,89.949997,90.349998,11247700,78.454621
2010-12-06,89.279999,89.68,88.57,89.199997,4341500,77.456028
2010-12-03,88.360001,89.489998,87.830002,89.379997,4996600,77.612329
2010-12-02,87.449997,88.889999,87.449997,88.620003,6349200,76.952395
2010-12-01,85.029999,87.800003,85.00,87.449997,8858600,75.936431
2010-11-30,82.830002,84.919998,82.760002,84.599998,7768400,73.46166
2010-11-29,83.709999,83.889999,82.550003,83.669998,5085700,72.654102
2010-11-26,83.830002,84.25,83.449997,84.129997,2520700,73.053538
2010-11-24,83.25,84.790001,83.25,84.690002,5865900,73.539814
2010-11-23,83.279999,83.379997,82.010002,82.629997,5739200,71.751027
2010-11-22,83.879997,84.349998,82.790001,84.00,6411200,72.940656
2010-11-19,83.089996,83.980003,82.510002,83.970001,5740500,72.914607
2010-11-18,82.50,83.43,82.269997,83.110001,6638700,72.167833
2010-11-17,80.559998,81.449997,80.010002,81.169998,5402900,70.483249
2010-11-16,81.879997,82.18,79.699997,80.370003,12510000,69.78858
2010-11-15,79.889999,83.580002,79.800003,81.82,15814200,71.047672
2010-11-12,81.839996,82.529999,80.040001,81.040001,6156900,70.370367
2010-11-11,81.730003,82.660004,81.519997,82.440002,5006000,71.586046
2010-11-10,82.160004,82.839996,81.300003,82.459999,5944000,71.60341
2010-11-09,83.199997,83.470001,81.410004,81.910004,6030100,71.125827
2010-11-08,83.25,83.550003,82.400002,83.120003,4283800,72.176519
2010-11-05,83.25,83.839996,82.93,83.540001,6271600,72.54122
2010-11-04,80.82,83.279999,80.760002,83.18,13044100,72.228617
2010-11-03,79.82,79.949997,78.550003,79.879997,5771800,69.363089
2010-11-02,79.989998,80.43,79.519997,79.75,4941400,69.250207
2010-11-01,78.970001,80.18,78.510002,79.269997,7470500,68.8334
2010-10-29,77.610001,78.75,77.580002,78.599998,4563900,68.251613
2010-10-28,78.870003,79.00,76.779999,77.739998,7055800,67.504839
2010-10-27,78.199997,78.410004,77.120003,78.220001,6782800,67.921646
2010-10-26,78.110001,79.059998,77.870003,78.650002,6240500,68.295033
2010-10-25,78.709999,80.00,78.50,79.050003,6484700,68.64237
2010-10-22,78.760002,78.910004,77.860001,78.330002,6445800,68.017164
2010-10-21,80.989998,81.199997,77.510002,78.889999,17736900,68.503433
2010-10-20,78.900002,80.779999,78.809998,80.32,9662300,69.363089
2010-10-19,78.970001,79.709999,77.769997,78.550003,9857200,67.834548
2010-10-18,79.949997,80.510002,79.660004,80.239998,6542700,69.294001
2010-10-15,80.279999,80.470001,79.00,79.75,6522900,68.870846
2010-10-14,80.489998,80.830002,79.269997,79.910004,5663900,69.009023
2010-10-13,80.360001,81.190002,80.080002,80.290001,8493200,69.337183
2010-10-12,79.75,79.75,78.300003,79.339996,10034200,68.516774
2010-10-11,80.029999,80.75,79.510002,79.980003,4593700,69.069474
2010-10-08,79.410004,81.00,78.93,80.370003,14296600,69.406271
2010-10-07,79.459999,79.790001,77.849998,78.739998,8978100,67.998624
2010-10-06,79.599998,79.900002,78.480003,79.080002,6252200,68.292246
2010-10-05,78.480003,79.760002,78.199997,79.400002,7140300,68.568593
2010-10-04,78.019997,78.260002,76.510002,77.269997,6418700,66.729154
2010-10-01,78.290001,78.879997,77.529999,78.220001,8540800,67.549563
2010-09-30,80.040001,80.080002,78.209999,78.68,11940800,67.946811
2010-09-29,79.599998,80.00,79.419998,79.989998,7939900,69.078105
2010-09-28,79.440002,79.940002,78.43,79.669998,7784800,68.801758
2010-09-27,79.699997,79.980003,78.900002,79.540001,8361900,68.689494
2010-09-24,77.800003,79.93,77.620003,79.730003,14218600,68.853578
2010-09-23,75.419998,77.50,75.00,76.260002,8745800,65.856939
2010-09-22,76.25,76.50,75.50,76.18,8386100,65.787851
2010-09-21,74.790001,77.110001,74.720001,76.389999,14968300,65.969203
2010-09-20,73.260002,74.800003,72.879997,74.75,8886300,64.552925
2010-09-17,72.220001,73.309998,71.089996,73.18,11341800,63.197098
2010-09-16,71.919998,72.349998,71.279999,72.00,6233000,62.178068
2010-09-15,71.379997,72.269997,70.800003,72.129997,5506100,62.290332
2010-09-14,72.279999,72.370003,71.57,71.830002,6040400,62.03126
2010-09-13,71.959999,72.480003,71.709999,72.239998,7694600,62.385327
2010-09-10,70.93,71.559998,70.370003,71.260002,5018300,61.539018
2010-09-09,71.559998,71.830002,70.010002,70.639999,5355900,61.003593
2010-09-08,69.980003,71.480003,69.949997,70.739998,6323200,61.08995
2010-09-07,69.779999,70.050003,68.800003,69.699997,6841700,60.191822
2010-09-03,69.949997,70.589996,69.540001,70.080002,7837700,60.519988
2010-09-02,68.349998,68.790001,67.75,68.540001,5293400,59.190067
2010-09-01,67.050003,68.540001,66.349998,68.160004,9071200,58.861908
2010-08-31,64.139999,65.849998,63.919998,65.160004,6760700,56.271155
2010-08-30,66.139999,66.160004,64.459999,64.470001,5133900,55.67528
2010-08-27,64.760002,66.150002,63.360001,65.900002,7486300,56.910205
2010-08-26,64.830002,65.82,63.77,63.950001,7075100,55.226215
2010-08-25,64.290001,64.980003,63.34,64.699997,8679500,55.8739
2010-08-24,65.589996,65.839996,64.309998,65.040001,9669800,56.167522
2010-08-23,68.699997,69.75,66.720001,66.839996,8878600,57.72197
2010-08-20,69.400002,69.540001,67.459999,68.860001,8022000,59.466414
2010-08-19,69.870003,70.50,68.419998,69.290001,9625400,59.837756
2010-08-18,69.82,70.440002,69.059998,69.75,4988000,60.235004
2010-08-17,69.440002,70.760002,69.300003,69.739998,5946900,60.226366
2010-08-16,67.620003,68.980003,67.059998,68.489998,5432500,59.146885
2010-08-13,67.739998,68.459999,67.209999,68.010002,6659300,58.732369
2010-08-12,67.50,68.00,66.779999,67.50,7639900,58.291939
2010-08-11,70.010002,70.160004,68.349998,68.709999,9221200,59.336875
2010-08-10,70.879997,71.989998,70.580002,71.419998,6082400,61.677188
2010-08-09,72.059998,72.18,71.419998,72.07,3625400,62.238519
2010-08-06,71.010002,71.93,70.300003,71.559998,5463400,61.798089
2010-08-05,70.82,72.25,70.809998,71.959999,7415000,62.143524
2010-08-04,70.279999,71.470001,70.279999,71.120003,6204800,61.418116
2010-08-03,70.57,71.029999,69.879997,70.370003,5878900,60.770428
2010-08-02,70.739998,71.699997,70.07,71.050003,6304100,61.357666
2010-07-30,68.389999,70.25,68.389999,69.75,7218100,60.235004
2010-07-29,69.839996,70.290001,68.209999,69.400002,7671300,59.93275
2010-07-28,68.699997,69.849998,68.699997,69.720001,7609900,60.209097
2010-07-27,70.18,70.18,68.089996,69.18,11948000,59.742761
2010-07-26,69.410004,70.080002,69.080002,69.989998,8878400,60.442262
2010-07-23,67.50,69.639999,67.330002,69.309998,8865900,59.855024
2010-07-22,67.410004,68.620003,66.459999,68.00,15905800,58.723731
2010-07-21,66.989998,68.050003,66.190002,66.870003,11432400,57.747883
2010-07-20,63.560001,66.769997,63.560001,66.43,9468600,57.367904
2010-07-19,64.360001,65.230003,63.560001,64.800003,6826400,55.960264
2010-07-16,65.760002,65.790001,63.75,63.939999,8504100,55.217578
2010-07-15,66.379997,66.589996,65.360001,66.510002,8101700,57.057014
2010-07-14,66.349998,66.910004,65.519997,66.699997,6851200,57.220005
2010-07-13,65.879997,67.360001,65.309998,66.790001,10081500,57.297217
2010-07-12,64.50,65.099998,63.869999,64.279999,4915400,55.143958
2010-07-09,63.119999,64.849998,63.00,64.720001,6456900,55.521423
2010-07-08,63.080002,63.349998,62.18,63.169998,6058800,54.191721
2010-07-07,59.849998,62.27,59.669998,62.18,7592900,53.34243
2010-07-06,60.599998,61.650002,59.209999,59.810001,9357300,51.309276
2010-07-02,60.299999,60.66,58.619999,59.18,7878200,50.768816
2010-07-01,59.669998,60.700001,58.060001,59.970001,11598200,51.446535
2010-06-30,61.02,61.939999,59.91,60.07,9630300,51.532321
2010-06-29,62.740002,62.860001,60.25,60.849998,13057100,52.20146
2010-06-28,64.449997,65.300003,64.010002,64.400002,6836700,55.246905
2010-06-25,63.540001,64.709999,62.919998,64.709999,12068800,55.512843
2010-06-24,63.810001,64.449997,63.049999,63.369999,8658200,54.363295
2010-06-23,64.059998,64.870003,62.639999,64.330002,9037100,55.186854
2010-06-22,66.300003,66.480003,63.880001,64.110001,8659600,54.998122
2010-06-21,67.559998,68.349998,65.550003,66.07,11652400,56.679548
2010-06-18,65.129997,65.900002,64.57,65.849998,11005600,56.490816
2010-06-17,64.629997,64.989998,63.669998,64.949997,10574600,55.71873
2010-06-16,62.91,64.519997,62.73,64.389999,10561900,55.238324
2010-06-15,61.799999,63.560001,61.50,63.459999,11870300,54.440504
2010-06-14,61.419998,62.560001,60.880001,61.00,9783000,52.330142
2010-06-11,59.220001,60.240002,58.990002,60.23,7341400,51.66958
2010-06-10,58.310001,60.00,58.00,59.950001,9704700,51.429378
2010-06-09,57.490002,58.849998,56.59,56.810001,9749300,48.735663
2010-06-08,56.009998,57.18,54.889999,56.610001,11604900,48.564088
2010-06-07,58.009998,58.279999,55.799999,55.830002,8904600,47.894949
2010-06-04,59.490002,60.200001,57.360001,57.759998,10279600,49.550638
2010-06-03,62.290001,62.360001,60.419998,61.110001,8982700,52.424508
2010-06-02,59.900002,60.900002,59.279999,60.860001,9453500,52.21004
2010-06-01,60.040001,61.639999,59.220001,59.27,8340800,50.846025
2010-05-28,62.419998,62.419998,60.049999,60.759998,7704900,52.124251
2010-05-27,61.360001,62.119999,60.82,62.060001,9555100,53.239486
2010-05-26,59.630001,61.400002,59.25,59.73,11566900,51.240645
2010-05-25,56.349998,59.360001,55.740002,59.209999,13793600,50.794551
2010-05-24,60.060001,61.110001,59.09,59.220001,11176700,50.803132
2010-05-21,57.299999,60.50,57.200001,60.09,15889900,51.549479
2010-05-20,59.07,60.41,58.00,58.669998,22798500,50.3313
2010-05-19,62.939999,63.169998,59.279999,61.439999,18582700,52.707604
2010-05-18,64.910004,65.529999,62.849998,63.189999,9594300,54.208878
2010-05-17,65.010002,65.739998,61.990002,63.779999,11881200,54.715022
2010-05-14,65.959999,66.190002,63.91,64.879997,9938400,55.658679
2010-05-13,68.150002,68.400002,66.669998,66.910004,6531000,57.400163
2010-05-12,66.660004,68.300003,66.599998,68.150002,7791600,58.463922
2010-05-11,65.18,66.980003,65.00,66.07,7481300,56.679548
2010-05-10,65.879997,67.00,65.190002,66.690002,11852100,57.211431
2010-05-07,63.049999,64.449997,60.639999,62.099998,15724700,53.273799
2010-05-06,65.849998,66.940002,58.799999,63.50,19363500,54.47482
2010-05-05,65.860001,67.440002,64.080002,65.959999,11419500,56.585182
2010-05-04,68.559998,68.559998,66.25,66.699997,12558100,57.220005
2010-05-03,68.370003,70.160004,68.089996,69.940002,7885900,59.999512
2010-04-30,70.989998,71.360001,67.82,68.089996,9428100,58.412445
2010-04-29,69.959999,70.760002,69.620003,70.75,7916800,60.694386
2010-04-28,69.43,70.269997,68.599998,68.970001,8232800,59.167376
2010-04-27,71.25,71.580002,68.279999,68.529999,14323100,58.789911
2010-04-26,70.879997,72.830002,70.650002,71.650002,20131900,61.466471
2010-04-23,67.199997,68.949997,66.989998,68.779999,9044500,59.004378
2010-04-22,66.669998,67.650002,65.970001,67.510002,8718700,57.914885
2010-04-21,67.739998,67.919998,66.699997,67.75,6357500,57.760466
2010-04-20,67.709999,68.300003,67.400002,67.50,7695400,57.547328
2010-04-19,66.599998,67.699997,65.769997,66.989998,7969400,57.112524
2010-04-16,68.050003,68.230003,66.339996,66.879997,10385300,57.018743
2010-04-15,67.160004,68.709999,67.160004,68.220001,7129500,58.161167
2010-04-14,66.370003,67.370003,66.199997,67.279999,5497400,57.359765
2010-04-13,66.699997,67.25,66.160004,66.190002,7001400,56.430486
2010-04-12,65.93,67.00,65.760002,66.730003,11837000,56.890865
2010-04-09,64.900002,65.519997,64.82,65.269997,6022900,55.646132
2010-04-08,64.050003,64.650002,63.549999,64.480003,5418000,54.972621
2010-04-07,65.25,65.379997,64.00,64.470001,6973000,54.964094
2010-04-06,64.809998,65.470001,64.57,65.290001,6389000,55.663187
2010-04-05,64.360001,65.00,64.199997,64.989998,6695600,55.407418
2010-04-01,63.290001,64.199997,63.290001,63.990002,7829300,54.554869
2010-03-31,62.759998,63.50,62.630001,62.849998,6660800,53.582955
2010-03-30,63.380001,63.630001,62.810001,63.16,6183200,53.847248
2010-03-29,62.759998,63.599998,62.759998,63.48,6986500,54.120065
2010-03-26,62.400002,63.18,61.990002,62.439999,7887300,53.233409
2010-03-25,62.68,63.709999,62.049999,62.139999,11361900,52.977644
2010-03-24,61.959999,62.540001,61.419998,62.060001,11447400,52.909441
2010-03-23,60.099998,62.509998,60.009998,62.41,14315300,53.207833
2010-03-22,58.700001,60.27,58.66,59.950001,7512500,51.110554
2010-03-19,59.369999,60.310001,58.950001,59.369999,9425500,50.616071
2010-03-18,59.610001,60.389999,59.34,59.77,7204200,50.957094
2010-03-17,59.650002,60.50,59.490002,60.220001,7925400,51.340743
2010-03-16,59.650002,59.68,58.84,59.450001,7281000,50.684277
2010-03-15,60.040001,60.25,58.380001,59.470001,7906700,50.701329
2010-03-12,59.529999,60.490002,59.349998,60.360001,9688800,51.4601
2010-03-11,58.790001,58.98,57.919998,58.900002,6166500,50.215374
2010-03-10,59.110001,59.50,58.43,58.779999,6529900,50.113065
2010-03-09,58.459999,59.720001,58.400002,59.18,7692500,50.454087
2010-03-08,59.470001,59.490002,58.57,58.91,4755100,50.223898
2010-03-05,59.41,59.580002,58.900002,59.23,6626900,50.496714
2010-03-04,58.790001,59.00,57.810001,58.450001,6195600,49.831724
2010-03-03,58.450001,59.93,58.389999,58.57,8833800,49.93403
2010-03-02,58.279999,58.82,58.02,58.150002,6583600,49.575959
2010-03-01,57.330002,58.389999,57.25,57.849998,8398500,49.32019
2010-02-26,56.939999,57.240002,56.099998,57.049999,6108500,48.638149
2010-02-25,55.330002,57.02,54.209999,56.790001,9965600,48.416486
2010-02-24,56.669998,57.459999,56.459999,56.959999,5810100,48.561419
2010-02-23,57.889999,58.380001,56.220001,56.66,10311000,48.305653
2010-02-22,58.73,58.970001,58.00,58.029999,6994800,49.47365
2010-02-19,57.59,58.48,57.310001,58.25,8005800,49.661213
2010-02-18,57.150002,58.049999,56.849998,57.810001,6844000,49.286091
2010-02-17,58.049999,58.349998,57.220001,57.50,8450800,49.021798
2010-02-16,56.77,57.240002,56.189999,57.119999,7364200,48.697827
2010-02-12,55.09,56.549999,54.610001,56.200001,13447700,47.91348
2010-02-11,53.099998,56.27,52.669998,56.150002,16405500,47.870853
2010-02-10,53.650002,54.049999,52.450001,53.150002,8581500,45.313194
2010-02-09,52.700001,54.25,52.549999,53.529999,15494200,45.637162
2010-02-08,51.639999,52.150002,50.50,50.779999,8668700,43.292641
2010-02-05,51.209999,51.98,50.689999,51.75,15988800,44.119618
2010-02-04,52.799999,52.860001,51.380001,51.400002,11640200,43.821226
2010-02-03,53.200001,54.00,53.099998,53.389999,6340800,45.517805
2010-02-02,53.48,53.720001,52.619999,53.549999,7665400,45.654213
2010-02-01,52.82,53.50,52.50,52.939999,7159100,45.134155
2010-01-29,52.779999,53.779999,52.00,52.240002,13962000,44.537371
2010-01-28,53.82,53.830002,51.200001,51.860001,15623100,44.2134
2010-01-27,52.959999,53.84,51.029999,53.439999,34041000,45.560432
2010-01-26,54.990002,56.939999,54.599998,55.849998,15218300,47.615084
2010-01-25,55.16,56.189999,54.830002,55.139999,9777300,47.009772
2010-01-22,56.580002,57.540001,54.02,54.25,14757600,46.251001
2010-01-21,59.50,59.900002,56.700001,56.849998,13874900,48.467637
2010-01-20,60.169998,60.43,59.310001,59.759998,6953500,50.948566
2010-01-19,59.759998,61.200001,59.349998,60.93,8056500,51.946055
2010-01-15,61.450001,61.669998,60.009998,60.119999,9397000,51.255486
2010-01-14,62.099998,62.84,61.75,61.98,6224100,52.483166
2010-01-13,62.099998,62.779999,61.380001,62.330002,8398700,52.779539
2010-01-12,63.009998,63.16,61.18,62.240002,13561900,52.703329
2010-01-11,60.950001,64.419998,60.849998,64.129997,21958800,54.303732
2010-01-08,59.25,60.369999,59.25,60.34,6651300,51.094454
2010-01-07,59.299999,59.900002,58.650002,59.669998,5432900,50.527112
2010-01-06,59.18,59.93,59.049999,59.43,4718800,50.323888
2010-01-05,58.549999,59.439999,58.23,59.25,5697200,50.171468
2010-01-04,57.650002,59.189999,57.509998,58.549999,7325600,49.578724
2009-12-31,57.599998,57.959999,56.990002,56.990002,3859700,48.257756
2009-12-30,57.98,58.220001,57.75,58.049999,3479800,49.155336
2009-12-29,58.57,58.740002,58.130001,58.18,2879300,49.265418
2009-12-28,58.50,58.68,58.169998,58.509998,3789800,49.544852
2009-12-24,58.349998,58.630001,58.189999,58.330002,1507800,49.392436
2009-12-23,58.049999,58.57,57.889999,58.32,4047700,49.383966
2009-12-22,57.560001,57.98,57.32,57.889999,4280000,49.019852
2009-12-21,57.560001,57.93,57.299999,57.599998,5339700,48.774287
2009-12-18,58.07,58.099998,56.720001,57.189999,7236400,48.427109
2009-12-17,57.93,57.990002,57.009998,57.529999,5700400,48.715012
2009-12-16,58.43,58.849998,58.00,58.23,6738800,49.307756
2009-12-15,58.220001,58.439999,57.799999,58.200001,4950100,49.282354
2009-12-14,58.00,58.450001,57.75,58.299999,4585300,49.36703
2009-12-11,57.240002,57.650002,56.639999,57.509998,5364700,48.698077
2009-12-10,56.91,57.27,56.509998,56.939999,6303900,48.215415
2009-12-09,56.360001,56.59,55.400002,56.18,8552300,47.571866
2009-12-08,57.139999,57.189999,56.25,56.380001,6480000,47.741222
2009-12-07,58.419998,58.419998,57.310001,57.560001,6834500,48.740418
2009-12-04,59.130001,59.619999,57.259998,58.299999,10448100,49.36703
2009-12-03,59.119999,60.00,58.00,58.200001,7593300,49.282354
2009-12-02,59.849998,60.080002,58.549999,58.939999,7872000,49.908966
2009-12-01,59.240002,60.25,59.049999,59.68,9823800,50.535582
2009-11-30,57.82,58.509998,57.310001,58.389999,9718500,49.44324
2009-11-27,57.040001,58.330002,56.75,57.450001,5189600,48.647272
2009-11-25,58.02,59.34,57.450001,59.040001,6236500,49.993646
2009-11-24,58.110001,58.369999,57.240002,58.00,6625800,49.112998
2009-11-23,58.959999,59.830002,57.959999,58.139999,9476000,49.231546
2009-11-20,58.099998,58.240002,57.040001,57.950001,8698100,49.07066
2009-11-19,58.720001,58.740002,57.599998,58.610001,8235500,49.629532
2009-11-18,59.959999,60.139999,59.00,59.41,6626100,50.306952
2009-11-17,60.049999,60.169998,59.049999,59.880001,7096000,50.704938
2009-11-16,59.50,60.900002,59.25,60.400002,8333600,51.145261
2009-11-13,58.849998,59.25,58.200001,58.779999,6442100,49.773482
2009-11-12,59.830002,60.119999,58.18,58.57,7588100,49.59566
2009-11-11,60.759998,60.82,59.470001,60.060001,7496100,50.857358
2009-11-10,59.830002,60.330002,59.07,59.959999,8872900,50.772678
2009-11-09,58.380001,60.09,58.240002,60.00,12250500,50.80655
2009-11-06,57.380001,58.200001,56.540001,57.599998,6160600,48.774287
2009-11-05,56.740002,58.09,56.59,57.990002,6843500,49.104532
2009-11-04,56.93,57.830002,56.099998,56.220001,8643700,47.605738
2009-11-03,54.98,56.73,54.639999,56.459999,7770500,47.808963
2009-11-02,55.700001,56.720001,54.259998,55.490002,9967300,46.987592
2009-10-30,57.09,57.900002,54.639999,55.060001,12047400,46.623478
2009-10-29,55.299999,57.34,55.02,57.25,9873200,48.477916
2009-10-28,56.220001,57.060001,54.419998,54.43,12086300,46.090009
2009-10-27,56.900002,57.599998,56.389999,56.689999,10948800,48.003721
2009-10-26,57.990002,59.080002,56.830002,57.07,9793200,48.325496
2009-10-23,58.610001,59.59,57.43,57.599998,8775700,48.774287
2009-10-22,57.799999,58.900002,56.299999,58.740002,11376500,49.739614
2009-10-21,59.049999,60.119999,58.23,58.400002,17064300,49.096062
2009-10-20,61.169998,61.279999,58.369999,59.610001,33896900,50.113291
2009-10-19,54.889999,58.200001,54.860001,57.849998,18786400,48.633682
2009-10-16,54.110001,54.75,53.619999,54.57,8837900,45.876233
2009-10-15,54.00,54.790001,53.509998,54.77,7367400,46.044371
2009-10-14,53.52,54.509998,53.049999,54.509998,9191300,45.82579
2009-10-13,52.900002,53.189999,52.080002,52.740002,6511700,44.337779
2009-10-12,53.990002,54.00,52.810001,53.049999,6686100,44.59839
2009-10-09,52.509998,53.700001,52.310001,53.639999,8049900,45.094395
2009-10-08,52.529999,53.259998,51.759998,53.09,11193400,44.632018
2009-10-07,51.25,52.080002,51.25,51.900002,7437300,43.631603
2009-10-06,51.400002,52.389999,50.689999,51.700001,9776300,43.463465
2009-10-05,49.200001,50.799999,49.049999,50.75,8668000,42.664813
2009-10-02,48.68,49.450001,47.50,48.830002,10681200,41.050697
2009-10-01,50.82,51.09,49.299999,49.450001,12845600,41.571922
2009-09-30,52.200001,52.470001,50.369999,51.330002,10647200,43.152412
2009-09-29,52.23,52.889999,51.490002,51.599998,7536500,43.379394
2009-09-28,51.75,52.400002,51.25,52.18,6040400,43.866994
2009-09-25,52.169998,52.720001,51.049999,51.200001,10786700,43.043122
2009-09-24,53.279999,53.799999,51.099998,51.849998,11799300,43.589566
2009-09-23,54.43,54.709999,53.110001,53.139999,9615400,44.674052
2009-09-22,52.990002,54.43,52.860001,54.34,11179500,45.682875
2009-09-21,52.68,53.43,51.82,52.459999,10109400,44.102385
2009-09-18,54.110001,54.490002,52.939999,53.419998,12397800,44.909443
2009-09-17,52.59,54.470001,52.509998,53.889999,15284900,45.304566
2009-09-16,52.310001,52.939999,51.939999,52.619999,12789100,44.236895
2009-09-15,49.110001,52.119999,48.650002,51.700001,20593500,43.463465
2009-09-14,48.02,49.099998,47.75,48.77,6909200,41.000255
2009-09-11,48.720001,49.110001,47.810001,48.529999,9760200,40.798489
2009-09-10,48.130001,48.75,47.630001,48.689999,8196200,40.932998
2009-09-09,47.040001,48.75,46.50,48.41,12361900,40.697607
2009-09-08,46.900002,47.27,46.360001,46.970001,7448100,39.487021
2009-09-04,45.029999,46.32,44.84,46.110001,7398500,38.76403
2009-09-03,44.310001,45.119999,43.630001,45.040001,8784300,37.864497
2009-09-02,43.84,44.040001,43.189999,43.509998,8886000,36.578245
2009-09-01,44.900002,46.509998,43.740002,43.84,13899800,36.855673
2009-08-31,45.77,45.900002,44.900002,45.310001,10475100,38.091482
2009-08-28,47.580002,48.00,46.259998,46.709999,7568400,39.268441
2009-08-27,47.00,47.360001,45.919998,47.080002,8307200,39.579497
2009-08-26,47.709999,47.759998,46.75,47.25,7900100,39.722412
2009-08-25,47.790001,48.330002,47.360001,47.830002,9574900,40.210011
2009-08-24,47.900002,48.93,47.34,47.560001,9772600,39.983026
2009-08-21,46.029999,47.330002,45.619999,47.299999,12327500,39.764445
2009-08-20,44.93,45.639999,44.66,45.50,6887900,38.251211
2009-08-19,44.00,45.75,43.599998,45.169998,9045000,37.973783
2009-08-18,44.200001,45.279999,44.060001,45.110001,8892000,37.923344
2009-08-17,44.75,44.75,43.279999,43.950001,11384300,36.948149
2009-08-14,47.169998,47.25,45.439999,46.00,9107200,38.671554
2009-08-13,48.02,48.060001,46.639999,47.169998,9605800,39.655155
2009-08-12,45.900002,48.049999,45.599998,47.580002,11464600,39.99984
2009-08-11,46.77,46.799999,45.029999,46.279999,13091100,38.906945
2009-08-10,47.59,48.200001,46.59,47.150002,11555300,39.638344
2009-08-07,47.950001,48.220001,47.419998,47.779999,15352200,40.167974
2009-08-06,47.119999,47.799999,46.560001,47.139999,12246500,39.629936
2009-08-05,47.759998,48.080002,46.43,46.639999,15593200,39.209593
2009-08-04,45.450001,47.950001,45.349998,47.889999,25328500,40.26045
2009-08-03,44.68,45.490002,44.34,45.119999,12258800,37.93175
2009-07-31,43.259998,44.470001,43.00,44.060001,11731800,37.040625
2009-07-30,42.650002,43.869999,42.610001,43.41,14918100,36.494178
2009-07-29,42.540001,42.549999,41.299999,41.830002,12387200,35.165895
2009-07-28,42.34,43.580002,41.900002,42.900002,16693600,36.065429
2009-07-27,41.849998,42.990002,41.549999,42.860001,14323100,36.031801
2009-07-24,40.93,42.080002,40.25,42.00,17007900,35.30881
2009-07-23,38.759998,41.50,38.599998,41.259998,19367900,34.686701
2009-07-22,38.470001,39.389999,38.099998,38.66,16656500,32.500919
2009-07-21,40.810001,41.450001,38.040001,39.459999,62789300,33.173467
2009-07-20,35.32,36.75,35.25,36.650002,21979800,30.811142
2009-07-17,33.98,34.299999,33.790001,33.990002,8814500,28.574917
2009-07-16,33.599998,34.259998,33.139999,34.150002,10224700,28.709427
2009-07-15,32.389999,33.970001,32.389999,33.84,18065800,28.095726
2009-07-14,31.50,31.959999,31.219999,31.93,10124900,26.509944
2009-07-13,30.809999,31.799999,30.25,31.799999,11100500,26.402011
2009-07-10,30.40,30.65,30.030001,30.530001,10456100,25.347592
2009-07-09,31.15,31.34,30.58,30.65,10181900,25.447221
2009-07-08,30.49,30.709999,30.01,30.58,15867800,25.389104
2009-07-07,31.620001,31.77,30.24,30.290001,14612100,25.148332
2009-07-06,31.57,31.83,30.959999,31.700001,10887100,26.318987
2009-07-02,32.790001,32.790001,31.74,31.74,13560800,26.352196
2009-07-01,33.48,34.150002,33.150002,33.189999,11585100,27.55606
2009-06-30,34.689999,34.740002,32.990002,33.040001,16878900,27.431525
2009-06-29,34.860001,35.299999,34.150002,34.740002,6831400,28.842954
2009-06-26,34.540001,35.200001,34.099998,34.560001,12586700,28.693508
2009-06-25,33.919998,34.790001,33.18,34.490002,11633400,28.635391
2009-06-24,33.52,34.360001,33.130001,33.400002,10348300,27.730416
2009-06-23,32.470001,33.150002,32.139999,33.00,10935700,27.398314
2009-06-22,33.459999,33.490002,32.009998,32.360001,14197900,26.866953
2009-06-19,34.450001,34.599998,33.450001,33.650002,14484700,27.937979
2009-06-18,34.919998,34.93,33.549999,34.080002,16245700,28.294987
2009-06-17,35.200001,35.27,33.75,34.799999,15381900,28.892767
2009-06-16,36.459999,36.970001,35.389999,35.560001,12501500,29.52376
2009-06-15,37.009998,37.09,35.869999,36.119999,10456700,29.988699
2009-06-12,37.470001,37.77,37.02,37.73,8567400,31.325405
2009-06-11,37.790001,38.290001,37.25,37.610001,10273800,31.225776
2009-06-10,38.740002,38.75,36.93,37.619999,14923900,31.234077
2009-06-09,38.50,38.900002,37.900002,38.240002,10475400,31.748835
2009-06-08,38.029999,38.880001,36.900002,38.57,13725300,32.022817
2009-06-05,38.52,38.759998,37.34,38.470001,15819100,31.939793
2009-06-04,36.860001,38.220001,36.279999,38.02,11317900,31.566179
2009-06-03,37.00,37.209999,36.23,36.66,9236400,30.437036
2009-06-02,37.509998,37.950001,37.189999,37.450001,7734900,31.092935
2009-06-01,36.369999,37.73,36.349998,37.549999,14336900,31.175959
2009-05-29,34.959999,35.619999,34.790001,35.459999,11076700,29.440733
2009-05-28,34.790001,34.799999,33.439999,34.59,15118800,28.718414
2009-05-27,35.50,35.59,34.849998,35.049999,13517600,29.10033
2009-05-26,34.380001,35.84,34.029999,35.00,13792600,29.058818
2009-05-22,36.049999,36.099998,34.18,34.310001,14292900,28.485945
2009-05-21,36.759998,37.009998,35.369999,35.540001,14108000,29.507154
2009-05-20,38.09,39.299999,37.169998,37.299999,13806100,30.968396
2009-05-19,38.290001,38.50,37.540001,37.669998,10539200,31.275589
2009-05-18,36.529999,37.82,36.110001,37.779999,11012400,31.366917
2009-05-15,36.060001,36.950001,35.150002,35.740002,14010000,29.673205
2009-05-14,35.869999,36.779999,35.380001,36.07,12056100,29.947187
2009-05-13,36.970001,37.029999,35.779999,36.080002,13415600,29.955491
2009-05-12,38.740002,39.00,37.130001,38.060001,11919800,31.59939
2009-05-11,38.75,39.080002,38.07,38.43,9486400,31.906582
2009-05-08,38.490002,39.919998,38.279999,39.639999,15556000,32.911186
2009-05-07,40.540001,40.959999,37.209999,37.919998,16972200,31.483152
2009-05-06,39.939999,40.639999,38.41,40.00,14755200,33.210077
2009-05-05,38.349998,39.580002,38.25,39.41,13609800,32.720229
2009-05-04,37.93,38.919998,37.599998,38.48,14399700,31.948094
2009-05-01,35.869999,37.709999,35.650002,37.259998,14113400,30.935186
2009-04-30,34.419998,36.400002,34.349998,35.580002,20103300,29.540365
2009-04-29,33.169998,34.150002,33.00,33.689999,11981200,27.971186
2009-04-28,33.00,33.549999,32.400002,32.779999,8480400,27.215657
2009-04-27,32.73,34.099998,32.689999,33.389999,9647500,27.722112
2009-04-24,32.650002,34.189999,32.240002,33.630001,15805800,27.921373
2009-04-23,32.73,32.740002,31.469999,32.450001,16288600,26.941676
2009-04-22,31.559999,34.919998,31.40,32.450001,29665400,26.941676
2009-04-21,28.98,31.700001,28.50,31.389999,29526100,26.061608
2009-04-20,31.620001,31.620001,30.17,30.48,14373800,25.306079
2009-04-17,32.68,32.720001,31.209999,32.290001,14723000,26.808836
2009-04-16,32.50,33.119999,31.33,32.709999,16226000,27.15754
2009-04-15,32.599998,33.200001,32.07,33.02,11224800,27.066213
2009-04-14,32.669998,33.939999,32.41,32.700001,11034600,26.803912
2009-04-13,32.25,33.560001,31.48,33.16,12458400,27.180969
2009-04-09,30.51,32.700001,30.51,32.52,18171400,26.656367
2009-04-08,29.77,30.35,28.879999,29.57,12817200,24.238277
2009-04-07,30.389999,30.50,29.379999,29.450001,13156900,24.139915
2009-04-06,31.719999,32.00,30.23,31.309999,11067500,25.66454
2009-04-03,31.60,32.700001,30.92,32.150002,13674000,26.353082
2009-04-02,30.290001,31.98,30.00,31.540001,21643000,25.85307
2009-04-01,27.50,29.52,27.440001,28.99,15308300,23.762856
2009-03-31,28.16,28.450001,27.440001,27.959999,13405900,22.918573
2009-03-30,29.34,29.50,27.049999,27.530001,15827700,22.566107
2009-03-27,30.200001,30.74,29.75,30.35,11277500,24.877637
2009-03-26,29.57,30.98,29.450001,30.780001,16161100,25.230104
2009-03-25,30.139999,30.99,27.690001,28.91,20700600,23.697281
2009-03-24,29.540001,30.33,28.540001,29.40,13690200,24.098929
2009-03-23,28.139999,29.65,27.530001,29.629999,14463000,24.287458
2009-03-20,28.629999,28.90,26.73,27.07,16531300,22.189048
2009-03-19,27.969999,28.85,27.77,28.41,17542700,23.287435
2009-03-18,26.24,27.93,25.700001,27.469999,17978500,22.516924
2009-03-17,26.51,26.85,25.67,26.83,14259900,21.992322
2009-03-16,27.07,27.40,26.280001,26.42,13215200,21.656249
2009-03-13,27.440001,27.610001,26.02,26.780001,10861300,21.951338
2009-03-12,26.209999,27.17,25.27,27.02,13783900,22.148064
2009-03-11,26.969999,27.129999,25.66,26.309999,15780700,21.566082
2009-03-10,24.76,26.969999,24.530001,26.51,22468000,21.730021
2009-03-09,22.879999,24.860001,22.719999,23.92,19510700,19.60702
2009-03-06,23.90,24.91,22.52,23.23,19993500,19.041433
2009-03-05,24.700001,24.700001,23.18,23.49,21400000,19.254553
2009-03-04,23.809999,26.389999,23.66,25.440001,37251600,20.852952
2009-03-03,22.65,23.290001,21.709999,22.469999,22397200,18.418467
2009-03-02,24.07,24.200001,22.030001,22.17,21017600,18.17256
2009-02-27,23.75,25.23,23.50,24.610001,16872900,20.172608
2009-02-26,25.40,25.719999,24.15,24.23,14299600,19.861124
2009-02-25,26.040001,26.049999,24.360001,25.030001,17736700,20.516878
2009-02-24,25.25,26.32,24.42,26.040001,22352400,21.344767
2009-02-23,27.26,27.26,25.059999,25.120001,16294800,20.590651
2009-02-20,26.139999,27.27,26.02,26.66,19735100,21.852975
2009-02-19,28.950001,28.98,26.860001,27.02,17837600,22.148064
2009-02-18,29.16,29.219999,27.77,28.440001,17863600,23.312026
2009-02-17,30.299999,30.50,28.52,28.98,22207000,23.754659
2009-02-13,31.41,31.84,30.85,30.940001,10182000,25.361255
2009-02-12,30.75,31.09,30.030001,31.02,13662000,25.42683
2009-02-11,31.35,31.93,30.65,31.129999,10544900,25.516995
2009-02-10,32.860001,33.310001,30.610001,30.92,17205600,25.344861
2009-02-09,33.470001,33.599998,32.400002,32.720001,9063700,26.820306
2009-02-06,32.380001,33.849998,32.209999,33.279999,17010100,27.279331
2009-02-05,30.35,32.09,30.200001,31.610001,17793300,25.910448
2009-02-04,30.440001,31.57,30.200001,30.60,17419200,25.08256
2009-02-03,29.809999,31.030001,29.809999,29.99,18880200,24.582547
2009-02-02,30.10,30.799999,29.60,30.290001,16966700,24.828456
2009-01-30,31.58,31.73,30.059999,30.85,20956900,25.287482
2009-01-29,32.610001,32.66,31.629999,31.85,14575000,26.107174
2009-01-28,33.259998,33.509998,32.619999,33.00,13466700,27.049819
2009-01-27,33.240002,33.419998,32.099998,32.32,20354500,26.492428
2009-01-26,33.599998,34.240002,31.700001,32.669998,47390400,26.779319
2009-01-23,35.990002,37.23,35.009998,35.66,22677400,29.230198
2009-01-22,38.889999,39.00,36.330002,37.23,19268200,30.517113
2009-01-21,39.27,39.709999,37.720001,39.549999,10287000,32.418797
2009-01-20,39.150002,39.630001,38.00,38.32,11889900,31.410577
2009-01-16,40.59,40.59,38.060001,39.549999,12890100,32.418797
2009-01-15,39.16,39.98,37.290001,39.389999,15448300,32.287647
2009-01-14,40.00,40.34,38.25,39.349998,17261700,31.91059
2009-01-13,41.110001,41.889999,40.549999,41.400002,9281600,33.573024
2009-01-12,43.00,43.099998,40.630001,41.189999,9583700,33.402724
2009-01-09,43.91,44.060001,42.25,43.200001,8872300,35.032721
2009-01-08,42.93,44.110001,42.52,44.02,9384200,35.697693
2009-01-07,45.220001,45.599998,43.200001,43.669998,9026500,35.413861
2009-01-06,46.790001,46.799999,45.41,45.799999,10863400,37.14117
2009-01-05,46.900002,47.119999,45.810001,46.080002,11098700,37.368236
2009-01-02,44.91,46.98,44.709999,46.91,7117200,38.041317
2008-12-31,43.700001,45.099998,43.700001,44.669998,6277400,36.224804
2008-12-30,42.57,43.75,42.009998,43.66,5060400,35.405753
2008-12-29,42.709999,43.299999,41.709999,42.34,4973200,34.335309
2008-12-26,41.98,42.91,41.900002,42.720001,2855200,34.643468
2008-12-24,41.27,42.119999,41.00,41.91,2110200,33.986604
2008-12-23,42.080002,42.27,40.650002,41.130001,6449900,33.35407
2008-12-22,43.119999,43.490002,40.82,41.779999,9148600,33.88118
2008-12-19,42.720001,43.169998,41.91,42.689999,13271200,34.619138
2008-12-18,45.43,45.490002,42.009998,42.16,12694700,34.189339
2008-12-17,43.349998,45.700001,43.009998,44.650002,9688000,36.208588
2008-12-16,42.73,43.900002,41.119999,43.799999,11652300,35.519285
2008-12-15,42.57,43.060001,41.50,42.209999,8065200,34.229886
2008-12-12,40.049999,42.470001,40.00,42.080002,10389000,34.124466
2008-12-11,43.009998,44.889999,41.700001,42.200001,12132100,34.221778
2008-12-10,43.25,44.950001,42.900002,43.669998,15423400,35.413861
2008-12-09,42.049999,44.16,41.259998,42.380001,15381700,34.367748
2008-12-08,40.830002,44.040001,40.400002,42.419998,25502000,34.400183
2008-12-05,37.049999,38.650002,36.689999,38.259998,14260300,31.026662
2008-12-04,39.099998,39.389999,36.91,37.52,11379200,30.426566
2008-12-03,37.389999,40.060001,36.93,39.650002,14289200,32.153875
2008-12-02,37.299999,38.240002,36.529999,38.00,10440200,30.815818
2008-12-01,38.919998,38.919998,36.369999,36.580002,13152700,29.664281
2008-11-28,39.200001,41.18,39.200001,40.990002,5429800,33.240538
2008-11-26,36.00,39.349998,35.700001,39.330002,11110900,31.894374
2008-11-25,36.869999,37.619999,35.66,37.27,12915500,30.223831
2008-11-24,36.490002,36.939999,34.599998,36.34,16864600,29.469654
2008-11-21,33.66,34.849998,32.099998,34.669998,16836200,28.115378
2008-11-20,33.369999,35.560001,32.23,32.84,19824100,26.631355
2008-11-19,36.099998,36.419998,33.799999,33.869999,10596400,27.466625
2008-11-18,35.330002,36.299999,34.73,36.189999,12275800,29.348011
2008-11-17,36.709999,37.75,35.299999,35.700001,9379100,28.950651
2008-11-14,38.509998,39.389999,36.709999,36.959999,11991200,29.972437
2008-11-13,35.599998,39.540001,34.400002,39.41,17357500,31.959247
2008-11-12,36.549999,36.709999,35.049999,35.080002,10751000,28.447868
2008-11-11,36.880001,38.299999,36.57,36.869999,12705800,29.899452
2008-11-10,40.25,40.880001,36.82,37.41,13844100,30.337362
2008-11-07,38.490002,39.400002,37.349998,38.450001,9256600,31.180743
2008-11-06,39.82,40.599998,37.34,37.599998,13289300,30.49144
2008-11-05,42.639999,43.580002,40.099998,40.400002,14047600,32.762082
2008-11-04,40.389999,42.43,39.830002,42.25,11411400,34.262324
2008-11-03,38.82,39.41,38.00,39.009998,7617800,31.634869
2008-10-31,37.209999,39.189999,36.099998,38.200001,9869200,30.978008
2008-10-30,37.330002,37.939999,36.25,37.369999,8689300,30.304924
2008-10-29,35.529999,38.439999,34.50,36.139999,16072900,29.307465
2008-10-28,34.139999,35.360001,32.00,34.950001,12818200,28.342444
2008-10-27,32.810001,34.900002,32.349998,32.779999,12798100,26.582697
2008-10-24,32.02,34.490002,31.950001,33.299999,13391800,27.004388
2008-10-23,36.779999,36.919998,33.860001,35.360001,17648000,28.67493
2008-10-22,38.080002,38.34,35.68,36.52,13842100,29.615624
2008-10-21,40.400002,41.349998,38.52,38.830002,14320400,31.488902
2008-10-20,39.869999,41.599998,39.00,40.900002,13386100,33.167553
2008-10-17,41.389999,42.91,39.009998,39.32,18277600,31.886262
2008-10-16,42.200001,43.060001,39.580002,42.369999,16082300,34.359637
2008-10-15,45.790001,46.299999,41.98,42.060001,12907900,33.767649
2008-10-14,51.790001,53.00,46.610001,47.490002,12060500,38.127096
2008-10-13,45.00,49.50,44.860001,49.48,10573100,39.724756
2008-10-10,42.02,45.810001,37.07,43.130001,19740000,34.626693
2008-10-09,48.59,49.259998,44.259998,44.799999,11223300,35.967442
2008-10-08,46.380001,50.209999,45.82,47.650002,15858800,38.255551
2008-10-07,50.689999,52.759998,47.080002,47.330002,13518900,37.998641
2008-10-06,50.18,50.779999,45.77,49.200001,17852500,39.49996
2008-10-03,53.700001,55.650002,50.98,51.209999,11596500,41.113677
2008-10-02,56.009998,56.25,51.91,52.220001,15011700,41.924551
2008-10-01,58.709999,59.029999,54.889999,56.950001,15614000,45.722006
2008-09-30,61.349998,61.459999,58.200001,59.599998,10165500,47.849543
2008-09-29,62.549999,63.380001,58.110001,59.889999,12504600,48.082369
2008-09-26,60.93,64.199997,60.669998,64.129997,8264000,51.486429
2008-09-25,62.380001,63.220001,60.75,61.959999,7755400,49.744257
2008-09-24,63.900002,64.330002,61.240002,61.740002,6657400,49.567633
2008-09-23,64.660004,65.730003,63.009998,63.540001,6573900,51.012753
2008-09-22,66.410004,66.839996,64.599998,64.599998,5921200,51.863767
2008-09-19,70.889999,74.50,65.959999,66.489998,15758600,53.381143
2008-09-18,63.869999,65.50,60.040001,65.32,12983300,52.441816
2008-09-17,63.48,65.449997,62.799999,63.150002,9294000,50.699644
2008-09-16,61.869999,65.32,61.849998,64.730003,10035200,51.96814
2008-09-15,63.299999,64.849998,63.02,63.209999,7801200,50.747813
2008-09-12,63.98,65.68,63.16,65.459999,6967900,52.554214
2008-09-11,62.41,64.809998,61.209999,64.809998,9008200,52.032363
2008-09-10,61.950001,63.990002,61.709999,62.82,7916800,50.434704
2008-09-09,64.889999,65.00,61.380001,61.380001,10056300,49.278609
2008-09-08,66.190002,67.07,63.279999,64.580002,7218000,51.847712
2008-09-05,63.790001,64.440002,62.919998,64.07,9263500,51.43826
2008-09-04,66.00,66.00,63.00,63.939999,13684600,51.333889
2008-09-03,68.959999,69.110001,67.190002,67.730003,8432000,54.376674
2008-09-02,71.50,72.00,68.650002,69.080002,6906600,55.460514
2008-08-29,71.339996,71.970001,70.459999,70.730003,4905300,56.785209
2008-08-28,70.25,71.809998,70.139999,71.68,5520700,57.547909
2008-08-27,68.639999,69.860001,68.620003,69.559998,3145100,55.845876
2008-08-26,68.650002,69.040001,67.93,68.68,3391400,55.139374
2008-08-25,70.010002,70.150002,68.139999,68.559998,4549800,55.043031
2008-08-22,69.220001,70.610001,69.089996,70.269997,4257500,56.415895
2008-08-21,68.160004,69.25,67.610001,68.699997,5100700,55.155429
2008-08-20,68.889999,69.32,67.900002,68.800003,6401900,55.235718
2008-08-19,68.949997,69.309998,68.25,68.690002,4299800,55.147405
2008-08-18,70.440002,71.050003,68.690002,69.220001,5527400,55.572911
2008-08-15,70.610001,71.360001,69.800003,70.349998,5060800,56.480124
2008-08-14,68.93,71.360001,68.260002,70.290001,5671200,56.431955
2008-08-13,69.559998,70.050003,67.720001,69.830002,9399200,56.062647
2008-08-12,70.790001,72.080002,70.440002,71.809998,5705300,57.652276
2008-08-11,70.629997,71.370003,70.050003,70.800003,3746900,56.841407
2008-08-08,69.120003,71.940002,68.389999,70.900002,6544300,56.921691
2008-08-07,70.07,70.610001,68.699997,68.93,7077800,55.340086
2008-08-06,67.779999,71.559998,67.360001,70.510002,7390800,56.608582
2008-08-05,67.860001,68.379997,67.339996,68.18,6008700,54.737952
2008-08-04,68.199997,68.739998,67.190002,67.43,7415700,54.135819
2008-08-01,69.669998,70.00,67.879997,68.139999,6723700,54.705838
2008-07-31,71.629997,71.629997,69.370003,69.519997,7185500,55.813761
2008-07-30,71.519997,72.269997,70.620003,72.07,4820500,57.861018
2008-07-29,69.599998,71.300003,69.419998,70.989998,5234700,56.993944
2008-07-28,70.379997,70.769997,69.110001,69.190002,5740500,55.548827
2008-07-25,69.959999,71.080002,69.800003,70.480003,4727300,56.584497
2008-07-24,72.639999,72.720001,69.589996,69.779999,8108600,56.022502
2008-07-23,73.949997,74.25,71.669998,72.419998,9295800,58.142012
2008-07-22,75.129997,75.870003,73.75,74.980003,12434000,60.197299
2008-07-21,71.379997,73.639999,70.550003,73.230003,10184800,58.79232
2008-07-18,72.07,72.129997,70.370003,70.889999,7693400,56.913661
2008-07-17,69.949997,72.150002,69.949997,71.830002,9091200,57.668337
2008-07-16,67.110001,70.739998,66.529999,70.529999,10684300,56.28744
2008-07-15,68.970001,69.25,65.849998,67.040001,11041700,53.502199
2008-07-14,70.790001,70.790001,68.949997,69.669998,6405900,55.601105
2008-07-11,67.510002,70.610001,67.00,69.809998,11521800,55.712833
2008-07-10,68.519997,68.989998,66.68,68.419998,9874200,54.603525
2008-07-09,70.32,70.779999,68.330002,68.43,7059100,54.611507
2008-07-08,71.019997,71.440002,68.760002,69.510002,10497600,55.473417
2008-07-07,70.720001,71.75,70.00,70.809998,11684900,56.510897
2008-07-03,70.029999,70.75,68.93,70.309998,7280100,56.111865
2008-07-02,74.010002,74.190002,70.339996,70.419998,11513100,56.199652
2008-07-01,72.980003,74.209999,72.089996,74.089996,9203000,59.128545
2008-06-30,73.760002,74.260002,72.559998,73.82,6650600,58.913071
2008-06-27,74.18,74.849998,72.690002,73.75,11011800,58.857206
2008-06-26,75.169998,75.82,73.889999,74.279999,14485800,59.280179
2008-06-25,77.080002,77.419998,76.00,76.580002,8075200,61.115728
2008-06-24,79.540001,79.68,76.580002,76.639999,13075000,61.16361
2008-06-23,79.419998,80.239998,79.110001,80.00,6140900,63.845105
2008-06-20,79.00,79.639999,78.519997,79.080002,9064400,63.110888
2008-06-19,79.57,80.339996,78.730003,79.480003,6049100,63.430115
2008-06-18,80.339996,80.75,79.470001,79.699997,5739200,63.605684
2008-06-17,81.480003,81.580002,80.610001,80.690002,4516000,64.395771
2008-06-16,81.379997,81.510002,80.550003,80.910004,4537700,64.571346
2008-06-13,80.870003,82.349998,80.650002,81.50,5732500,65.042201
2008-06-12,79.540001,81.790001,79.540001,80.50,8053500,64.244137
2008-06-11,79.849998,80.110001,78.519997,78.93,9400100,62.991177
2008-06-10,80.300003,81.040001,79.830002,80.099998,5986000,63.92491
2008-06-09,80.07,81.059998,79.660004,80.809998,5828900,64.491535
2008-06-06,81.879997,82.260002,79.989998,79.989998,9444800,63.837123
2008-06-05,81.870003,82.800003,81.00,82.730003,6968200,66.023822
2008-06-04,82.349998,83.650002,82.00,82.459999,5724100,65.808341
2008-06-03,82.720001,83.300003,81.660004,82.419998,4960200,65.776418
2008-06-02,82.440002,83.120003,81.790001,82.330002,5882900,65.704595
2008-05-30,83.190002,83.190002,82.230003,82.639999,4921700,65.951993
2008-05-29,83.199997,83.910004,82.589996,82.779999,4195900,66.063722
2008-05-28,82.330002,83.370003,82.110001,83.190002,4773700,66.390931
2008-05-27,81.43,82.230003,80.839996,81.949997,4871400,65.401327
2008-05-23,81.959999,82.989998,80.599998,81.550003,5674900,65.082107
2008-05-22,83.650002,83.720001,81.940002,82.220001,5026900,65.616808
2008-05-21,83.830002,85.739998,83.040001,83.400002,7220200,66.558523
2008-05-20,83.919998,84.050003,82.75,83.839996,5570300,66.909667
2008-05-19,83.900002,85.959999,83.629997,84.279999,6906700,67.260817
2008-05-16,83.769997,83.970001,82.589996,83.699997,5242000,66.797939
2008-05-15,82.760002,84.139999,82.400002,83.50,4633300,66.638329
2008-05-14,83.040001,84.099998,82.169998,82.75,6859800,66.039781
2008-05-13,84.209999,84.50,82.699997,84.07,4592000,67.093225
2008-05-12,82.230003,84.220001,81.709999,83.82,5167200,66.893709
2008-05-09,81.970001,82.389999,81.330002,81.760002,3818900,65.249699
2008-05-08,82.099998,82.730003,81.510002,82.419998,3065500,65.776418
2008-05-07,82.75,83.639999,81.470001,81.629997,4932000,65.145947
2008-05-06,81.779999,83.489998,81.779999,83.230003,4163100,66.422854
2008-05-05,83.029999,83.029999,82.00,82.75,3944500,66.039781
2008-05-02,83.290001,83.639999,82.120003,82.800003,4511400,66.079686
2008-05-01,81.919998,82.669998,80.550003,82.349998,5369900,65.720554
2008-04-30,82.349998,83.309998,81.650002,81.879997,6032000,65.345463
2008-04-29,82.760002,83.089996,81.400002,81.510002,4509500,65.050183
2008-04-28,82.599998,83.599998,82.300003,83.029999,4683900,66.263238
2008-04-25,82.529999,82.889999,81.209999,82.25,4084500,65.640749
2008-04-24,81.68,82.50,80.519997,81.82,5305700,65.297581
2008-04-23,82.50,82.769997,81.370003,81.690002,4773400,65.193835
2008-04-22,83.139999,83.339996,81.349998,82.010002,5720100,65.449215
2008-04-21,83.889999,84.449997,82.050003,83.330002,9813300,66.502659
2008-04-18,81.029999,85.449997,81.00,85.279999,20117900,68.058881
2008-04-17,77.849998,80.00,77.610001,78.589996,9966100,62.719832
2008-04-16,76.75,79.169998,76.519997,79.019997,7640200,62.775697
2008-04-15,76.089996,76.75,74.910004,75.949997,5458400,60.336803
2008-04-14,74.790001,76.019997,74.699997,75.540001,4447000,60.011091
2008-04-11,75.120003,75.849998,74.379997,74.800003,9044900,59.423216
2008-04-10,76.019997,76.93,75.50,75.709999,6994500,60.146142
2008-04-09,77.739998,77.739998,75.650002,76.160004,4582900,60.503639
2008-04-08,76.849998,77.919998,76.470001,77.589996,4019000,61.639665
2008-04-07,78.25,78.449997,76.970001,77.25,5320900,61.369562
2008-04-04,76.860001,78.57,76.849998,77.830002,4885200,61.830332
2008-04-03,78.190002,78.360001,76.779999,77.07,7971500,61.226565
2008-04-02,79.849998,79.980003,78.089996,78.510002,8160000,62.370543
2008-04-01,78.889999,79.989998,78.790001,79.980003,9342800,63.538353
2008-03-31,77.00,78.629997,77.00,78.290001,6068700,62.195768
2008-03-28,77.370003,78.00,76.440002,77.089996,4421300,61.242451
2008-03-27,77.68,78.00,76.709999,77.029999,7068200,61.194787
2008-03-26,76.040001,77.610001,75.870003,77.360001,7498900,61.45695
2008-03-25,76.389999,76.940002,75.32,76.639999,5211600,60.884961
2008-03-24,74.059998,76.50,74.059998,76.029999,5374000,60.400359
2008-03-20,74.110001,74.279999,72.800003,73.82,9254000,58.644674
2008-03-19,76.620003,77.00,73.730003,73.730003,7377400,58.573178
2008-03-18,75.720001,76.870003,74.629997,76.870003,9404400,61.067682
2008-03-17,72.870003,75.220001,72.510002,74.459999,8913600,59.153107
2008-03-14,76.50,76.800003,73.480003,74.790001,8571100,59.41527
2008-03-13,74.269997,76.050003,73.330002,75.669998,8559700,60.114365
2008-03-12,73.800003,76.639999,73.75,75.25,14346200,59.780706
2008-03-11,69.519997,72.730003,69.519997,72.610001,7690800,57.683417
2008-03-10,70.00,70.309998,68.300003,68.720001,7146000,54.593093
2008-03-07,70.040001,71.110001,68.900002,69.839996,6961000,55.482848
2008-03-06,71.639999,71.839996,70.639999,70.75,5442600,56.20578
2008-03-05,72.019997,72.769997,70.889999,71.849998,7258800,57.07965
2008-03-04,72.669998,72.879997,70.470001,71.739998,7998400,56.992262
2008-03-03,72.099998,73.610001,72.099998,73.199997,6104700,58.152127
2008-02-29,73.769997,74.339996,72.00,72.330002,8823500,57.460978
2008-02-28,73.830002,74.699997,73.150002,74.389999,6024500,59.097498
2008-02-27,73.00,75.190002,72.529999,74.220001,7163300,58.962446
2008-02-26,72.00,73.760002,71.779999,73.300003,6203900,58.231574
2008-02-25,71.25,72.330002,70.629997,72.25,5190100,57.397422
2008-02-22,70.949997,71.650002,69.82,71.18,5231500,56.547385
2008-02-21,71.989998,72.18,70.550003,70.790001,5371200,56.237558
2008-02-20,69.93,71.50,69.459999,71.25,4717500,56.602994
2008-02-19,70.610001,71.110001,69.860001,70.400002,5415300,55.927732
2008-02-15,70.00,70.339996,69.18,69.949997,5355800,55.570236
2008-02-14,71.529999,71.989998,70.190002,70.440002,5418800,55.95951
2008-02-13,70.610001,71.910004,70.150002,71.650002,7502000,56.920767
2008-02-12,69.980003,71.260002,69.610001,70.00,6703400,55.609959
2008-02-11,68.120003,69.43,67.559998,69.419998,4979000,55.14919
2008-02-08,68.089996,68.690002,67.620003,68.010002,4496000,54.029049
2008-02-07,67.550003,68.900002,67.32,68.32,6506000,54.27532
2008-02-06,68.120003,69.050003,67.550003,67.980003,7305000,54.005217
2008-02-05,69.839996,70.099998,67.519997,67.519997,11709400,53.639775
2008-02-04,71.779999,71.980003,70.599998,70.949997,4565300,56.364664
2008-02-01,71.150002,72.169998,70.599998,71.760002,6526400,57.008154
2008-01-31,67.510002,71.639999,67.50,70.989998,8826800,56.396441
2008-01-30,68.830002,70.470001,68.290001,68.440002,7904500,54.370654
2008-01-29,68.779999,69.620003,68.489998,68.989998,8283600,54.807585
2008-01-28,66.690002,68.629997,64.970001,68.209999,10984100,54.187933
2008-01-25,67.650002,67.75,65.110001,65.93,9286700,52.376638
2008-01-24,65.300003,65.970001,64.209999,65.25,8160300,51.836426
2008-01-23,62.560001,65.190002,61.189999,65.080002,10896500,51.701375
2008-01-22,59.599998,64.449997,59.599998,63.82,9870200,50.700394
2008-01-18,63.029999,65.050003,62.299999,62.810001,9225400,49.898023
2008-01-17,64.330002,64.830002,62.139999,62.470001,11011400,49.627918
2008-01-16,65.209999,66.199997,63.900002,64.269997,13079600,50.771893
2008-01-15,66.360001,66.730003,65.220001,65.400002,9353400,51.664572
2008-01-14,66.730003,67.50,65.839996,67.269997,8106700,53.141827
2008-01-11,67.800003,68.330002,66.00,66.010002,9247500,52.146459
2008-01-10,66.599998,68.199997,65.540001,67.410004,6914600,53.25243
2008-01-09,67.120003,67.260002,65.25,67.230003,9845500,53.110233
2008-01-08,68.940002,69.489998,67.040001,67.150002,7662300,53.047034
2008-01-07,69.00,69.129997,67.800003,68.730003,8790400,54.295201
2008-01-04,69.650002,69.940002,68.099998,68.529999,7697200,54.137201
2008-01-03,71.010002,71.489998,69.940002,70.379997,4385900,55.59866
2008-01-02,72.559998,72.669998,70.050003,70.629997,6337800,55.796154
2007-12-31,73.00,73.709999,72.389999,72.559998,2639600,57.320812
2007-12-28,73.010002,73.650002,72.900002,73.160004,3043600,57.794804
2007-12-27,72.879997,73.870003,72.419998,72.730003,3336500,57.455113
2007-12-26,72.970001,73.93,72.449997,73.690002,3466500,58.213492
2007-12-24,73.00,73.209999,72.099998,72.699997,2176100,57.431409
2007-12-21,72.050003,73.360001,71.370003,72.730003,7334400,57.455113
2007-12-20,71.209999,71.839996,70.709999,71.510002,3286600,56.491339
2007-12-19,70.919998,71.68,70.169998,70.839996,4241800,55.962049
2007-12-18,71.529999,71.970001,70.07,71.050003,7376600,56.12795
2007-12-17,72.00,72.150002,70.910004,71.160004,9342800,56.214848
2007-12-14,73.540001,74.519997,73.300003,73.389999,4083100,57.976496
2007-12-13,73.50,74.510002,73.290001,74.220001,4558100,58.632179
2007-12-12,75.25,75.870003,73.160004,73.82,6841900,58.316187
2007-12-11,76.849998,77.260002,73.660004,73.720001,8788500,58.23719
2007-12-10,74.50,77.220001,74.199997,76.580002,7569700,60.496528
2007-12-07,74.339996,74.769997,73.709999,74.199997,3804500,58.616376
2007-12-06,72.68,74.400002,72.370003,74.349998,4659200,58.734874
2007-12-05,72.599998,73.029999,72.209999,72.709999,4418300,57.43931
2007-12-04,71.769997,72.260002,71.300003,72.010002,5083200,56.886328
2007-12-03,71.410004,72.68,71.029999,72.059998,5505400,56.925823
2007-11-30,72.50,73.309998,71.330002,71.900002,5655000,56.79943
2007-11-29,71.099998,72.339996,70.75,71.720001,5272100,56.657234
2007-11-28,69.480003,71.349998,68.82,71.190002,6637000,56.238546
2007-11-27,68.050003,69.43,67.900002,68.82,7098800,54.366296
2007-11-26,68.760002,69.709999,67.75,67.830002,4521900,53.584219
2007-11-23,68.529999,68.730003,67.639999,68.629997,2459900,54.216198
2007-11-21,67.580002,68.730003,67.00,67.940002,6311100,53.671117
2007-11-20,68.169998,69.230003,67.160004,68.279999,7487700,53.939707
2007-11-19,69.400002,69.50,67.410004,68.199997,7385700,53.876507
2007-11-16,70.059998,70.25,68.540001,69.440002,7640300,54.856084
2007-11-15,69.889999,70.650002,69.290001,69.730003,7699600,55.085179
2007-11-14,71.639999,72.00,69.849998,70.029999,7500400,55.322169
2007-11-13,70.089996,71.300003,69.029999,71.07,7243000,56.143747
2007-11-12,70.25,70.550003,69.480003,69.599998,7588200,54.982478
2007-11-09,71.940002,72.099998,69.669998,70.410004,8790800,55.622364
2007-11-08,73.660004,73.830002,71.82,72.43,9649900,57.218117
2007-11-07,74.010002,74.980003,73.599998,73.599998,4672300,58.14239
2007-11-06,73.559998,75.00,73.50,74.919998,5091300,59.185161
2007-11-05,73.559998,74.120003,73.120003,73.50,5979600,58.063394
2007-11-02,73.510002,75.129997,72.57,74.760002,5967900,59.058768
2007-11-01,74.290001,74.290001,72.839996,73.309998,6177600,57.913296
2007-10-31,73.410004,75.160004,73.25,74.610001,6216400,58.94027
2007-10-30,73.849998,74.290001,73.230003,73.459999,4088700,58.031794
2007-10-29,75.010002,75.360001,73.800003,73.900002,6442200,58.379386
2007-10-26,74.599998,75.099998,73.75,75.040001,4844400,59.279961
2007-10-25,75.239998,75.849998,73.580002,74.669998,6588900,58.987667
2007-10-24,74.00,75.980003,74.00,75.790001,9153500,59.872444
2007-10-23,73.800003,74.599998,73.089996,74.419998,7150800,58.790172
2007-10-22,72.650002,74.110001,71.629997,73.50,10289100,58.063394
2007-10-19,74.610001,75.699997,72.800003,73.57,19710700,58.118692
2007-10-18,76.800003,77.75,75.25,77.660004,7790900,61.349706
2007-10-17,78.349998,78.860001,76.25,77.129997,7299000,60.646618
2007-10-16,78.50,78.989998,77.300003,77.75,6320200,61.134121
2007-10-15,80.099998,80.099998,77.75,78.839996,6570500,61.991175
2007-10-12,79.900002,80.449997,78.860001,80.300003,4482700,63.139165
2007-10-11,81.529999,81.760002,78.620003,79.440002,6784000,62.462954
2007-10-10,82.400002,82.410004,80.339996,81.160004,5167600,63.815376
2007-10-09,81.690002,82.739998,81.080002,82.510002,4899600,64.876867
2007-10-08,80.739998,81.610001,80.480003,81.339996,3633100,63.956902
2007-10-05,79.010002,81.00,79.010002,80.330002,6658300,63.162753
2007-10-04,78.57,78.989998,77.169998,78.639999,4306000,61.833919
2007-10-03,79.639999,79.650002,78.050003,78.559998,4610400,61.771015
2007-10-02,79.970001,80.169998,78.43,79.639999,5048900,62.62021
2007-10-01,78.910004,80.040001,78.43,79.559998,4480100,62.557306
2007-09-28,77.50,79.00,77.440002,78.43,5644800,61.668799
2007-09-27,77.029999,78.029999,76.75,77.470001,4773400,60.91396
2007-09-26,76.779999,76.779999,75.379997,76.660004,6032600,60.277067
2007-09-25,76.980003,77.309998,75.970001,76.370003,6759000,60.049042
2007-09-24,78.639999,79.75,77.449997,77.720001,5683000,61.110533
2007-09-21,78.139999,78.360001,77.370003,78.160004,5950300,61.456503
2007-09-20,77.900002,77.919998,76.610001,77.370003,4506500,60.835332
2007-09-19,78.660004,80.169998,77.650002,77.910004,7598000,61.25993
2007-09-18,74.199997,77.959999,74.18,77.459999,7461900,60.906096
2007-09-17,73.00,74.599998,73.00,73.690002,4660800,57.941782
2007-09-14,72.290001,73.800003,72.199997,73.160004,4028800,57.525048
2007-09-13,73.169998,73.400002,72.620003,72.989998,4667100,57.391374
2007-09-12,73.739998,74.00,72.50,72.769997,5656100,57.218389
2007-09-11,74.099998,74.779999,73.50,73.889999,4688900,58.099037
2007-09-10,73.550003,74.470001,72.639999,73.739998,4753800,57.981093
2007-09-07,74.199997,74.50,73.099998,73.440002,6396200,57.745209
2007-09-06,75.699997,76.82,74.68,75.75,4614200,59.561539
2007-09-05,76.25,76.949997,75.059998,75.540001,4675700,59.396419
2007-09-04,75.800003,77.370003,75.470001,76.849998,4472000,60.426458
2007-08-31,75.660004,76.279999,75.209999,75.769997,3341500,59.577262
2007-08-30,74.470001,75.699997,74.199997,74.660004,3579600,58.704485
2007-08-29,74.230003,75.099998,73.349998,75.040001,4401200,59.003273
2007-08-28,75.980003,76.239998,74.089996,74.160004,4653000,58.311339
2007-08-27,75.870003,76.889999,75.510002,76.00,3136400,59.758112
2007-08-24,75.43,76.410004,74.800003,76.32,3483400,60.009725
2007-08-23,75.980003,76.50,74.32,75.169998,5548200,59.105489
2007-08-22,75.25,76.239998,74.879997,75.300003,5236400,59.20771
2007-08-21,74.309998,75.00,73.300003,74.279999,4737700,58.40569
2007-08-20,72.970001,74.800003,72.230003,74.050003,6780200,58.224847
2007-08-17,75.239998,75.699997,71.809998,72.639999,10761200,57.116174
2007-08-16,73.00,74.110001,70.589996,73.00,16052900,57.399239
2007-08-15,76.50,77.32,74.529999,74.949997,7455600,58.932504
2007-08-14,77.910004,78.209999,76.589996,76.769997,5190900,60.363553
2007-08-13,78.110001,79.300003,77.809998,77.900002,3866600,61.252066
2007-08-10,77.68,78.50,76.889999,77.550003,8464000,60.976865
2007-08-09,79.620003,80.480003,78.410004,78.480003,8139000,61.708116
2007-08-08,80.300003,82.129997,79.690002,80.900002,6859400,63.610939
2007-08-07,80.379997,81.559998,79.459999,80.440002,6449800,63.249245
2007-08-06,79.00,81.110001,77.650002,81.00,7033600,63.689566
2007-08-03,80.110001,81.419998,78.919998,78.959999,7816900,62.085532
2007-08-02,80.25,80.800003,79.00,80.669998,6631600,63.430089
2007-08-01,78.610001,80.279999,78.080002,80.129997,10205100,63.005491
2007-07-31,78.110001,79.699997,77.870003,78.800003,11029000,61.959729
2007-07-30,76.989998,77.75,75.669998,77.040001,6763900,60.575855
2007-07-27,78.699997,79.980003,75.25,76.019997,12589000,59.773835
2007-07-26,79.480003,80.830002,76.800003,78.290001,11559100,61.558719
2007-07-25,82.019997,82.059998,79.559998,80.50,9406700,63.296421
2007-07-24,81.82,82.370003,80.910004,81.660004,8273000,64.208521
2007-07-23,82.470001,82.989998,81.389999,82.00,10070300,64.475857
2007-07-20,79.75,83.199997,78.260002,83.199997,38719900,65.419404
2007-07-19,86.760002,87.00,85.629997,86.980003,6256100,68.391589
2007-07-18,85.980003,86.980003,84.830002,86.230003,7014200,67.801871
2007-07-17,86.25,87.00,85.989998,86.470001,5677700,67.707515
2007-07-16,85.970001,86.489998,85.260002,85.900002,6032800,67.261196
2007-07-13,84.900002,85.900002,84.669998,85.129997,6337700,66.658269
2007-07-12,82.980003,84.150002,82.169998,84.089996,7163500,65.84393
2007-07-11,81.400002,82.580002,81.220001,82.169998,6648900,64.340538
2007-07-10,80.019997,81.839996,80.00,81.220001,10013300,63.596674
2007-07-09,79.239998,80.790001,79.080002,79.830002,6499300,62.50828
2007-07-06,77.760002,79.139999,77.599998,78.809998,4731900,61.709599
2007-07-05,78.00,78.379997,77.160004,77.489998,4410300,60.676016
2007-07-03,79.190002,79.190002,77.599998,77.989998,6246900,61.067525
2007-07-02,78.599998,80.870003,78.510002,80.449997,4866900,62.993747
2007-06-29,79.019997,79.349998,77.529999,78.300003,7513400,61.310265
2007-06-28,79.550003,79.629997,78.650002,79.089996,4736600,61.928843
2007-06-27,80.019997,80.290001,78.440002,79.510002,7854800,62.257715
2007-06-26,80.949997,81.139999,80.199997,80.290001,5537900,62.868468
2007-06-25,80.650002,81.580002,80.150002,80.699997,4386400,63.189502
2007-06-22,81.470001,81.989998,80.769997,80.900002,5134200,63.346109
2007-06-21,81.010002,81.629997,80.220001,81.470001,5261900,63.792428
2007-06-20,82.879997,82.889999,81.260002,81.379997,4160800,63.721954
2007-06-19,81.849998,82.800003,81.580002,82.489998,4052300,64.591103
2007-06-18,81.110001,82.129997,81.059998,81.849998,4548500,64.089973
2007-06-15,81.550003,81.599998,81.00,81.110001,5875000,63.510542
2007-06-14,79.480003,81.00,79.480003,80.730003,6187700,63.212997
2007-06-13,78.459999,79.970001,78.010002,79.93,7961800,62.586581
2007-06-12,78.300003,79.330002,78.019997,78.080002,4579000,61.138
2007-06-11,78.32,79.459999,78.059998,78.75,3694100,61.66262
2007-06-08,77.239998,78.580002,77.050003,78.519997,5047500,61.482523
2007-06-07,78.43,79.279999,77.099998,77.309998,6367900,60.535073
2007-06-06,78.120003,79.120003,78.00,78.68,5391900,61.607809
2007-06-05,78.120003,78.879997,77.800003,78.650002,3480600,61.584319
2007-06-04,77.989998,78.410004,77.510002,78.290001,3212700,61.302433
2007-06-01,78.849998,79.459999,77.739998,78.139999,6532100,61.184979
2007-05-31,78.599998,78.889999,77.879997,78.580002,5709700,61.529508
2007-05-30,75.400002,78.639999,75.300003,78.480003,8529600,61.451208
2007-05-29,75.82,76.309998,75.279999,75.75,3813500,59.313568
2007-05-25,75.370003,76.589996,75.349998,75.709999,3337400,59.282246
2007-05-24,76.029999,76.980003,75.080002,75.43,6316100,59.063002
2007-05-23,75.879997,77.25,75.809998,76.029999,5682700,59.532812
2007-05-22,74.849998,75.730003,74.779999,75.510002,4168700,59.125645
2007-05-21,74.769997,75.260002,74.32,74.849998,4445700,58.608851
2007-05-18,75.010002,75.25,74.470001,74.769997,5199400,58.546208
2007-05-17,75.18,75.199997,73.849998,74.839996,6486100,58.601019
2007-05-16,76.50,76.790001,75.129997,75.949997,5897500,59.470169
2007-05-15,76.029999,76.839996,75.790001,76.010002,5614100,59.517154
2007-05-14,75.00,76.459999,74.599998,76.300003,8043400,59.74423
2007-05-11,74.099998,75.00,73.849998,74.879997,5549100,58.632341
2007-05-10,74.510002,74.900002,73.410004,73.809998,4533500,57.794512
2007-05-09,73.400002,74.760002,73.300003,74.75,5651900,58.53055
2007-05-08,72.50,73.849998,72.239998,73.43,4548500,57.496968
2007-05-07,72.949997,73.419998,72.379997,72.669998,3632400,56.901873
2007-05-04,73.800003,74.18,72.830002,73.099998,3466500,57.238571
2007-05-03,73.309998,73.690002,72.889999,73.360001,4111400,57.442157
2007-05-02,73.309998,74.290001,73.150002,73.400002,4313500,57.473478
2007-05-01,72.599998,73.309998,71.779999,73.239998,5284800,57.348192
2007-04-30,73.559998,73.919998,72.510002,72.620003,5221000,56.862726
2007-04-27,72.599998,74.099998,72.50,73.760002,6509400,57.755365
2007-04-26,73.050003,73.339996,72.610001,73.00,4474400,57.16027
2007-04-25,73.00,73.489998,72.010002,73.230003,5801600,57.340367
2007-04-24,71.900002,72.940002,71.830002,72.809998,6840800,57.011495
2007-04-23,72.199997,73.00,71.739998,71.849998,10759000,56.259799
2007-04-20,72.029999,72.830002,70.709999,71.82,19014800,56.236309
2007-04-19,68.699997,68.93,68.080002,68.620003,6962400,53.730656
2007-04-18,68.410004,69.860001,68.410004,69.370003,9469600,54.083014
2007-04-17,67.00,67.760002,66.800003,67.660004,7919000,52.749846
2007-04-16,67.029999,67.330002,66.470001,66.900002,5126400,52.157324
2007-04-13,66.949997,67.029999,66.330002,66.790001,3449700,52.071564
2007-04-12,66.099998,66.75,65.860001,66.639999,4017800,51.954619
2007-04-11,67.00,67.169998,66.050003,66.349998,3778800,51.728525
2007-04-10,67.199997,67.550003,66.400002,66.949997,3700000,52.196302
2007-04-09,67.760002,68.190002,67.080002,67.339996,3780700,52.500358
2007-04-05,67.480003,68.00,67.400002,67.629997,3632700,52.726452
2007-04-04,67.239998,67.760002,66.93,67.480003,3255600,52.609512
2007-04-03,67.209999,67.699997,66.839996,67.239998,5065400,52.422396
2007-04-02,67.040001,67.150002,66.019997,66.75,4917200,52.040378
2007-03-30,66.699997,67.690002,66.650002,67.029999,6216000,52.258674
2007-03-29,66.669998,66.910004,65.629997,66.190002,3752400,51.603787
2007-03-28,66.550003,66.739998,65.75,66.239998,4428700,51.642765
2007-03-27,66.309998,67.040001,66.139999,66.879997,4266500,52.141728
2007-03-26,67.449997,67.720001,66.260002,66.839996,7645500,52.110542
2007-03-23,66.650002,67.43,66.599998,66.879997,3955400,52.141728
2007-03-22,66.620003,66.870003,65.940002,66.540001,4674200,51.876657
2007-03-21,65.099998,66.449997,64.989998,66.209999,5864200,51.619377
2007-03-20,64.169998,65.18,64.010002,64.860001,4730600,50.566876
2007-03-19,64.650002,64.75,63.889999,64.169998,5076000,50.028929
2007-03-16,63.720001,64.110001,62.900002,63.16,5239200,49.241503
2007-03-15,63.490002,63.91,63.169998,63.459999,4546400,49.475391
2007-03-14,63.209999,63.779999,62.580002,63.639999,6611900,49.615725
2007-03-13,64.110001,64.650002,63.18,63.34,6297900,49.381836
2007-03-12,64.300003,64.889999,63.630001,64.57,4949100,50.340782
2007-03-09,64.459999,64.800003,64.010002,64.400002,3267700,50.208246
2007-03-08,64.559998,64.989998,64.00,64.300003,4206200,50.130285
2007-03-07,63.73,64.650002,63.630001,64.230003,5284300,50.075711
2007-03-06,63.560001,64.129997,63.189999,63.619999,5360600,49.600132
2007-03-05,62.52,63.799999,62.34,63.169998,6710700,49.249298
2007-03-02,63.400002,64.160004,62.939999,63.040001,6037300,49.147948
2007-03-01,63.900002,64.290001,62.75,63.900002,7993700,49.818431
2007-02-28,64.669998,65.059998,63.009998,64.43,9555400,50.231634
2007-02-27,66.050003,66.169998,63.509998,64.830002,10791600,50.543488
2007-02-26,67.510002,67.769997,67.07,67.260002,3990400,52.437992
2007-02-23,67.510002,67.660004,67.07,67.260002,3777200,52.437992
2007-02-22,68.25,68.43,67.330002,67.779999,4989400,52.843398
2007-02-21,67.589996,68.360001,67.330002,68.209999,7225300,53.178639
2007-02-20,67.540001,68.00,67.010002,67.93,6964300,52.960343
2007-02-16,67.790001,68.040001,67.300003,67.669998,4249900,52.757638
2007-02-15,68.00,68.199997,67.00,67.620003,9566900,52.71866
2007-02-14,65.449997,66.480003,65.169998,66.160004,7495500,51.580399
2007-02-13,64.699997,65.18,64.309998,64.730003,4965100,50.465526
2007-02-12,64.75,65.18,64.279999,64.599998,4974700,50.36417
2007-02-09,65.989998,65.989998,64.690002,64.800003,5576200,50.5201
2007-02-08,65.580002,65.849998,64.860001,65.629997,4528600,51.167189
2007-02-07,64.900002,65.900002,64.650002,65.639999,6546300,51.174987
2007-02-06,64.50,64.949997,64.32,64.419998,4873100,50.223836
2007-02-05,65.25,65.300003,64.309998,64.489998,5253400,50.27841
2007-02-02,65.00,65.370003,64.550003,65.25,5971000,50.870932
2007-02-01,64.800003,65.25,64.449997,64.989998,10272800,50.668226
2007-01-31,63.139999,64.339996,62.98,64.07,9617800,49.950967
2007-01-30,62.150002,63.16,61.959999,62.880001,8941400,49.023207
2007-01-29,61.290001,62.290001,61.07,61.700001,9608800,48.103242
2007-01-26,61.259998,61.419998,60.50,61.09,12450500,47.627666
2007-01-25,59.849998,60.119999,59.380001,59.630001,7481400,46.489406
2007-01-24,59.790001,60.119999,59.049999,59.73,8014800,46.567368
2007-01-23,58.43,59.560001,58.169998,59.560001,8587300,46.434832
2007-01-22,59.369999,59.529999,57.98,58.169998,9881000,45.351142
2007-01-19,60.099998,60.200001,59.279999,59.369999,5561400,46.2867
2007-01-18,59.599998,60.299999,59.599998,59.900002,7027500,46.699906
2007-01-17,59.360001,60.68,59.25,59.91,7255600,46.47381
2007-01-16,59.869999,59.93,59.099998,59.240002,6842100,45.954074
2007-01-12,59.66,59.900002,59.200001,59.740002,6560800,46.341938
2007-01-11,60.139999,60.580002,59.900002,60.00,7440900,46.543626
2007-01-10,60.189999,60.389999,59.849998,60.32,6825100,46.791858
2007-01-09,60.459999,60.700001,60.00,60.619999,3928300,47.024576
2007-01-08,60.09,60.57,59.860001,60.290001,3942900,46.768587
2007-01-05,60.77,60.919998,59.950001,60.220001,6267100,46.714287
2007-01-04,61.25,61.279999,60.34,61.00,4058900,47.319353
2007-01-03,61.709999,62.310001,60.700001,61.16,6134800,47.443469
2006-12-29,61.119999,61.650002,61.060001,61.330002,2363600,47.575344
2006-12-28,61.380001,61.849998,61.27,61.310001,2402400,47.559829
2006-12-27,61.00,61.580002,60.900002,61.470001,2773800,47.683945
2006-12-26,60.50,61.130001,60.490002,60.900002,1933100,47.241781
2006-12-22,60.810001,60.889999,60.349998,60.59,2788000,47.001305
2006-12-21,61.150002,61.529999,60.380001,60.810001,3249100,47.171966
2006-12-20,61.400002,61.889999,60.900002,61.369999,5575900,47.606371
2006-12-19,61.470001,62.00,61.150002,61.52,4304900,47.722731
2006-12-18,62.169998,62.59,61.66,61.919998,5306900,48.03302
2006-12-15,62.639999,62.740002,61.75,61.82,5763700,47.955449
2006-12-14,61.689999,62.470001,61.509998,62.119999,5352400,48.188166
2006-12-13,62.48,62.50,61.290001,61.490002,5110000,47.69946
2006-12-12,63.00,63.299999,61.560001,62.279999,6677100,48.312282
2006-12-11,63.599998,63.66,62.66,63.07,4699700,48.925108
2006-12-08,63.00,63.880001,63.00,63.400002,4098700,49.181099
2006-12-07,63.25,63.950001,62.75,63.00,5392600,48.870807
2006-12-06,62.299999,63.099998,62.040001,63.049999,6066400,48.909593
2006-12-05,61.50,62.50,61.389999,62.150002,4508600,48.21144
2006-12-04,61.389999,61.790001,60.950001,61.490002,4950300,47.69946
2006-12-01,62.439999,62.439999,60.299999,61.189999,7193700,47.46674
2006-11-30,62.150002,62.700001,61.610001,62.029999,3997000,48.118351
2006-11-29,62.049999,62.459999,61.700001,62.060001,3592400,48.141624
2006-11-28,61.75,61.959999,60.599998,61.599998,6687500,47.784788
2006-11-27,62.599998,63.189999,61.849998,61.970001,5817900,48.071809
2006-11-24,62.450001,63.330002,62.119999,62.869999,2965800,48.769962
2006-11-22,62.93,63.099998,61.880001,62.790001,7005400,48.707905
2006-11-21,60.549999,62.400002,60.200001,62.189999,9020900,48.242467
2006-11-20,60.509998,61.080002,60.50,60.91,3759100,47.249537
2006-11-17,61.369999,61.369999,60.450001,60.939999,7929600,47.272808
2006-11-16,61.650002,62.110001,61.310001,61.369999,4834000,47.606371
2006-11-15,60.50,61.66,60.369999,61.450001,8616700,47.66843
2006-11-14,59.900002,60.439999,59.66,60.360001,6206800,46.822888
2006-11-13,59.259998,60.209999,59.240002,59.52,5139300,46.171277
2006-11-10,59.450001,59.689999,58.990002,59.599998,5966900,46.233334
2006-11-09,60.310001,60.400002,59.00,59.200001,7779700,45.923045
2006-11-08,59.919998,60.400002,59.540001,60.099998,11509700,46.621197
2006-11-07,59.970001,60.400002,59.860001,59.919998,7659600,46.481566
2006-11-06,60.400002,60.59,59.68,59.849998,9579000,46.427265
2006-11-03,60.630001,60.93,60.25,60.43,6511800,46.877188
2006-11-02,60.50,61.119999,60.25,60.560001,7879900,46.978034
2006-11-01,60.709999,61.02,60.060001,60.50,9107300,46.931489
2006-10-31,61.00,61.130001,60.34,60.709999,6959600,47.094391
2006-10-30,61.169998,61.189999,60.490002,60.759998,5365800,47.133177
2006-10-27,62.349998,62.349998,61.220001,61.27,9043700,47.528799
2006-10-26,62.700001,62.779999,62.110001,62.349998,10545200,48.366583
2006-10-25,61.240002,62.09,60.779999,61.91,11557400,48.025264
2006-10-24,61.299999,61.799999,60.73,60.93,11647100,47.265052
2006-10-23,60.00,60.630001,59.16,60.419998,22097200,46.86943
2006-10-20,61.959999,62.279999,58.82,59.00,67780400,45.767898
2006-10-19,68.690002,69.150002,68.089996,69.019997,4933800,53.540681
2006-10-18,70.760002,70.919998,68.699997,69.080002,6577300,53.354513
2006-10-17,69.68,70.120003,68.57,69.900002,6039100,53.987846
2006-10-16,69.330002,70.25,69.00,69.93,6685500,54.011016
2006-10-13,69.449997,69.449997,68.68,69.080002,3486100,53.354513
2006-10-12,68.699997,69.669998,68.559998,69.25,4324200,53.485812
2006-10-11,68.800003,68.809998,67.519997,68.32,3445200,52.767519
2006-10-10,69.300003,69.410004,68.489998,69.059998,4698200,53.339062
2006-10-09,67.800003,69.949997,67.779999,68.900002,6839600,53.215488
2006-10-06,67.510002,68.110001,66.540001,68.050003,6587800,52.558985
2006-10-05,65.400002,68.809998,65.300003,68.239998,12215500,52.705729
2006-10-04,63.810001,65.540001,63.50,65.540001,7106300,50.620364
2006-10-03,65.370003,65.709999,64.489998,65.110001,5630500,50.288249
2006-10-02,65.449997,66.480003,65.300003,65.360001,4272400,50.481339
2006-09-29,67.00,67.059998,65.75,65.800003,4279900,50.821178
2006-09-28,65.639999,66.589996,65.169998,66.589996,5875500,51.431336
2006-09-27,65.900002,66.849998,65.139999,65.68,5032600,50.728493
2006-09-26,64.360001,66.50,64.290001,65.900002,7622500,50.898413
2006-09-25,62.970001,64.900002,62.759998,64.330002,7679700,49.685811
2006-09-22,64.540001,64.669998,62.09,62.77,11133500,48.480931
2006-09-21,66.370003,66.389999,64.230003,64.540001,8953900,49.848005
2006-09-20,66.949997,67.25,65.849998,65.879997,4903400,50.882963
2006-09-19,67.550003,67.599998,65.889999,66.559998,3997800,51.408166
2006-09-18,65.510002,67.599998,65.50,66.989998,5674400,51.740281
2006-09-15,66.300003,66.300003,65.290001,65.43,6408900,50.535404
2006-09-14,66.330002,66.669998,65.449997,65.510002,3498800,50.597194
2006-09-13,65.160004,67.139999,65.139999,66.330002,7132700,51.230527
2006-09-12,65.75,66.040001,64.599998,65.150002,12080000,50.319144
2006-09-11,67.010002,67.010002,65.339996,65.510002,7893300,50.597194
2006-09-08,68.099998,68.199997,67.269997,67.32,4313000,51.99516
2006-09-07,68.449997,68.650002,67.699997,67.760002,5196300,52.335
2006-09-06,69.010002,70.400002,69.010002,69.129997,5589300,53.393127
2006-09-05,68.849998,69.870003,67.959999,69.68,8504900,53.817926
2006-09-01,66.669998,67.800003,65.949997,67.269997,5712000,51.95654
2006-08-31,65.300003,66.559998,64.949997,66.349998,6410000,51.245972
2006-08-30,65.099998,65.730003,64.82,65.059998,4251500,50.249629
2006-08-29,66.269997,66.470001,65.110001,65.449997,4912700,50.550848
2006-08-28,66.129997,66.989998,65.82,66.07,3839300,51.029713
2006-08-25,65.50,66.459999,65.25,65.989998,3964500,50.967922
2006-08-24,67.209999,67.220001,64.75,65.50,8911600,50.589469
2006-08-23,68.75,69.209999,67.080002,67.209999,4547100,51.910201
2006-08-22,68.419998,69.099998,68.110001,68.50,3695900,52.906543
2006-08-21,68.25,68.43,67.610001,68.25,3925100,52.713454
2006-08-18,69.75,69.75,67.690002,68.309998,5815800,52.759793
2006-08-17,69.110001,70.040001,68.75,69.360001,3738500,53.570772
2006-08-16,68.169998,69.550003,67.660004,69.110001,6774700,53.377682
2006-08-15,66.459999,67.459999,65.900002,67.410004,6886400,52.064676
2006-08-14,67.599998,68.610001,65.519997,65.959999,8324400,50.944753
2006-08-11,68.150002,68.220001,66.150002,67.029999,7035500,51.771176
2006-08-10,68.75,69.040001,68.059998,68.32,6736000,52.767519
2006-08-09,72.300003,72.349998,68.400002,68.519997,8317100,52.921988
2006-08-08,73.190002,73.43,71.269997,71.599998,4139900,55.300853
2006-08-07,73.129997,73.919998,72.529999,73.18,3873200,56.521181
2006-08-04,73.470001,74.080002,72.239998,73.099998,5194900,56.45939
2006-08-03,70.25,72.900002,69.919998,72.730003,4899600,56.173622
2006-08-02,69.919998,71.209999,69.919998,70.75,3056500,54.64435
2006-08-01,70.120003,70.43,69.120003,69.709999,4513100,53.841096
2006-07-31,71.00,71.660004,70.449997,70.870003,3414900,54.737035
2006-07-28,71.300003,71.709999,70.400002,71.209999,3026700,54.999634
2006-07-27,70.50,72.620003,70.239998,70.720001,6082600,54.62118
2006-07-26,70.769997,70.93,69.800003,70.129997,3526900,54.165485
2006-07-25,70.50,71.019997,69.330002,70.660004,5465200,54.57484
2006-07-24,69.449997,70.559998,68.220001,70.519997,7134900,54.466705
2006-07-21,71.00,71.099998,67.099998,68.349998,14422200,52.790689
2006-07-20,71.370003,71.870003,68.620003,69.080002,7216100,53.354513
2006-07-19,69.470001,71.790001,68.379997,71.120003,5557000,54.930124
2006-07-18,69.599998,70.150002,68.059998,69.470001,4852200,53.655732
2006-07-17,69.190002,70.190002,69.00,69.190002,5693500,53.207763
2006-07-14,70.00,70.290001,68.800003,69.190002,5557000,53.207763
2006-07-13,71.059998,71.07,69.650002,69.699997,4981100,53.599954
2006-07-12,73.019997,73.199997,71.139999,71.309998,3876700,54.838059
2006-07-11,73.279999,73.610001,72.589996,73.400002,3400100,56.445292
2006-07-10,72.75,74.099998,72.50,73.269997,2609100,56.345317
2006-07-07,73.400002,73.940002,72.360001,72.580002,3333800,55.814704
2006-07-06,73.120003,74.239998,72.949997,73.650002,3175700,56.637544
2006-07-05,73.699997,73.800003,72.879997,73.129997,5035500,56.237656
2006-07-03,74.919998,75.43,74.480003,74.769997,1908300,57.498831
2006-06-30,74.949997,74.949997,73.419998,74.480003,3913600,57.275824
2006-06-29,72.849998,74.690002,72.68,74.400002,5138200,57.214301
2006-06-28,71.660004,72.93,71.410004,72.709999,2921500,55.914674
2006-06-27,71.599998,72.970001,71.519997,71.650002,2586300,55.099525
2006-06-26,72.400002,72.959999,71.580002,72.480003,2525900,55.737805
2006-06-23,72.050003,73.25,71.150002,72.139999,3331200,55.476338
2006-06-22,72.599998,72.660004,71.360001,72.279999,3356000,55.583999
2006-06-21,70.989998,73.449997,70.980003,72.470001,5502100,55.730113
2006-06-20,70.379997,71.639999,70.199997,70.989998,5368800,54.591976
2006-06-19,71.00,71.449997,69.50,69.949997,5340400,53.792206
2006-06-16,70.849998,71.370003,70.349998,70.550003,6861400,54.253616
2006-06-15,68.50,71.050003,68.50,70.849998,8440000,54.484316
2006-06-14,65.949997,67.580002,65.900002,67.480003,5343500,51.892758
2006-06-13,65.629997,67.50,65.410004,66.330002,6267800,51.008396
2006-06-12,68.400002,68.400002,66.059998,66.32,6336200,51.000704
2006-06-09,67.889999,69.050003,67.300003,67.519997,7943000,51.923513
2006-06-08,66.400002,67.540001,64.410004,66.889999,11897800,51.439039
2006-06-07,68.699997,68.75,66.410004,66.739998,9781200,51.323686
2006-06-06,69.25,70.019997,68.099998,68.480003,8730300,52.661767
2006-06-05,72.800003,72.809998,68.809998,69.330002,6863900,53.315424
2006-06-02,73.550003,73.550003,72.129997,72.809998,3730500,55.991573
2006-06-01,72.709999,73.470001,71.860001,73.290001,2910300,56.3607
2006-05-31,72.580002,73.419998,71.400002,72.949997,4032900,56.099234
2006-05-30,74.43,74.440002,72.059998,72.160004,4130200,55.491722
2006-05-26,74.25,74.82,73.330002,74.419998,2748000,57.229679
2006-05-25,73.720001,74.080002,72.440002,73.959999,3761000,56.875935
2006-05-24,73.400002,75.199997,72.18,73.589996,6460100,56.5914
2006-05-23,73.709999,74.75,73.669998,73.720001,5703600,56.691375
2006-05-22,72.00,73.379997,71.949997,72.870003,7251400,56.037718
2006-05-19,74.989998,75.080002,72.099998,72.779999,10337300,55.968504
2006-05-18,76.089996,76.449997,74.349998,74.620003,6260200,57.383484
2006-05-17,76.389999,77.160004,75.010002,75.910004,6110900,58.375507
2006-05-16,77.959999,78.970001,77.120003,77.339996,3756000,59.475185
2006-05-15,77.809998,77.900002,76.220001,77.470001,4918300,59.57516
2006-05-12,79.25,79.50,77.68,77.809998,4548700,59.83662
2006-05-11,80.970001,81.300003,79.339996,79.620003,4367800,61.228531
2006-05-10,81.389999,82.029999,80.25,80.970001,3969300,62.266693
2006-05-09,80.00,81.139999,79.989998,81.139999,2969200,62.397423
2006-05-08,79.989998,80.120003,78.910004,79.900002,2725300,61.443853
2006-05-05,79.580002,80.889999,79.400002,79.980003,6022400,61.505375
2006-05-04,78.50,79.129997,78.32,78.809998,3640800,60.60563
2006-05-03,77.949997,78.230003,76.599998,78.099998,3639700,60.059634
2006-05-02,75.940002,77.660004,75.82,77.480003,3857400,59.582852
2006-05-01,76.199997,76.610001,75.410004,75.629997,4253000,58.16018
2006-04-28,75.50,76.099998,75.099998,75.739998,4432600,58.244771
2006-04-27,74.989998,75.650002,73.849998,75.059998,6142000,57.721845
2006-04-26,76.059998,76.800003,75.610001,75.949997,4612700,58.406262
2006-04-25,77.279999,77.279999,74.769997,74.93,7536800,57.621875
2006-04-24,78.25,79.720001,76.730003,77.379997,11219800,59.505946
2006-04-21,79.449997,80.00,77.599998,77.870003,6891700,59.882765
2006-04-20,78.989998,79.32,77.25,77.970001,3850300,59.959665
2006-04-19,79.050003,79.949997,78.349998,78.970001,4647200,60.536422
2006-04-18,77.050003,79.099998,76.82,78.910004,7702400,60.49043
2006-04-17,77.489998,78.800003,76.290001,76.449997,5459300,58.60465
2006-04-13,77.199997,77.769997,76.410004,76.940002,4209000,58.980276
2006-04-12,76.839996,78.25,76.839996,77.839996,6412900,59.670189
2006-04-11,76.220001,76.739998,75.50,76.660004,5325200,58.765636
2006-04-10,74.93,75.919998,74.919998,75.449997,4038400,57.838075
2006-04-07,75.599998,76.050003,74.660004,74.919998,4262900,57.431792
2006-04-06,75.50,76.080002,75.010002,75.650002,3679300,57.991394
2006-04-05,75.50,76.150002,74.599998,75.800003,4758400,58.106381
2006-04-04,74.099998,75.519997,73.489998,75.300003,4606000,57.723094
2006-04-03,72.709999,75.480003,72.559998,73.50,5884900,56.343257
2006-03-31,72.400002,72.459999,71.300003,71.809998,4316800,55.047743
2006-03-30,73.650002,74.349998,72.160004,72.400002,5282400,55.500025
2006-03-29,73.25,73.980003,72.550003,73.669998,6587800,56.473573
2006-03-28,75.550003,76.230003,74.709999,74.870003,3726500,57.393466
2006-03-27,75.879997,76.160004,75.029999,75.379997,2579100,57.784415
2006-03-24,76.260002,76.660004,75.169998,75.50,4318300,57.876406
2006-03-23,76.400002,77.209999,75.75,76.260002,4874800,58.459005
2006-03-22,74.599998,76.449997,74.379997,76.209999,3635900,58.420674
2006-03-21,75.900002,76.269997,74.190002,74.309998,4594300,56.96418
2006-03-20,76.879997,77.110001,75.629997,75.849998,4217900,58.144706
2006-03-17,75.580002,76.349998,74.449997,76.230003,7015500,58.436009
2006-03-16,74.93,75.389999,74.379997,74.900002,5802800,57.416463
2006-03-15,72.110001,74.699997,71.940002,74.290001,5208400,56.948851
2006-03-14,71.00,72.279999,71.00,71.940002,4048600,55.147402
2006-03-13,71.449997,71.75,70.790001,71.00,3401500,54.426819
2006-03-10,71.349998,72.010002,70.379997,70.949997,5996900,54.388488
2006-03-09,72.43,72.519997,71.25,71.400002,5101600,54.73345
2006-03-08,73.040001,73.050003,70.339996,72.400002,7726000,55.500025
2006-03-07,73.010002,74.019997,72.209999,73.040001,4904700,55.990633
2006-03-06,74.629997,74.879997,72.50,73.220001,5496900,56.128617
2006-03-03,74.349998,75.50,74.110001,74.610001,3396700,57.194155
2006-03-02,74.139999,74.620003,73.809998,74.339996,2247700,56.987177
2006-03-01,73.129997,74.940002,72.949997,74.389999,4179000,57.025508
2006-02-28,73.099998,73.360001,72.400002,73.080002,4444300,56.021297
2006-02-27,73.300003,73.989998,73.00,73.50,3217800,56.343257
2006-02-24,72.50,72.919998,71.760002,72.699997,2921600,55.729994
2006-02-23,73.07,73.089996,71.900002,72.349998,4974100,55.461694
2006-02-22,72.589996,73.730003,72.540001,73.059998,5532000,56.005962
2006-02-21,72.00,72.790001,71.68,72.589996,3956800,55.645671
2006-02-17,72.00,72.389999,71.709999,72.050003,4767900,55.231725
2006-02-16,71.790001,72.00,71.389999,71.959999,3483300,55.16273
2006-02-15,69.93,71.650002,69.900002,71.599998,4396500,54.886763
2006-02-14,69.00,70.410004,68.230003,70.220001,4532100,53.828892
2006-02-13,68.300003,69.059998,67.879997,68.620003,2838400,52.602373
2006-02-10,68.150002,68.870003,67.779999,68.75,3167900,52.702026
2006-02-09,69.00,69.75,68.230003,68.449997,4016900,52.472051
2006-02-08,67.75,68.889999,67.360001,68.809998,3567300,52.748018
2006-02-07,68.300003,68.339996,66.93,67.160004,4908000,51.483174
2006-02-06,68.50,68.82,68.00,68.699997,3745900,52.663695
2006-02-03,68.199997,68.970001,67.75,68.129997,3529800,52.226747
2006-02-02,68.75,69.099998,67.989998,68.389999,4605500,52.426058
2006-02-01,68.099998,69.339996,67.900002,69.239998,4826100,53.077646
2006-01-31,67.00,68.169998,66.639999,67.900002,5655000,52.050438
2006-01-30,66.529999,68.120003,66.32,67.010002,5077400,51.368187
2006-01-27,65.900002,68.370003,65.150002,67.529999,7587800,51.766803
2006-01-26,63.299999,65.440002,62.299999,65.169998,10318100,49.957686
2006-01-25,61.50,63.25,61.110001,62.07,4772400,47.581305
2006-01-24,60.790001,61.860001,60.75,61.349998,3291600,47.02937
2006-01-23,60.75,61.439999,60.259998,61.040001,2706500,46.791734
2006-01-20,62.509998,62.509998,60.48,60.779999,4439700,46.592423
2006-01-19,62.049999,63.00,61.900002,62.509998,2375600,47.918597
2006-01-18,62.360001,62.720001,61.700001,61.869999,3651400,47.427989
2006-01-17,61.689999,63.150002,61.650002,62.959999,3623200,48.071913
2006-01-13,62.02,62.490002,61.869999,62.330002,1936700,47.59089
2006-01-12,61.23,62.66,61.110001,62.209999,5322500,47.499265
2006-01-11,60.869999,61.639999,60.700001,61.330002,2755600,46.827359
2006-01-10,61.349998,61.52,60.639999,61.299999,3188100,46.804452
2006-01-09,60.450001,61.68,60.450001,61.549999,4408800,46.995334
2006-01-06,59.470001,60.759998,59.380001,60.450001,5692300,46.155451
2006-01-05,59.02,59.860001,59.00,59.27,4590700,45.254484
2006-01-04,57.950001,59.43,57.549999,59.27,4577200,45.254484
2006-01-03,57.869999,58.110001,57.049999,57.799999,3697500,44.132093
2005-12-30,57.849998,58.099998,57.57,57.77,2047500,44.109188
2005-12-29,57.900002,58.790001,57.880001,58.139999,1619900,44.391694
2005-12-28,58.049999,58.189999,57.369999,57.84,2213900,44.162635
2005-12-27,58.52,59.389999,57.880001,57.889999,2143000,44.200811
2005-12-23,58.459999,58.849998,58.240002,58.509998,1331800,44.674199
2005-12-22,57.400002,58.709999,57.330002,58.450001,3101000,44.628389
2005-12-21,57.099998,57.740002,56.759998,57.080002,2874900,43.582353
2005-12-20,57.00,57.720001,56.580002,56.740002,3488000,43.322752
2005-12-19,58.650002,59.00,56.360001,56.830002,5652600,43.39147
2005-12-16,59.00,59.75,58.82,59.639999,5106100,45.53699
2005-12-15,59.049999,59.50,58.619999,58.709999,2555400,44.826906
2005-12-14,58.73,59.00,58.099998,58.75,2373800,44.857448
2005-12-13,57.93,59.419998,57.799999,58.970001,2670600,45.025426
2005-12-12,58.02,58.540001,58.00,58.029999,1381800,44.307705
2005-12-09,57.59,58.41,57.310001,58.09,2288300,44.353518
2005-12-08,57.630001,58.189999,57.07,57.34,2813800,43.780869
2005-12-07,58.799999,59.080002,57.50,57.779999,3164300,44.116822
2005-12-06,58.25,59.290001,57.990002,58.799999,2689400,44.895624
2005-12-05,58.650002,59.139999,57.82,58.330002,3191600,44.536766
2005-12-02,58.900002,59.450001,58.400002,58.810001,2262100,44.903261
2005-12-01,58.00,59.029999,57.84,59.00,3140300,45.048331
2005-11-30,57.25,57.990002,57.200001,57.779999,2709000,44.116822
2005-11-29,57.450001,57.799999,56.939999,57.099998,3592600,43.597621
2005-11-28,57.98,58.220001,57.119999,57.450001,2200900,43.864858
2005-11-25,58.02,58.48,57.889999,57.950001,815500,44.246624
2005-11-23,58.599998,58.610001,57.860001,58.009998,2714000,44.292434
2005-11-22,57.709999,58.900002,57.400002,58.759998,3216900,44.865082
2005-11-21,57.099998,57.810001,56.689999,57.709999,2666000,44.063375
2005-11-18,58.00,58.00,56.869999,57.279999,4075200,43.735056
2005-11-17,56.98,57.50,56.580002,57.470001,4288900,43.880129
2005-11-16,55.900002,57.259998,55.900002,56.73,4577900,43.315115
2005-11-15,55.400002,55.959999,55.380001,55.900002,3922000,42.681386
2005-11-14,54.799999,55.490002,54.619999,55.43,3049000,42.322525
2005-11-11,54.82,54.990002,54.279999,54.869999,1872100,41.894947
2005-11-10,53.93,54.91,53.82,54.689999,2939600,41.757511
2005-11-09,54.259998,54.540001,53.849998,54.099998,2819200,41.307028
2005-11-08,54.25,54.689999,53.73,54.25,3602200,41.421558
2005-11-07,53.75,54.66,53.400002,54.25,3193200,41.421558
2005-11-04,53.759998,53.939999,53.400002,53.549999,3205900,40.887086
2005-11-03,54.099998,54.509998,53.450001,53.48,6196500,40.833639
2005-11-02,52.849998,54.02,52.810001,53.689999,4261900,40.99398
2005-11-01,52.599998,53.18,52.349998,52.720001,6512700,40.253357
2005-10-31,52.00,53.150002,51.68,52.59,6578000,40.154097
2005-10-28,50.150002,51.360001,49.810001,51.07,4307200,38.993529
2005-10-27,50.450001,50.599998,49.75,49.900002,5285500,38.1002
2005-10-26,50.299999,51.150002,49.959999,50.549999,4674400,38.596493
2005-10-25,50.43,50.619999,49.98,50.290001,6928900,38.397976
2005-10-24,49.50,50.349998,49.450001,50.310001,8559500,38.413247
2005-10-21,49.259998,50.419998,48.25,48.919998,27359300,37.351937
2005-10-20,55.18,56.50,53.389999,54.029999,4197800,41.253581
2005-10-19,53.970001,55.450001,53.330002,55.43,3169600,42.131643
2005-10-18,54.869999,54.880001,53.950001,53.959999,3506900,41.014314
2005-10-17,55.200001,55.389999,54.470001,55.029999,3286800,41.827607
2005-10-14,54.400002,54.91,54.34,54.740002,4334200,41.607184
2005-10-13,54.560001,54.959999,53.279999,54.00,6138100,41.044718
2005-10-12,55.650002,56.23,54.490002,54.759998,5345500,41.622383
2005-10-11,55.860001,56.540001,55.50,55.560001,3296200,42.230455
2005-10-10,56.549999,56.799999,55.080002,55.57,3294400,42.238055
2005-10-07,55.52,56.900002,55.50,56.619999,3593000,43.036146
2005-10-06,56.349998,56.349998,54.50,55.189999,6340100,41.949221
2005-10-05,56.799999,57.66,56.209999,56.220001,5207900,42.732113
2005-10-04,58.900002,59.84,57.75,57.779999,3642200,43.917847
2005-10-03,58.759998,59.23,58.549999,59.009998,2598600,44.852754
2005-09-30,58.279999,59.139999,58.009998,58.75,3998200,44.655133
2005-09-29,57.560001,58.240002,57.27,57.990002,3083200,44.077468
2005-09-28,59.459999,59.560001,57.00,57.549999,3868600,43.743028
2005-09-27,58.400002,58.970001,57.900002,58.720001,3437700,44.632331
2005-09-26,58.400002,58.549999,57.59,58.34,4682000,44.343497
2005-09-23,58.380001,59.099998,58.150002,58.919998,3185400,44.784347
2005-09-22,58.00,58.599998,57.779999,58.00,4259900,44.085068
2005-09-21,56.700001,57.580002,56.360001,57.110001,4223200,43.40859
2005-09-20,57.450001,57.82,56.689999,56.810001,3755700,43.180565
2005-09-19,57.700001,58.119999,56.639999,56.970001,3391300,43.302178
2005-09-16,58.00,58.169998,57.080002,57.720001,4872500,43.872244
2005-09-15,58.330002,58.529999,57.360001,57.740002,3496700,43.887446
2005-09-14,59.400002,59.59,58.16,58.299999,2990000,44.313093
2005-09-13,59.32,59.880001,58.889999,59.400002,3694400,45.149191
2005-09-12,58.950001,59.290001,58.75,59.290001,2437900,45.065581
2005-09-09,58.75,58.950001,58.41,58.860001,2635200,44.738743
2005-09-08,58.200001,59.23,57.880001,58.330002,3981900,44.335898
2005-09-07,58.950001,59.130001,58.48,59.07,4964400,44.898361
2005-09-06,57.779999,58.810001,57.450001,58.509998,7789300,44.472711
2005-09-02,57.200001,58.799999,57.00,58.25,7003500,44.275089
2005-09-01,55.970001,57.00,55.799999,56.939999,6425000,43.279374
2005-08-31,54.110001,55.650002,53.880001,55.490002,6101400,42.177249
2005-08-30,53.400002,53.91,52.939999,53.779999,2737400,40.877498
2005-08-29,53.150002,53.900002,53.049999,53.700001,2364200,40.816692
2005-08-26,53.900002,53.990002,53.139999,53.490002,2675700,40.657075
2005-08-25,53.220001,54.040001,53.200001,53.400002,2792200,40.588667
2005-08-24,54.599998,54.610001,53.009998,53.209999,3824800,40.444248
2005-08-23,54.849998,55.169998,54.259998,54.689999,2297600,41.569177
2005-08-22,55.00,55.50,54.540001,54.810001,3190000,41.66039
2005-08-19,53.400002,54.950001,53.139999,54.82,4109700,41.667989
2005-08-18,53.349998,53.400002,52.700001,53.150002,2804500,40.398645
2005-08-17,53.599998,53.849998,53.240002,53.459999,2256000,40.63427
2005-08-16,54.400002,54.900002,53.610001,53.689999,4929400,40.80909
2005-08-15,55.209999,55.360001,54.560001,55.259998,1769700,42.002427
2005-08-12,55.360001,55.369999,54.50,54.799999,2446700,41.652787
2005-08-11,55.150002,55.50,54.830002,55.50,2758300,42.184849
2005-08-10,54.630001,55.59,54.560001,55.00,4334500,41.804805
2005-08-09,54.00,54.400002,53.669998,54.34,2262400,41.303148
2005-08-08,53.98,54.240002,53.50,53.68,2043100,40.80149
2005-08-05,54.00,54.150002,53.43,53.610001,2600200,40.748284
2005-08-04,54.060001,54.23,53.720001,54.02,2862700,41.05992
2005-08-03,54.23,54.459999,53.98,54.389999,3223900,41.341152
2005-08-02,54.049999,54.57,53.919998,54.459999,3050600,41.394358
2005-08-01,54.200001,54.450001,53.75,54.02,2991200,41.05992
2005-07-29,54.049999,54.34,53.349998,53.91,5416700,40.97631
2005-07-28,53.00,54.599998,52.799999,54.450001,7655600,41.386758
2005-07-27,52.00,52.790001,51.610001,52.790001,5410700,40.125013
2005-07-26,52.00,52.23,51.610001,51.82,2777700,39.387727
2005-07-25,52.549999,52.669998,51.619999,51.849998,3809600,39.410529
2005-07-22,52.75,52.84,51.759998,52.41,5118200,39.836179
2005-07-21,53.27,53.450001,52.049999,52.299999,8321200,39.752569
2005-07-20,53.09,53.599998,52.220001,53.200001,10212300,40.436649
2005-07-19,52.369999,53.419998,52.259998,53.400002,13782200,40.398645
2005-07-18,50.75,51.400002,50.709999,50.82,4145000,38.446799
2005-07-15,51.00,51.00,50.220001,50.669998,5129700,38.333319
2005-07-14,50.200001,51.099998,49.50,51.00,7034100,38.582975
2005-07-13,98.959999,99.870003,98.620003,99.839996,15703400,37.765922
2005-07-12,99.970001,99.989998,98.400002,98.959999,7608800,37.43305
2005-07-11,99.43,100.150002,98.800003,99.970001,4666200,37.815098
2005-07-08,97.75,99.43,97.25,98.699997,5812600,37.334701
2005-07-07,95.309998,97.510002,95.00,97.349998,5581000,36.824044
2005-07-06,95.599998,96.080002,94.849998,95.300003,5080600,36.048604
2005-07-05,95.849998,96.50,95.379997,96.169998,4409400,36.377692
2005-07-01,95.75,96.099998,95.510002,95.93,4190400,36.286909
2005-06-30,96.300003,97.029999,95.279999,95.309998,6712200,36.052384
2005-06-29,97.800003,98.550003,96.50,96.639999,6020000,36.555477
2005-06-28,97.25,97.989998,97.040001,97.800003,5409600,36.994265
2005-06-27,96.860001,98.00,96.019997,96.919998,3729200,36.66139
2005-06-24,98.470001,98.639999,96.400002,96.860001,7013000,36.638696
2005-06-23,100.00,100.50,98.349998,98.470001,5938200,37.247702
2005-06-22,102.00,102.239998,100.50,100.57,4394000,38.042056
2005-06-21,101.199997,102.980003,101.139999,102.199997,6815200,38.658626
2005-06-20,100.00,101.349998,99.480003,100.800003,4240600,38.129058
2005-06-17,99.00,100.839996,98.50,100.199997,7572800,37.902097
2005-06-16,98.900002,99.059998,97.830002,98.309998,4154600,37.187178
2005-06-15,98.580002,98.949997,97.379997,98.580002,3306600,37.289311
2005-06-14,97.599998,98.910004,97.279999,98.57,3807800,37.285527
2005-06-13,97.050003,99.050003,96.660004,97.580002,4168400,36.911046
2005-06-10,97.849998,98.050003,96.25,97.019997,4947600,36.699216
2005-06-09,96.949997,98.580002,96.790001,97.449997,5370000,36.86187
2005-06-08,95.68,96.910004,95.50,96.580002,7868800,36.532782
2005-06-07,94.220001,95.910004,94.080002,94.529999,3284200,35.757339
2005-06-06,94.160004,94.919998,93.82,94.150002,2420000,35.613599
2005-06-03,95.050003,95.599998,93.75,93.970001,3270400,35.545511
2005-06-02,95.489998,96.00,94.900002,95.18,2719000,36.003211
2005-06-01,93.949997,96.550003,93.800003,95.470001,4999200,36.112908
2005-05-31,94.32,94.970001,93.550003,94.110001,3546400,35.598468
2005-05-27,94.400002,94.559998,93.589996,94.309998,1785400,35.67412
2005-05-26,92.720001,94.470001,92.720001,94.43,2630800,35.719513
2005-05-25,93.300003,93.419998,92.120003,92.470001,3393200,34.978115
2005-05-24,94.00,94.040001,93.150002,93.830002,2201800,35.492555
2005-05-23,93.550003,94.739998,93.550003,94.040001,2723600,35.57199
2005-05-20,93.849998,93.849998,92.699997,93.629997,2633400,35.4169
2005-05-19,93.489998,93.800003,92.800003,93.50,2762400,35.367727
2005-05-18,92.00,94.00,92.00,93.519997,4985000,35.375291
2005-05-17,90.629997,92.059998,90.099998,91.959999,4603800,34.785199
2005-05-16,89.010002,90.550003,88.699997,90.379997,3781200,34.187541
2005-05-13,89.00,90.220001,88.540001,89.00,6188800,33.665537
2005-05-12,90.949997,91.300003,88.800003,88.879997,7339200,33.620144
2005-05-11,89.800003,91.129997,89.099998,90.900002,4582400,34.38424
2005-05-10,90.099998,90.099998,89.349998,89.650002,4095600,33.911409
2005-05-09,90.160004,90.699997,89.970001,90.279999,3009400,34.149715
2005-05-06,90.650002,91.260002,90.050003,90.160004,4641600,34.104325
2005-05-05,89.419998,90.269997,89.300003,89.849998,4534600,33.987061
2005-05-04,87.830002,89.68,87.830002,89.419998,3899000,33.824407
2005-05-03,88.400002,88.650002,87.220001,87.580002,5118800,33.128402
2005-05-02,88.220001,88.43,87.260002,88.400002,3590200,33.438579
2005-04-29,87.599998,88.25,86.029999,88.050003,5593000,33.306187
2005-04-28,88.050003,88.279999,86.389999,86.699997,5692800,32.795527
2005-04-27,88.470001,88.470001,86.32,88.050003,7964800,33.306187
2005-04-26,91.139999,91.339996,88.75,88.860001,5686000,33.61258
2005-04-25,90.449997,91.739998,90.089996,91.129997,5848800,34.471239
2005-04-22,89.660004,90.400002,88.75,89.809998,6380400,33.97193
2005-04-21,88.300003,89.900002,87.50,89.660004,9534800,33.915193
2005-04-20,89.900002,90.00,87.669998,88.040001,17614800,33.147313
2005-04-19,84.400002,85.68,84.389999,84.949997,6874000,31.983918
2005-04-18,83.639999,84.760002,82.610001,83.580002,6249800,31.468111
2005-04-15,85.400002,85.50,82.919998,83.459999,9240600,31.422929
2005-04-14,88.589996,89.00,85.300003,85.400002,9787600,32.153346
2005-04-13,91.239998,91.239998,88.339996,88.599998,6271400,33.358154
2005-04-12,90.169998,91.50,89.160004,91.389999,4974400,34.408597
2005-04-11,90.510002,91.129997,90.089996,90.169998,3357800,33.949263
2005-04-08,91.980003,92.00,90.650002,90.690002,3612000,34.145046
2005-04-07,91.300003,91.860001,90.900002,91.580002,3506600,34.480134
2005-04-06,90.610001,91.559998,90.610001,91.389999,4596000,34.408597
2005-04-05,90.43,90.599998,89.349998,90.360001,4521800,34.0208
2005-04-04,89.800003,90.730003,89.07,90.209999,6504800,33.964324
2005-04-01,92.00,92.25,89.830002,90.150002,6363800,33.941734
2005-03-31,91.50,92.050003,90.660004,91.440002,4560400,34.427423
2005-03-30,90.470001,91.720001,90.389999,91.480003,6588000,34.442484
2005-03-29,93.400002,94.00,89.610001,89.800003,12307400,33.809959
2005-03-28,93.589996,94.550003,93.019997,94.220001,4184800,35.474101
2005-03-24,93.849998,94.739998,93.580002,93.580002,3647400,35.233139
2005-03-23,94.769997,94.980003,93.529999,93.639999,5007000,35.255729
2005-03-22,96.550003,96.879997,94.559998,94.709999,4645200,35.658587
2005-03-21,96.400002,97.050003,95.800003,96.18,3360200,36.212046
2005-03-18,97.50,97.870003,95.529999,96.400002,8858000,36.294877
2005-03-17,96.400002,97.25,96.360001,96.82,3418000,36.453008
2005-03-16,96.75,97.260002,95.510002,96.269997,4451800,36.24593
2005-03-15,96.760002,97.349998,96.300003,96.75,5436600,36.426653
2005-03-14,97.900002,98.25,96.18,96.529999,8236400,36.343822
2005-03-11,98.260002,99.580002,97.839996,99.00,5681600,37.273784
2005-03-10,96.989998,98.959999,96.769997,98.260002,7006800,36.995173
2005-03-09,98.50,98.610001,96.75,96.809998,5742000,36.449242
2005-03-08,99.099998,99.769997,98.400002,99.00,4963000,37.273784
2005-03-07,99.900002,99.900002,98.550003,98.900002,4769600,37.236135
2005-03-04,97.849998,99.959999,97.25,99.959999,8095800,37.635227
2005-03-03,97.169998,97.849998,96.169998,97.739998,5446400,36.79939
2005-03-02,96.629997,97.800003,96.620003,97.169998,6762000,36.584783
2005-03-01,94.970001,97.599998,94.440002,97.370003,9691800,36.660086
2005-02-28,94.599998,96.25,93.860001,95.050003,6591800,35.786599
2005-02-25,93.080002,95.290001,92.75,94.82,6084200,35.700002
2005-02-24,90.75,93.379997,90.709999,93.160004,4545600,35.075009
2005-02-23,89.910004,90.769997,89.650002,90.459999,3099800,34.058449
2005-02-22,90.610001,91.410004,89.419998,89.459999,5091200,33.681947
2005-02-18,91.82,91.849998,90.720001,90.839996,4278400,34.201519
2005-02-17,92.540001,93.040001,91.699997,91.82,3419400,34.570494
2005-02-16,91.25,92.82,91.110001,92.540001,4533600,34.841576
2005-02-15,92.010002,92.580002,90.980003,91.50,6315800,34.450013
2005-02-14,93.139999,93.190002,91.870003,92.220001,2402400,34.721095
2005-02-11,92.300003,93.160004,91.300003,92.779999,4649800,34.931936
2005-02-10,91.00,92.410004,90.910004,92.059998,3192400,34.660853
2005-02-09,91.480003,91.989998,90.50,90.639999,3792200,34.12622
2005-02-08,91.400002,91.82,90.629997,91.480003,3357200,34.442484
2005-02-07,91.900002,92.190002,91.239998,91.360001,3716400,34.397303
2005-02-04,91.800003,92.190002,90.989998,91.900002,6606200,34.600614
2005-02-03,90.519997,92.029999,90.269997,91.800003,5226800,34.562965
2005-02-02,90.089996,91.449997,89.57,91.010002,6762200,34.265527
2005-02-01,89.599998,90.540001,89.150002,90.120003,4790000,33.93044
2005-01-31,88.00,89.650002,87.660004,89.099998,6675200,33.546405
2005-01-28,87.00,88.120003,86.849998,87.459999,8176600,32.928941
2005-01-27,87.400002,88.239998,86.400002,86.519997,21820200,32.575027
2005-01-26,90.50,91.639999,89.900002,91.120003,6698000,34.306943
2005-01-25,88.739998,90.50,88.129997,90.50,5999600,34.07351
2005-01-24,89.550003,89.730003,88.120003,88.120003,5634200,33.177434
2005-01-21,89.93,90.959999,88.760002,89.230003,6873600,33.595352
2005-01-20,91.510002,91.559998,89.919998,90.080002,5108200,33.915379
2005-01-19,92.300003,92.68,91.50,91.510002,5838600,34.453779
2005-01-18,93.309998,93.50,91.900002,92.529999,4624600,34.83781
2005-01-14,93.489998,94.029999,92.989998,93.690002,3825000,35.120189
2005-01-13,92.199997,93.129997,92.160004,92.860001,6702200,34.809059
2005-01-12,92.00,92.50,90.739998,92.370003,8387600,34.62538
2005-01-11,92.519997,92.519997,91.110001,91.239998,5896000,34.201792
2005-01-10,93.50,93.699997,92.389999,92.519997,4818800,34.681606
2005-01-07,93.669998,94.300003,93.150002,93.379997,5815400,35.003982
2005-01-06,92.400002,94.559998,92.220001,93.580002,6300400,35.078955
2005-01-05,94.25,94.449997,92.220001,92.220001,5932800,34.569152
2005-01-04,96.050003,96.300003,93.330002,94.019997,7579400,35.243889
2005-01-03,96.099998,97.150002,94.540001,95.07,6294000,35.637489
2004-12-31,97.550003,98.00,97.169998,97.510002,1650200,36.552136
2004-12-30,98.480003,98.599998,97.540001,97.540001,2396200,36.563381
2004-12-29,98.00,98.720001,97.800003,98.470001,2533200,36.911997
2004-12-28,96.629997,98.550003,96.599998,98.470001,2803000,36.911997
2004-12-27,97.480003,97.989998,95.900002,96.099998,2452000,36.023589
2004-12-23,97.150002,97.809998,96.900002,97.309998,2178000,36.477163
2004-12-22,96.529999,97.43,96.260002,97.150002,3604600,36.417188
2004-12-21,94.849998,96.440002,94.57,96.260002,4318800,36.083567
2004-12-20,94.900002,95.300003,94.099998,94.349998,3040600,35.367592
2004-12-17,94.790001,95.169998,93.660004,94.239998,5966400,35.326358
2004-12-16,94.900002,95.730003,93.889999,94.790001,4969200,35.53253
2004-12-15,93.709999,95.18,93.580002,94.879997,4284200,35.566265
2004-12-14,93.970001,94.230003,92.349998,93.699997,4624000,35.123936
2004-12-13,92.349998,93.989998,91.93,93.980003,4642000,35.228898
2004-12-10,91.470001,92.089996,91.00,91.620003,2900600,34.344239
2004-12-09,90.199997,91.75,89.190002,91.470001,5305200,34.28801
2004-12-08,90.82,91.059998,90.019997,90.629997,3430600,33.97313
2004-12-07,90.82,92.580002,90.709999,90.82,4527400,34.044354
2004-12-06,90.93,91.400002,90.410004,90.57,2917000,33.95064
2004-12-03,91.480003,91.830002,90.099998,90.919998,4909600,34.081839
2004-12-02,92.650002,92.650002,91.059998,91.730003,3408600,34.385473
2004-12-01,91.550003,92.660004,91.540001,92.650002,3336400,34.730339
2004-11-30,90.800003,91.779999,90.199997,91.550003,4185000,34.317999
2004-11-29,92.800003,93.199997,90.760002,91.160004,5228000,34.171806
2004-11-26,92.25,92.879997,92.089996,92.800003,1418600,34.786568
2004-11-24,91.00,92.099998,90.730003,92.059998,3674000,34.509173
2004-11-23,91.400002,91.75,90.010002,90.889999,5179800,34.070593
2004-11-22,90.25,90.93,89.610001,90.099998,3692000,33.774457
2004-11-19,91.440002,91.440002,90.099998,90.18,3919800,33.804447
2004-11-18,90.879997,91.779999,90.129997,91.440002,3567400,34.276765
2004-11-17,90.900002,91.470001,90.160004,90.879997,3939400,34.066844
2004-11-16,89.940002,90.50,89.150002,89.879997,4628600,33.691989
2004-11-15,89.82,90.650002,89.400002,89.690002,4194000,33.620768
2004-11-12,89.949997,89.970001,88.589996,89.970001,4662600,33.725727
2004-11-11,88.980003,90.00,88.919998,89.849998,4492000,33.680744
2004-11-10,88.510002,88.989998,88.050003,88.739998,5291400,33.264654
2004-11-09,86.800003,88.540001,86.720001,88.309998,5516200,33.103466
2004-11-08,87.010002,87.489998,86.190002,87.010002,4181000,32.616156
2004-11-05,86.199997,87.849998,85.93,87.169998,7455600,32.676131
2004-11-04,84.470001,86.32,83.900002,85.879997,7655400,32.192568
2004-11-03,84.00,84.480003,83.559998,84.25,6915200,31.581555
2004-11-02,81.970001,83.279999,81.610001,81.989998,6079200,30.734381
2004-11-01,80.900002,81.910004,80.68,81.839996,5245800,30.678152
2004-10-29,79.540001,80.779999,79.489998,80.540001,3871200,30.190842
2004-10-28,80.400002,80.660004,79.029999,79.529999,6464400,29.812238
2004-10-27,79.160004,81.080002,78.989998,80.800003,6047400,30.288305
2004-10-26,78.199997,79.519997,78.199997,79.410004,4759400,29.767257
2004-10-25,77.349998,78.620003,77.050003,78.339996,4387800,29.366159
2004-10-22,78.029999,79.00,77.300003,77.339996,9025000,28.991304
2004-10-21,80.379997,80.839996,76.75,77.029999,16267600,28.875099
2004-10-20,81.120003,81.730003,80.089996,80.790001,5129400,30.130866
2004-10-19,81.330002,81.989998,80.279999,80.870003,5197200,30.160703
2004-10-18,81.010002,81.160004,80.150002,81.129997,4689400,30.257668
2004-10-15,79.510002,81.730003,79.50,81.089996,6098200,30.24275
2004-10-14,79.089996,79.940002,78.440002,79.50,5250800,29.649756
2004-10-13,79.75,79.75,78.050003,79.089996,7324800,29.496844
2004-10-12,79.169998,80.25,78.50,79.739998,3672000,29.739264
2004-10-11,79.50,80.300003,79.209999,79.410004,1914400,29.616192
2004-10-08,80.010002,80.25,79.209999,79.50,3201000,29.649756
2004-10-07,81.300003,81.650002,79.889999,80.00,4044600,29.836233
2004-10-06,80.370003,81.00,80.139999,81.00,3496600,30.209186
2004-10-05,81.25,81.309998,80.089996,80.370003,4108400,29.974226
2004-10-04,80.75,81.989998,80.75,81.25,5685000,30.302424
2004-10-01,80.440002,80.970001,79.919998,80.599998,7250400,30.060004
2004-09-30,80.400002,81.300003,79.849998,80.449997,8609600,30.00406
2004-09-29,77.25,80.550003,77.019997,80.50,14205200,30.022709
2004-09-28,74.550003,77.910004,74.540001,76.900002,9189800,28.680079
2004-09-27,74.220001,74.699997,74.010002,74.419998,2538400,27.755155
2004-09-24,74.199997,75.260002,74.199997,74.760002,3156400,27.88196
2004-09-23,75.360001,75.480003,74.129997,74.50,3271000,27.784992
2004-09-22,76.099998,76.110001,75.059998,75.360001,3450200,28.105731
2004-09-21,75.989998,76.769997,75.860001,76.330002,3407600,28.467496
2004-09-20,75.699997,76.589996,75.589996,75.879997,2637800,28.299666
2004-09-17,75.25,76.199997,75.059998,76.120003,4933400,28.389176
2004-09-16,74.650002,75.400002,74.519997,74.839996,2389400,27.911794
2004-09-15,75.599998,75.599998,74.459999,74.650002,3351200,27.840935
2004-09-14,76.00,76.00,75.239998,75.720001,2927400,28.239995
2004-09-13,75.300003,76.110001,75.260002,75.959999,3771800,28.329503
2004-09-10,75.199997,75.199997,73.970001,75.099998,3063200,28.008763
2004-09-09,75.199997,75.379997,74.449997,74.870003,3565400,27.922985
2004-09-08,75.230003,75.470001,74.900002,75.199997,2582400,28.046058
2004-09-07,74.230003,75.639999,74.150002,75.440002,5689800,28.135568
2004-09-03,73.50,73.889999,73.160004,73.559998,2645800,27.434415
2004-09-02,72.769997,73.260002,72.260002,73.18,3238000,27.292694
2004-09-01,72.870003,73.449997,72.449997,72.620003,3301600,27.083841
2004-08-31,72.440002,73.019997,72.00,72.699997,2309800,27.113675
2004-08-30,73.550003,73.550003,72.239998,72.25,2704400,26.945848
2004-08-27,73.860001,74.040001,73.349998,73.699997,2037000,27.486628
2004-08-26,73.870003,74.089996,73.269997,73.709999,2586600,27.490359
2004-08-25,73.330002,74.010002,72.849998,73.870003,4168000,27.550032
2004-08-24,73.849998,73.849998,72.870003,73.150002,5324200,27.281506
2004-08-23,72.489998,72.769997,71.860001,72.050003,2516600,26.871258
2004-08-20,71.00,72.580002,71.00,72.239998,3947800,26.942117
2004-08-19,72.50,72.510002,70.690002,71.290001,5305200,26.587813
2004-08-18,72.230003,72.779999,72.050003,72.50,4389200,27.039086
2004-08-17,73.599998,74.199997,72.199997,72.480003,6229000,27.031628
2004-08-16,71.75,72.870003,71.279999,72.870003,4745600,27.177079
2004-08-13,71.650002,72.150002,71.309998,71.75,4379400,26.759371
2004-08-12,71.50,71.980003,71.269997,71.760002,5892600,26.763101
2004-08-11,71.010002,72.150002,70.550003,72.059998,4323000,26.874986
2004-08-10,70.059998,71.32,69.849998,71.260002,4053800,26.576625
2004-08-09,70.75,70.989998,69.940002,70.07,3340800,26.13281
2004-08-06,69.150002,70.900002,68.50,70.25,9485600,26.199942
2004-08-05,71.849998,71.910004,69.620003,69.620003,6006400,25.964982
2004-08-04,72.00,72.190002,71.50,71.699997,6272800,26.740722
2004-08-03,73.099998,73.099998,71.239998,71.68,7607600,26.733265
2004-08-02,73.239998,73.489998,72.75,73.099998,4189800,27.262857
2004-07-30,73.93,74.099998,73.120003,73.489998,3467800,27.408308
2004-07-29,73.949997,74.260002,73.059998,73.93,3329400,27.572409
2004-07-28,72.18,73.910004,71.989998,73.43,6343800,27.385932
2004-07-27,72.599998,72.650002,71.50,72.169998,6918000,26.916011
2004-07-26,73.230003,73.790001,72.379997,72.599998,5043800,27.076381
2004-07-23,73.529999,74.150002,72.470001,73.220001,7610600,27.307612
2004-07-22,72.50,73.830002,71.050003,73.529999,17837000,27.423227
2004-07-21,78.449997,79.209999,76.529999,76.949997,4892400,28.698725
2004-07-20,78.199997,78.730003,77.529999,78.07,2848000,29.116433
2004-07-19,77.82,78.589996,77.419998,78.190002,3474800,29.161189
2004-07-16,79.480003,79.599998,77.720001,77.809998,4241400,29.019465
2004-07-15,78.779999,79.629997,78.669998,79.400002,2916600,29.459551
2004-07-14,78.949997,79.43,78.339996,78.779999,3845600,29.229513
2004-07-13,77.559998,79.32,77.559998,79.269997,4124600,29.411316
2004-07-12,77.080002,78.389999,76.660004,78.230003,2911800,29.02545
2004-07-09,77.099998,77.639999,76.790001,77.080002,3442000,28.598768
2004-07-08,77.349998,77.470001,76.489998,76.529999,3382000,28.394702
2004-07-07,76.480003,77.57,76.25,77.50,2808600,28.754599
2004-07-06,76.720001,76.970001,76.019997,76.730003,3237200,28.468909
2004-07-02,78.18,78.190002,76.389999,76.720001,3955000,28.465198
2004-07-01,79.199997,79.389999,77.739998,78.18,3636800,29.006897
2004-06-30,78.800003,79.599998,78.00,79.440002,5106000,29.474392
2004-06-29,77.400002,79.050003,77.050003,78.82,3816000,29.244355
2004-06-28,78.550003,78.779999,77.150002,77.480003,3518200,28.74718
2004-06-25,78.849998,79.239998,78.019997,78.150002,5163400,28.995767
2004-06-24,78.139999,79.400002,78.029999,79.099998,5932800,29.348242
2004-06-23,76.690002,77.889999,76.349998,77.889999,4114200,28.899299
2004-06-22,76.00,76.650002,75.110001,76.650002,4883200,28.439226
2004-06-21,74.900002,75.440002,74.519997,74.980003,3327600,27.819612
2004-06-18,74.449997,74.959999,74.129997,74.419998,6653200,27.611835
2004-06-17,74.010002,74.889999,74.00,74.720001,4065200,27.723144
2004-06-16,75.419998,75.599998,73.889999,74.010002,5287800,27.459715
2004-06-15,75.00,75.839996,74.870003,75.389999,4769800,27.971732
2004-06-14,75.599998,75.610001,74.610001,74.760002,2451600,27.737985
2004-06-10,75.650002,76.150002,75.199997,75.599998,3345800,28.049647
2004-06-09,76.980003,77.150002,75.330002,75.400002,4578800,27.975443
2004-06-08,77.199997,77.75,76.760002,77.120003,3924400,28.61361
2004-06-07,76.199997,77.760002,76.150002,77.699997,3319800,28.828803
2004-06-04,75.610001,76.309998,74.300003,75.50,4757400,28.012545
2004-06-03,76.029999,76.339996,75.099998,75.150002,3496600,27.882686
2004-06-02,76.099998,76.739998,75.720001,76.419998,4106000,28.353889
2004-06-01,75.349998,76.330002,75.059998,75.959999,3725600,28.183217
2004-05-28,75.25,75.790001,74.949997,75.349998,2859200,27.95689
2004-05-27,75.25,76.470001,74.639999,75.169998,4933400,27.890105
2004-05-26,74.650002,75.209999,74.50,74.849998,4146800,27.771377
2004-05-25,73.800003,74.669998,73.370003,74.650002,5267800,27.697172
2004-05-24,75.00,75.75,73.650002,74.00,7180200,27.456004
2004-05-21,72.559998,73.080002,72.010002,73.029999,4399800,27.096107
2004-05-20,73.800003,73.809998,72.099998,72.260002,6378200,26.810418
2004-05-19,74.50,75.25,73.559998,73.800003,5559800,27.3818
2004-05-18,74.550003,74.699997,73.110001,73.75,4745200,27.363247
2004-05-17,74.300003,74.449997,72.699997,73.540001,5203400,27.285332
2004-05-14,74.50,76.209999,74.029999,75.690002,4854400,28.083041
2004-05-13,74.480003,75.650002,73.860001,74.660004,4856800,27.700883
2004-05-12,73.300003,74.900002,72.290001,74.860001,6281200,27.775088
2004-05-11,73.260002,73.610001,72.699997,73.099998,7685400,27.122079
2004-05-10,76.099998,76.110001,72.220001,72.879997,14209400,27.040453
2004-05-07,77.400002,78.529999,77.110001,77.120003,4857000,28.61361
2004-05-06,78.400002,78.400002,76.709999,77.849998,3812800,28.884458
2004-05-05,78.989998,79.150002,78.199997,78.800003,3516000,29.236935
2004-05-04,79.370003,79.620003,78.010002,79.010002,4164000,29.314851
2004-05-03,77.900002,79.699997,77.860001,79.370003,3710600,29.448421
2004-04-30,78.00,78.949997,77.129997,77.730003,5599600,28.839936
2004-04-29,80.300003,80.300003,76.989998,77.580002,6920200,28.784282
2004-04-28,82.00,82.169998,79.139999,79.699997,5506000,29.570857
2004-04-27,81.300003,82.00,80.910004,81.800003,4461000,30.350016
2004-04-26,82.00,82.07,80.830002,80.900002,4947600,30.016092
2004-04-23,84.110001,84.309998,81.75,81.959999,7014600,30.409379
2004-04-22,83.00,84.760002,81.669998,84.099998,10813200,31.203377
2004-04-21,80.00,81.18,78.419998,81.080002,6023400,29.945595
2004-04-20,81.25,82.07,79.860001,79.980003,4575000,29.539328
2004-04-19,81.949997,81.959999,80.699997,81.00,3235800,29.916048
2004-04-16,81.699997,82.059998,80.790001,81.970001,3499800,30.274302
2004-04-15,81.25,81.959999,80.290001,80.800003,3980400,29.842182
2004-04-14,81.669998,82.389999,80.150002,81.029999,5116200,29.927127
2004-04-13,83.860001,84.150002,81.400002,82.019997,5195400,30.292767
2004-04-12,82.199997,83.800003,82.00,83.75,3497000,30.931716
2004-04-08,82.699997,83.190002,81.800003,81.980003,2356400,30.277996
2004-04-07,82.620003,82.800003,81.419998,82.099998,4794000,30.322315
2004-04-06,82.00,83.279999,81.900002,82.910004,4342800,30.621477
2004-04-05,81.00,82.510002,80.599998,82.410004,3417800,30.43681
2004-04-02,80.25,81.529999,79.57,81.199997,5519400,29.989913
2004-04-01,79.150002,80.040001,78.50,79.00,3429000,29.17738
2004-03-31,79.459999,79.849998,78.870003,79.07,3436600,29.203233
2004-03-30,79.279999,80.040001,78.209999,80.00,6002400,29.546714
2004-03-29,78.440002,79.699997,78.440002,79.480003,5055400,29.354661
2004-03-26,76.949997,78.25,76.449997,77.440002,3820000,28.60122
2004-03-25,76.50,77.199997,75.949997,77.150002,3494400,28.494113
2004-03-24,75.949997,76.660004,75.580002,76.330002,3443600,28.191259
2004-03-23,75.699997,76.75,75.480003,75.849998,4311800,28.013977
2004-03-22,75.650002,75.800003,74.870003,75.50,3908200,27.884711
2004-03-19,77.209999,77.870003,76.209999,76.300003,4883800,28.180179
2004-03-18,76.970001,77.400002,75.550003,77.199997,4893400,28.512578
2004-03-17,75.550003,77.489998,75.50,77.220001,5044400,28.519966
2004-03-16,74.50,75.860001,74.25,75.349998,6185200,27.829311
2004-03-15,74.099998,74.660004,73.650002,73.980003,5711600,27.323325
2004-03-12,73.330002,74.93,73.010002,74.93,5666600,27.674191
2004-03-11,73.349998,74.50,72.510002,73.150002,7803400,27.016777
2004-03-10,77.00,77.400002,73.370003,73.510002,9450400,27.149737
2004-03-09,77.25,77.980003,75.970001,76.400002,5101800,28.217112
2004-03-08,77.650002,78.25,76.889999,76.889999,5699200,28.398085
2004-03-05,76.099998,77.099998,75.949997,76.370003,5206000,28.206033
2004-03-04,77.07,77.260002,76.519997,76.900002,2649800,28.401779
2004-03-03,77.599998,78.18,77.239998,77.32,3606200,28.556899
2004-03-02,76.25,77.830002,76.120003,77.589996,4534200,28.656618
2004-03-01,76.00,77.610001,75.849998,76.839996,4757800,28.379617
2004-02-27,77.699997,77.699997,75.699997,75.75,7388200,27.977045
2004-02-26,77.00,78.559998,76.860001,77.949997,3620400,28.789578
2004-02-25,76.650002,77.50,76.169998,77.18,3886600,28.505192
2004-02-24,76.800003,77.50,76.360001,76.699997,3252200,28.327911
2004-02-23,77.199997,77.82,76.559998,77.220001,3589400,28.519966
2004-02-20,78.529999,78.650002,76.089996,76.82,5351200,28.372232
2004-02-19,79.25,79.730003,78.480003,78.529999,3372800,29.003793
2004-02-18,79.220001,79.550003,78.269997,78.910004,3079400,29.144141
2004-02-17,78.650002,79.889999,78.50,79.519997,4740000,29.369432
2004-02-13,78.50,79.059998,77.300003,77.419998,3749000,28.593832
2004-02-12,78.75,79.25,78.169998,78.690002,3096400,29.062887
2004-02-11,76.309998,78.959999,76.019997,78.959999,6356600,29.162606
2004-02-10,77.540001,77.800003,76.150002,76.559998,5732600,28.276204
2004-02-09,78.459999,78.68,77.519997,77.669998,2939600,28.686165
2004-02-06,76.400002,78.82,76.400002,78.50,5229600,28.992713
2004-02-05,75.800003,77.139999,75.279999,76.32,7881000,28.187565
2004-02-04,76.25,76.519997,75.769997,75.900002,8467000,28.032445
2004-02-03,77.449997,77.449997,76.419998,77.040001,8211000,28.453486
2004-02-02,78.25,78.550003,77.230003,77.489998,7814400,28.619685
2004-01-30,77.050003,78.449997,77.010002,78.129997,9041400,28.856058
2004-01-29,80.00,80.160004,76.75,77.260002,10858000,28.53474
2004-01-28,81.300003,82.150002,79.199997,79.620003,7843000,29.406368
2004-01-27,85.699997,85.699997,82.00,82.00,9249000,30.285382
2004-01-26,83.699997,85.089996,82.669998,85.010002,4635000,31.397078
2004-01-23,84.080002,84.169998,83.150002,84.169998,4675200,31.086836
2004-01-22,83.550003,84.709999,83.129997,84.00,4110800,31.02405
2004-01-21,82.209999,83.519997,81.440002,83.400002,4066600,30.80245
2004-01-20,83.599998,84.010002,82.150002,82.150002,4803400,30.340782
2004-01-16,84.00,84.949997,83.660004,84.139999,5083400,31.075756
2004-01-15,84.00,85.00,82.589996,83.379997,3720600,30.795061
2004-01-14,82.470001,84.07,82.470001,83.699997,4498000,30.776597
2004-01-13,82.949997,83.599998,80.970001,82.50,5228200,30.335357
2004-01-12,81.099998,82.699997,81.059998,82.449997,4166200,30.31697
2004-01-09,81.050003,81.650002,80.199997,80.449997,6068600,29.581568
2004-01-08,82.739998,83.190002,81.75,81.849998,4844400,30.09635
2004-01-07,83.519997,83.519997,82.309998,82.489998,6203200,30.331679
2004-01-06,84.32,84.470001,83.199997,83.400002,6190400,30.666288
2004-01-05,83.849998,85.160004,83.709999,84.900002,6184200,31.21784
2004-01-02,83.169998,83.690002,82.519997,82.650002,4172800,30.390512
2003-12-31,84.400002,84.419998,83.00,83.019997,4476000,30.52656
2003-12-30,84.50,84.769997,83.860001,84.07,2185400,30.912648
2003-12-29,83.900002,84.760002,83.900002,84.599998,2537400,31.107529
2003-12-26,83.260002,84.110001,83.059998,83.709999,776400,30.780275
2003-12-24,83.330002,83.959999,83.00,83.510002,1674400,30.706736
2003-12-23,83.790001,84.150002,82.940002,83.650002,4049600,30.758214
2003-12-22,84.639999,84.949997,83.690002,83.779999,5316800,30.806014
2003-12-19,84.199997,84.75,83.099998,84.75,10107000,31.162685
2003-12-18,82.150002,84.199997,81.599998,83.709999,8481400,30.780275
2003-12-17,80.599998,82.059998,80.129997,82.019997,6386200,30.158859
2003-12-16,78.57,81.120003,78.57,81.019997,8157000,29.791157
2003-12-15,78.989998,79.669998,78.489998,78.519997,6112400,28.871904
2003-12-12,77.940002,78.279999,77.449997,78.019997,3660200,28.688054
2003-12-11,76.400002,78.190002,76.099998,77.940002,4596800,28.65864
2003-12-10,76.449997,76.57,75.75,76.00,3809800,27.945298
2003-12-09,77.029999,77.339996,76.330002,76.480003,3612800,28.121796
2003-12-08,76.449997,76.870003,76.040001,76.779999,3184800,28.232105
2003-12-05,76.00,77.120003,76.00,76.50,6489000,28.129149
2003-12-04,75.50,75.57,74.599998,74.940002,3034200,27.555536
2003-12-03,75.93,76.349998,75.349998,75.480003,2759000,27.754095
2003-12-02,76.540001,76.540001,75.199997,75.580002,3887000,27.790864
2003-12-01,76.25,76.809998,75.330002,76.790001,3524400,28.235783
2003-11-28,75.260002,76.209999,75.220001,76.050003,1362600,27.963684
2003-11-26,75.50,75.50,74.32,75.400002,3596200,27.724678
2003-11-25,73.650002,75.309998,73.599998,75.040001,4764400,27.592305
2003-11-24,73.050003,73.769997,73.050003,73.339996,3615400,26.967211
2003-11-21,73.029999,73.349998,72.739998,72.889999,3010800,26.801747
2003-11-20,72.699997,73.57,72.400002,72.75,3676400,26.750269
2003-11-19,71.400002,72.879997,71.339996,72.769997,3591400,26.757622
2003-11-18,72.50,73.139999,71.290001,71.290001,3668000,26.213425
2003-11-17,72.610001,72.639999,71.949997,72.50,3640800,26.658344
2003-11-14,73.480003,74.559998,72.50,72.610001,3460600,26.698791
2003-11-13,73.410004,74.089996,73.129997,73.480003,3132200,27.018692
2003-11-12,72.199997,73.760002,72.199997,73.660004,2621200,27.084879
2003-11-11,72.089996,72.580002,71.760002,71.949997,4250200,26.456107
2003-11-10,72.449997,73.349998,71.82,72.089996,4156000,26.507585
2003-11-07,74.43,74.50,72.470001,72.57,5778000,26.684083
2003-11-06,74.699997,74.739998,74.059998,74.529999,3948600,27.404777
2003-11-05,74.559998,75.690002,74.379997,74.940002,3948800,27.555536
2003-11-04,74.050003,75.269997,73.910004,74.809998,4473200,27.507733
2003-11-03,73.459999,74.489998,73.279999,74.050003,4029400,27.228282
2003-10-31,73.860001,74.279999,73.279999,73.279999,4911800,26.94515
2003-10-30,73.910004,74.459999,72.940002,73.860001,5515800,27.158418
2003-10-29,72.760002,73.459999,72.00,73.459999,3301600,27.011337
2003-10-28,71.830002,72.989998,71.510002,72.779999,5315800,26.7613
2003-10-27,71.50,71.849998,71.010002,71.699997,3972200,26.364182
2003-10-24,70.699997,71.559998,70.470001,71.050003,4872800,26.125178
2003-10-23,71.57,71.830002,71.019997,71.360001,5641200,26.239164
2003-10-22,71.779999,73.099998,71.339996,71.57,5806000,26.316381
2003-10-21,74.010002,74.010002,72.75,72.760002,5590800,26.753947
2003-10-20,74.050003,74.410004,73.220001,74.00,4032600,27.209896
2003-10-17,74.360001,74.739998,73.400002,73.580002,6636800,27.055462
2003-10-16,75.120003,75.120003,71.989998,74.330002,27425200,27.331238
2003-10-15,77.470001,78.919998,77.029999,78.720001,6321000,28.809395
2003-10-14,76.519997,76.889999,75.959999,76.870003,3766200,28.132345
2003-10-13,76.00,77.400002,76.00,76.900002,3015600,28.143324
2003-10-10,76.00,76.400002,75.379997,75.75,2556600,27.722454
2003-10-09,76.279999,77.099998,75.660004,76.080002,5414600,27.843226
2003-10-08,74.949997,75.57,74.639999,75.309998,4130800,27.561425
2003-10-07,73.760002,74.419998,73.300003,74.419998,3934200,27.23571
2003-10-06,73.900002,74.690002,73.190002,74.010002,3771800,27.085662
2003-10-03,73.50,74.489998,72.699997,73.379997,6192000,26.855097
2003-10-02,72.00,72.93,71.910004,72.699997,7216000,26.606236
2003-10-01,68.93,71.459999,68.900002,71.339996,5336000,26.108512
2003-09-30,69.019997,69.489998,67.900002,68.839996,5140000,25.19358
2003-09-29,68.400002,69.43,67.980003,69.190002,4724000,25.321672
2003-09-26,68.800003,68.800003,67.449997,68.25,5862400,24.977657
2003-09-25,70.669998,70.870003,68.900002,68.900002,5386800,25.21554
2003-09-24,71.50,71.949997,70.440002,70.440002,4616000,25.779139
2003-09-23,70.669998,71.690002,70.660004,71.449997,3932400,26.148769
2003-09-22,70.959999,71.68,70.139999,70.470001,5864400,25.790117
2003-09-19,71.300003,71.75,70.779999,71.190002,4964200,26.053618
2003-09-18,70.599998,71.779999,69.949997,71.300003,5145800,26.093876
2003-09-17,70.050003,70.699997,69.989998,70.230003,5389200,25.702285
2003-09-16,69.029999,69.790001,68.809998,69.699997,3667800,25.508317
2003-09-15,68.279999,69.459999,68.139999,69.00,5558200,25.252137
2003-09-12,67.75,68.199997,67.160004,68.019997,6041600,24.893482
2003-09-11,69.00,69.089996,66.860001,68.07,11167600,24.911782
2003-09-10,69.050003,69.150002,68.199997,69.00,6279000,25.252137
2003-09-09,70.260002,70.260002,68.800003,69.400002,5141400,25.398526
2003-09-08,70.129997,70.589996,69.580002,70.510002,4617800,25.804757
2003-09-05,70.339996,70.50,69.449997,70.129997,7657000,25.665685
2003-09-04,71.550003,71.900002,70.529999,71.089996,3967000,26.017019
2003-09-03,72.18,72.459999,71.010002,71.949997,4994800,26.331756
2003-09-02,71.949997,72.900002,71.230003,72.459999,4235400,26.518403
2003-08-29,71.00,72.029999,71.00,71.830002,3647200,26.287841
2003-08-28,70.550003,70.940002,69.279999,70.650002,3715200,25.855993
2003-08-27,69.50,70.459999,69.360001,70.160004,4225000,25.676667
2003-08-26,68.760002,69.900002,68.010002,69.550003,7307000,25.453423
2003-08-25,71.00,71.00,69.199997,69.660004,7085000,25.49368
2003-08-22,73.690002,73.970001,71.690002,71.690002,4680600,26.236605
2003-08-21,72.400002,73.949997,72.099998,73.410004,6196200,26.866079
2003-08-20,72.110001,72.419998,71.809998,72.260002,4044400,26.445209
2003-08-19,73.050003,73.150002,71.730003,72.900002,6419400,26.679432
2003-08-18,71.459999,73.139999,71.339996,73.040001,6569200,26.730668
2003-08-15,71.099998,71.949997,70.449997,70.959999,3300800,25.969443
2003-08-14,70.400002,71.169998,69.849998,70.650002,7142600,25.855993
2003-08-13,70.300003,70.50,69.82,70.400002,6153800,25.764499
2003-08-12,68.68,70.300003,68.160004,70.300003,5474400,25.727903
2003-08-11,68.400002,69.010002,67.870003,68.68,4435400,25.135025
2003-08-08,67.400002,68.790001,67.190002,68.209999,6177400,24.963018
2003-08-07,66.00,67.449997,65.599998,67.160004,6084400,24.578748
2003-08-06,66.690002,66.959999,65.949997,66.110001,6627200,24.194475
2003-08-05,67.309998,67.540001,66.68,66.690002,6152600,24.40674
2003-08-04,66.949997,67.440002,66.629997,67.099998,4242800,24.556787
2003-08-01,67.57,67.779999,66.57,67.220001,5166200,24.600705
2003-07-31,67.349998,68.290001,67.160004,67.470001,7192800,24.692198
2003-07-30,65.360001,66.699997,65.239998,66.449997,6066800,24.318904
2003-07-29,65.099998,65.620003,64.779999,65.349998,5407000,23.916335
2003-07-28,65.480003,65.690002,65.019997,65.099998,5279600,23.824841
2003-07-25,64.00,65.300003,62.799999,65.300003,6885400,23.898038
2003-07-24,64.949997,65.00,63.799999,63.82,6022200,23.356396
2003-07-23,64.230003,65.010002,63.790001,64.849998,9669600,23.733348
2003-07-22,63.560001,65.25,63.560001,64.199997,13112600,23.495465
2003-07-21,65.610001,65.900002,64.75,65.32,13465000,23.905356
2003-07-18,63.799999,65.860001,63.400002,65.610001,15271400,24.011488
2003-07-17,60.50,63.740002,59.599998,63.540001,20947800,23.253924
2003-07-16,58.48,58.639999,57.779999,58.639999,4603200,21.332567
2003-07-15,58.599998,58.599998,57.610001,58.07,4361400,21.125208
2003-07-14,58.299999,58.73,57.830002,57.880001,5128600,21.056088
2003-07-11,56.049999,57.630001,56.049999,57.380001,3552200,20.874194
2003-07-10,56.43,56.549999,56.00,56.220001,3527400,20.452199
2003-07-09,56.650002,56.869999,56.099998,56.43,2160400,20.528594
2003-07-08,56.310001,56.93,56.130001,56.709999,2427400,20.630455
2003-07-07,56.25,57.299999,56.150002,56.41,3421200,20.521318
2003-07-03,55.400002,56.349998,55.299999,55.57,2047400,20.215736
2003-07-02,54.740002,56.029999,54.740002,55.740002,5208000,20.277581
2003-07-01,55.099998,55.509998,53.099998,54.740002,8532800,19.913792
2003-06-30,55.880001,56.439999,55.200001,55.66,2102400,20.248477
2003-06-27,56.599998,56.82,55.419998,55.830002,3170400,20.310322
2003-06-26,56.07,56.869999,55.860001,56.759998,2192600,20.648644
2003-06-25,56.459999,56.57,55.599998,56.150002,3173000,20.426734
2003-06-24,56.25,57.50,56.25,56.450001,2775200,20.53587
2003-06-23,57.25,57.380001,55.84,56.66,3256000,20.612266
2003-06-20,56.959999,57.48,56.799999,57.25,5024400,20.826901
2003-06-19,57.200001,57.450001,56.279999,56.50,3027200,20.55406
2003-06-18,57.50,57.990002,56.860001,57.02,3469000,20.74323
2003-06-17,57.990002,58.25,57.27,57.759998,3625200,21.012433
2003-06-16,56.75,57.919998,56.630001,57.889999,4286400,21.059726
2003-06-13,56.040001,56.25,55.66,56.049999,2737600,20.390354
2003-06-12,56.66,57.049999,55.849998,56.130001,3231600,20.419458
2003-06-11,54.849998,56.68,54.73,56.66,4675600,20.612266
2003-06-10,54.700001,54.77,53.799999,54.619999,2840200,19.870136
2003-06-09,54.540001,54.759998,53.900002,54.220001,3458000,19.724622
2003-06-06,54.630001,56.00,54.540001,54.610001,5493600,19.866499
2003-06-05,53.919998,54.490002,53.360001,54.369999,3478800,19.779189
2003-06-04,53.00,54.150002,52.959999,53.919998,3627200,19.615484
2003-06-03,52.18,53.529999,52.060001,52.950001,3720000,19.26261
2003-06-02,52.50,52.950001,52.00,52.18,3128400,18.982493
2003-05-30,51.00,52.209999,50.799999,52.150002,5988000,18.971579
2003-05-29,52.52,53.32,50.50,50.50,6422400,18.371328
2003-05-28,52.599998,53.049999,52.349998,52.509998,4024400,19.102542
2003-05-27,50.75,52.650002,50.599998,52.509998,3741000,19.102542
2003-05-23,51.25,51.27,50.50,51.00,2054200,18.553222
2003-05-22,50.700001,51.48,50.509998,51.220001,3846200,18.633256
2003-05-21,51.099998,51.099998,50.189999,50.43,5214000,18.345862
2003-05-20,51.50,51.689999,50.860001,51.25,3955600,18.644169
2003-05-19,52.650002,52.700001,51.419998,51.50,3279200,18.735116
2003-05-16,53.400002,53.75,52.529999,52.970001,3558000,19.269886
2003-05-15,53.299999,53.439999,52.82,53.400002,3476000,19.426315
2003-05-14,53.349998,53.48,52.25,52.790001,4019000,19.204404
2003-05-13,54.099998,54.099998,53.00,53.169998,3932800,19.342643
2003-05-12,53.25,54.43,52.900002,54.25,3455600,19.735535
2003-05-09,52.00,53.700001,52.00,53.150002,3927200,19.335368
2003-05-08,53.209999,53.209999,51.880001,51.970001,5616400,18.906097
2003-05-07,53.450001,53.75,53.099998,53.330002,3589000,19.40085
2003-05-06,52.77,53.900002,52.619999,53.900002,4171600,19.60821
2003-05-05,52.849998,53.330002,52.540001,52.68,4367800,19.164387
2003-05-02,51.75,52.560001,51.57,52.349998,4953600,19.044336
2003-05-01,52.599998,52.650002,51.34,51.849998,3552200,18.862442
2003-04-30,52.369999,52.950001,51.889999,52.599998,3395800,19.135283
2003-04-29,52.810001,53.060001,51.900002,52.389999,3377200,19.058888
2003-04-28,51.700001,53.00,51.700001,52.779999,2978800,19.200765
2003-04-25,52.75,52.970001,51.830002,51.93,3252200,18.891545
2003-04-24,52.299999,53.09,52.299999,52.75,2923000,19.189852
2003-04-23,52.709999,53.00,52.25,52.860001,4373200,19.229869
2003-04-22,51.200001,53.119999,50.860001,52.959999,4264200,19.266247
2003-04-21,52.200001,52.41,51.509998,51.84,3852800,18.858804
2003-04-17,50.529999,52.139999,50.400002,51.98,5137400,18.909735
2003-04-16,53.25,53.619999,51.369999,51.41,5160600,18.702375
2003-04-15,53.150002,53.43,52.220001,52.700001,5635200,19.044336
2003-04-14,52.98,53.650002,52.740002,53.639999,3413000,19.384026
2003-04-11,53.50,54.25,52.799999,52.98,3944200,19.14552
2003-04-10,51.709999,52.830002,51.50,52.830002,4317600,19.091315
2003-04-09,51.560001,52.560001,51.560001,51.709999,5010600,18.686576
2003-04-08,51.950001,52.25,51.119999,52.099998,3054600,18.827511
2003-04-07,52.490002,53.509998,51.619999,51.700001,4251400,18.682963
2003-04-04,51.799999,52.200001,51.060001,51.470001,3447400,18.599848
2003-04-03,52.200001,52.200001,51.290001,51.799999,3945800,18.7191
2003-04-02,50.849998,51.84,50.799999,51.709999,5207800,18.686576
2003-04-01,49.200001,50.00,48.98,49.650002,4317400,17.94215
2003-03-31,49.25,49.849998,48.720001,49.200001,4721000,17.779532
2003-03-28,50.720001,50.720001,49.779999,50.240002,3848800,18.15536
2003-03-27,49.75,51.00,49.299999,50.720001,3678400,18.328818
2003-03-26,51.00,51.049999,49.900002,50.200001,5476600,18.140904
2003-03-25,51.00,51.200001,50.349998,51.00,5575000,18.430002
2003-03-24,52.560001,52.560001,50.459999,50.73,5402200,18.332431
2003-03-21,50.75,53.299999,50.75,52.549999,8699400,18.990129
2003-03-20,49.790001,51.00,49.00,50.619999,5713000,18.29268
2003-03-19,49.50,50.00,48.869999,49.790001,5683200,17.992742
2003-03-18,50.23,50.68,49.50,49.799999,7566800,17.996355
2003-03-17,46.950001,50.240002,46.779999,50.23,7931400,18.151745
2003-03-14,46.950001,47.950001,46.610001,47.02,5226600,16.991739
2003-03-13,45.150002,46.93,45.110001,46.93,5121200,16.959216
2003-03-12,44.349998,44.630001,43.52,44.220001,3930600,15.979896
2003-03-11,44.799999,45.23,44.299999,44.50,3516600,16.08108
2003-03-10,45.349998,45.400002,44.599998,44.790001,2725800,16.185879
2003-03-07,43.75,46.25,43.709999,45.799999,5230400,16.550864
2003-03-06,45.639999,45.639999,44.400002,44.599998,3598600,16.117217
2003-03-05,45.220001,45.939999,45.049999,45.630001,3461200,16.489432
2003-03-04,46.900002,46.900002,45.110001,45.220001,5392200,16.341269
2003-03-03,47.009998,47.349998,46.860001,47.080002,4103600,17.013422
2003-02-28,46.950001,47.549999,46.700001,47.00,4487200,16.984512
2003-02-27,46.00,46.830002,45.509998,46.720001,5416200,16.883328
2003-02-26,45.650002,46.00,45.450001,45.75,3841000,16.532796
2003-02-25,45.43,46.00,44.91,45.82,4559400,16.558092
2003-02-24,46.290001,46.290001,45.529999,45.810001,5391800,16.554479
2003-02-21,46.299999,46.599998,45.75,46.540001,4364000,16.818281
2003-02-20,46.150002,46.349998,45.419998,46.299999,5727200,16.731551
2003-02-19,45.400002,45.950001,45.150002,45.950001,7256000,16.605071
2003-02-18,43.349998,44.790001,43.349998,44.549999,4055600,16.099149
2003-02-14,42.119999,43.279999,41.740002,43.25,3159600,15.629365
2003-02-13,41.950001,42.189999,41.240002,42.119999,3096000,15.221013
2003-02-12,42.650002,43.049999,42.009998,42.040001,2639200,15.192104
2003-02-11,43.049999,43.360001,42.299999,42.580002,2855600,15.387246
2003-02-10,42.450001,42.75,41.790001,42.580002,3235200,15.387246
2003-02-07,43.299999,43.650002,42.360001,42.630001,2782600,15.405314
2003-02-06,43.50,43.990002,42.75,42.970001,2891000,15.528181
2003-02-05,44.150002,44.73,43.580002,43.66,2658000,15.777527
2003-02-04,44.00,44.259998,43.27,43.740002,2672400,15.806438
2003-02-03,44.349998,44.580002,44.00,44.25,2334000,15.990737
2003-01-31,42.75,44.50,42.610001,43.98,3284800,15.893166
2003-01-30,44.299999,44.380001,42.970001,43.049999,2801400,15.55709
2003-01-29,43.84,44.48,42.849998,44.049999,3829400,15.918462
2003-01-28,43.349998,44.00,43.00,43.830002,2947000,15.838961
2003-01-27,43.799999,44.189999,43.099998,43.25,3010000,15.629365
2003-01-24,45.48,45.48,43.700001,43.919998,3641600,15.871483
2003-01-23,44.75,45.549999,42.740002,45.48,8767800,16.435225
2003-01-22,46.080002,46.080002,44.040001,44.450001,5860800,16.063012
2003-01-21,47.400002,47.400002,46.049999,46.07,3617000,16.648435
2003-01-17,47.049999,47.470001,46.68,47.049999,2814200,17.00258
2003-01-16,46.950001,47.790001,46.950001,47.259998,3278000,17.078468
2003-01-15,47.599998,47.869999,46.860001,47.18,3860800,16.923078
2003-01-14,47.450001,47.610001,46.57,47.389999,4640600,16.998403
2003-01-13,47.849998,47.939999,47.150002,47.700001,2716200,17.109598
2003-01-10,46.939999,47.91,46.75,47.419998,2834800,17.009164
2003-01-09,46.599998,47.439999,46.32,47.34,2916600,16.980469
2003-01-08,47.860001,47.860001,46.25,46.400002,3246600,16.643299
2003-01-07,48.400002,48.400002,47.299999,47.849998,3126000,17.163401
2003-01-06,47.549999,48.419998,47.549999,48.400002,2354400,17.360683
2003-01-03,47.650002,47.700001,47.00,47.43,3399800,17.012751
2003-01-02,45.950001,47.75,45.77,47.75,4539400,17.127533
2002-12-31,45.50,45.799999,44.709999,45.720001,1910600,16.399389
2002-12-30,45.310001,45.740002,44.68,45.470001,1705200,16.309716
2002-12-27,46.200001,46.25,45.060001,45.060001,2873600,16.162652
2002-12-26,46.450001,46.98,46.119999,46.299999,2205600,16.607429
2002-12-24,46.349998,46.490002,46.009998,46.400002,1075200,16.643299
2002-12-23,46.48,46.599998,46.00,46.349998,1779200,16.625364
2002-12-20,45.700001,46.50,45.529999,46.50,4468800,16.679168
2002-12-19,45.349998,46.07,44.700001,45.23,2371000,16.223629
2002-12-18,45.830002,46.00,45.049999,45.599998,2331800,16.356345
2002-12-17,46.279999,46.77,45.73,45.830002,1974600,16.438845
2002-12-16,44.849998,46.299999,44.849998,46.279999,2394000,16.600255
2002-12-13,45.119999,45.599998,44.599998,44.599998,2796000,15.997653
2002-12-12,45.709999,46.00,45.00,45.119999,2265000,16.184173
2002-12-11,45.549999,45.810001,44.759998,45.709999,2963000,16.395801
2002-12-10,45.009998,45.950001,44.389999,45.549999,4110800,16.33841
2002-12-09,46.169998,46.169998,45.00,45.00,2890200,16.14113
2002-12-06,45.549999,46.599998,45.450001,46.169998,3872200,16.560799
2002-12-05,47.00,47.009998,46.189999,46.330002,4394000,16.618191
2002-12-04,46.799999,47.040001,46.509998,46.73,4877400,16.761667
2002-12-03,48.970001,49.00,47.00,47.299999,5303800,16.966121
2002-12-02,49.91,50.84,48.639999,49.220001,5687200,17.65481
2002-11-29,49.799999,50.299999,49.73,49.900002,2648400,17.89872
2002-11-27,47.25,49.279999,47.169998,49.259998,3631800,17.669157
2002-11-26,48.450001,48.459999,46.810001,47.09,4344400,16.890796
2002-11-25,48.700001,49.099998,48.189999,48.68,3295000,17.461116
2002-11-22,48.009998,48.990002,47.799999,48.549999,4485200,17.414486
2002-11-21,46.779999,48.23,46.310001,48.02,3991600,17.22438
2002-11-20,44.959999,46.529999,44.419998,46.529999,4389200,16.689928
2002-11-19,44.619999,45.240002,43.919998,44.950001,3190600,16.123196
2002-11-18,45.299999,45.549999,44.599998,44.619999,4318000,16.004827
2002-11-15,44.299999,45.099998,43.880001,45.080002,4239600,16.169826
2002-11-14,43.060001,44.50,43.060001,44.27,3713200,15.879285
2002-11-13,42.549999,43.619999,42.080002,43.049999,3050000,15.441681
2002-11-12,41.599998,43.150002,41.50,42.59,3066800,15.276683
2002-11-11,43.00,43.009998,41.25,41.450001,2877800,14.867775
2002-11-08,42.650002,43.50,42.599998,43.16,3155600,15.481137
2002-11-07,43.599998,43.790001,42.259998,42.540001,3399000,15.258749
2002-11-06,43.599998,43.610001,42.380001,43.57,3575200,15.628201
2002-11-05,42.869999,43.299999,42.419998,43.080002,2562200,15.452443
2002-11-04,42.119999,43.48,42.119999,42.860001,3895200,15.37353
2002-11-01,40.799999,42.349998,40.50,42.110001,2957400,15.104511
2002-10-31,41.200001,41.470001,40.299999,40.849998,2723600,14.652559
2002-10-30,40.599998,41.540001,40.09,40.970001,3155600,14.695603
2002-10-29,40.50,40.849998,39.369999,40.459999,3481600,14.512669
2002-10-28,41.75,42.049999,40.220001,40.470001,3373000,14.516257
2002-10-25,41.119999,41.490002,40.650002,41.450001,4473600,14.867775
2002-10-24,43.450001,43.50,41.00,41.110001,5548600,14.745819
2002-10-23,41.790001,42.849998,41.459999,42.799999,4390000,15.352008
2002-10-22,42.00,42.009998,41.060001,41.779999,4809000,14.986142
2002-10-21,41.00,43.130001,40.610001,42.91,5416400,15.391464
2002-10-18,40.099998,41.060001,39.900002,40.990002,4546600,14.702777
2002-10-17,39.950001,40.490002,38.75,40.360001,7111000,14.476801
2002-10-16,39.25,39.709999,38.200001,38.759998,9656000,13.777351
2002-10-15,37.00,37.98,36.990002,37.98,6627600,13.500099
2002-10-14,36.299999,36.360001,35.700001,35.709999,3427600,12.69322
2002-10-11,35.50,37.18,35.400002,36.580002,4586800,13.002465
2002-10-10,34.049999,35.299999,33.860001,35.07,7250200,12.465731
2002-10-09,35.330002,36.060001,33.75,33.860001,7742800,12.035633
2002-10-08,36.150002,36.900002,34.669998,36.32,5611000,12.910047
2002-10-07,36.200001,36.650002,35.639999,35.889999,4035600,12.757202
2002-10-04,37.669998,37.830002,35.130001,36.009998,4218000,12.799856
2002-10-03,37.75,38.759998,37.310001,37.490002,2847200,13.325927
2002-10-02,38.25,38.650002,37.700001,37.779999,3301000,13.429008
2002-10-01,37.349998,38.73,36.810001,38.669998,5636200,13.745361
2002-09-30,36.650002,37.790001,36.330002,37.220001,5104600,13.229955
2002-09-27,38.900002,38.900002,37.50,37.50,4143400,13.329481
2002-09-26,38.200001,39.130001,38.07,38.93,5833200,13.837779
2002-09-25,37.450001,38.099998,36.869999,38.00,4270600,13.507208
2002-09-24,37.150002,37.599998,36.419998,36.860001,5629800,13.101992
2002-09-23,37.150002,38.029999,37.099998,37.66,3810000,13.386354
2002-09-20,37.790001,38.150002,37.400002,37.869999,6718800,13.460999
2002-09-19,38.25,39.099998,37.779999,38.00,5835600,13.507208
2002-09-18,38.900002,39.349998,37.59,39.009998,5355000,13.866215
2002-09-17,41.599998,41.599998,39.290001,39.450001,4459000,14.022615
2002-09-16,40.650002,40.73,39.77,40.68,3909000,14.459821
2002-09-13,41.650002,41.66,40.25,40.639999,8147200,14.445603
2002-09-12,42.75,43.290001,42.189999,42.389999,3265000,15.067645
2002-09-11,43.700001,43.939999,42.779999,42.950001,2173200,15.2667
2002-09-10,43.25,43.299999,42.50,42.869999,3089400,15.238263
2002-09-09,43.00,43.290001,42.380001,43.119999,3862200,15.327126
2002-09-06,42.950001,43.200001,42.049999,43.200001,4588200,15.355563
2002-09-05,42.00,42.779999,41.400002,42.560001,3609000,15.128073
2002-09-04,42.630001,42.830002,41.880001,42.650002,3712400,15.160064
2002-09-03,43.599998,43.610001,42.400002,42.630001,4852600,15.152955
2002-08-30,43.25,44.400002,43.049999,43.639999,2342600,15.511962
2002-08-29,43.50,43.73,42.700001,43.32,3390000,15.398217
2002-08-28,44.799999,44.900002,43.799999,44.23,2045800,15.721679
2002-08-27,45.950001,46.200001,44.700001,44.849998,3569600,15.942059
2002-08-26,44.849998,45.50,44.310001,45.130001,2849800,16.041587
2002-08-23,45.349998,45.349998,44.66,44.849998,2836000,15.942059
2002-08-22,44.400002,45.599998,44.110001,45.349998,3423800,16.119786
2002-08-21,44.650002,44.75,43.799999,44.459999,3364600,15.803433
2002-08-20,44.349998,44.52,43.799999,44.25,3386600,15.728788
2002-08-19,43.549999,44.779999,43.41,44.689999,4226200,15.885187
2002-08-16,43.91,43.950001,43.27,43.459999,4787800,15.44798
2002-08-15,44.50,44.950001,43.799999,44.16,4799200,15.696797
2002-08-14,43.75,44.459999,43.009998,44.32,6987200,15.75367
2002-08-13,44.900002,45.459999,44.07,44.200001,5746600,15.711016
2002-08-12,44.099998,44.400002,43.049999,44.220001,2619400,15.718125
2002-08-09,44.299999,44.98,43.650002,44.57,3895800,15.842533
2002-08-08,43.299999,44.950001,43.00,44.549999,3584800,15.835424
2002-08-07,43.150002,43.400002,41.369999,42.849998,3193400,15.231153
2002-08-06,41.099998,43.450001,41.099998,42.389999,4102000,15.067645
2002-08-05,41.349998,41.810001,40.299999,40.400002,4414000,14.360295
2002-08-02,43.299999,43.50,40.849998,41.599998,5427400,14.786837
2002-08-01,44.400002,44.799999,42.849998,43.259998,6466000,15.376889
2002-07-31,45.50,45.50,43.790001,44.700001,4328800,15.888742
2002-07-30,45.650002,45.720001,44.00,45.310001,3988400,16.105568
2002-07-29,44.400002,46.00,44.00,45.900002,4221800,16.315286
2002-07-26,43.099998,43.650002,42.790001,43.549999,3050000,15.479971
2002-07-25,42.700001,43.50,41.279999,42.790001,4592600,15.209827
2002-07-24,39.75,43.200001,39.049999,43.200001,6252800,15.355563
2002-07-23,40.630001,41.25,39.900002,40.00,5347400,14.218113
2002-07-22,41.200001,42.599998,40.00,40.630001,6402800,14.442049
2002-07-19,42.689999,43.040001,41.400002,41.41,5382800,14.719302
2002-07-18,42.799999,43.200001,42.16,42.68,4562400,15.170727
2002-07-17,43.25,44.150002,42.799999,43.25,5660400,15.248927
2002-07-16,40.25,43.540001,40.25,43.00,17151400,15.160783
2002-07-15,45.50,45.50,42.950001,45.189999,4771200,15.932925
2002-07-12,45.09,46.200001,44.400002,45.50,3908200,16.042224
2002-07-11,45.200001,45.32,43.669998,45.07,5269800,15.890616
2002-07-10,47.619999,47.700001,45.349998,45.50,4294400,16.042224
2002-07-09,47.75,48.82,47.130001,47.130001,3163200,16.616924
2002-07-08,48.200001,48.599998,47.400002,47.849998,3334600,16.870778
2002-07-05,46.299999,48.240002,46.299999,48.240002,2349000,17.008283
2002-07-03,47.00,47.50,44.849998,46.18,5858200,16.281976
2002-07-02,48.150002,48.400002,46.549999,47.16,4130200,16.6275
2002-07-01,49.200001,49.400002,47.900002,48.00,5174200,16.923665
2002-06-28,48.549999,50.049999,48.50,48.950001,5297000,17.258612
2002-06-27,47.849998,48.700001,47.130001,48.700001,3374400,17.170468
2002-06-26,46.849998,47.970001,46.849998,47.66,4223000,16.803789
2002-06-25,48.049999,48.849998,47.650002,48.200001,4491800,16.99418
2002-06-24,47.18,48.049999,45.900002,47.549999,5069200,16.765005
2002-06-21,47.299999,48.119999,47.299999,47.68,5601400,16.81084
2002-06-20,48.00,48.50,47.75,47.75,3008800,16.83552
2002-06-19,48.799999,49.720001,48.00,48.220001,4015800,17.001232
2002-06-18,48.50,49.889999,48.450001,49.450001,4493600,17.434901
2002-06-17,48.400002,49.990002,48.00,48.040001,7378400,16.937768
2002-06-14,48.200001,48.950001,47.650002,48.900002,4745000,17.240984
2002-06-13,48.900002,49.599998,48.880001,49.25,3302000,17.364385
2002-06-12,49.02,49.150002,48.049999,49.150002,5566800,17.329128
2002-06-11,51.099998,51.880001,49.549999,49.549999,3502200,17.470158
2002-06-10,50.799999,50.98,49.98,50.529999,1805400,17.815682
2002-06-07,50.25,51.00,49.849998,50.619999,3197800,17.847414
2002-06-06,51.50,51.650002,49.849998,50.25,2373800,17.716961
2002-06-05,50.599998,51.790001,50.549999,51.43,3471200,18.133002
2002-06-04,51.75,51.919998,49.580002,50.84,4567600,17.924981
2002-06-03,52.52,52.98,51.549999,51.849998,3852600,18.281083
2002-05-31,52.00,52.98,51.880001,52.27,3257400,18.429166
2002-05-30,51.950001,52.240002,51.25,52.00,4096600,18.33397
2002-05-29,53.48,53.490002,52.169998,52.50,4295200,18.510258
2002-05-28,54.200001,54.389999,53.110001,53.490002,1914400,18.859309
2002-05-24,54.220001,54.52,53.93,53.950001,2402600,19.021494
2002-05-23,54.25,54.700001,53.619999,54.25,3868600,19.127267
2002-05-22,53.450001,54.290001,53.029999,54.27,3077400,19.134318
2002-05-21,54.299999,54.50,53.34,53.439999,2663800,18.841679
2002-05-20,54.790001,54.799999,53.619999,54.040001,4206000,19.053226
2002-05-17,55.290001,55.689999,54.50,54.790001,3274600,19.317658
2002-05-16,55.900002,56.200001,54.75,55.169998,3536600,19.451636
2002-05-15,54.490002,56.349998,54.349998,56.00,5891600,19.744275
2002-05-14,54.150002,54.349998,53.259998,54.240002,5012600,19.123742
2002-05-13,52.799999,53.240002,52.09,52.75,3825400,18.598402
2002-05-10,53.860001,53.860001,52.709999,52.810001,3722000,18.619557
2002-05-09,55.00,55.009998,53.52,53.860001,3082000,18.989762
2002-05-08,53.849998,55.200001,53.75,55.02,4473600,19.398751
2002-05-07,52.900002,52.950001,52.119999,52.610001,3821000,18.549042
2002-05-06,53.490002,53.650002,52.200001,52.400002,4039800,18.475001
2002-05-03,54.639999,54.849998,53.299999,54.00,3797400,19.039123
2002-05-02,54.400002,55.139999,53.959999,54.650002,3114800,19.268298
2002-05-01,54.619999,54.799999,53.07,54.130001,4887800,19.084958
2002-04-30,53.200001,55.150002,52.900002,54.619999,4513600,19.25772
2002-04-29,54.16,54.310001,52.889999,52.889999,3202400,18.647763
2002-04-26,54.150002,54.50,53.150002,54.150002,4913800,19.09201
2002-04-25,53.00,53.68,52.220001,53.599998,4477200,18.898092
2002-04-24,53.200001,54.82,53.00,53.00,2973400,18.686546
2002-04-23,53.900002,54.00,53.060001,53.099998,4493600,18.721803
2002-04-22,55.040001,55.09,53.599998,53.830002,3961600,18.979185
2002-04-19,55.400002,55.450001,54.77,55.040001,2650600,19.405802
2002-04-18,55.450001,55.459999,54.50,54.919998,4835600,19.363492
2002-04-17,56.50,56.860001,55.25,55.799999,6017200,19.550357
2002-04-16,57.990002,57.990002,56.43,56.650002,8827000,19.848168
2002-04-15,58.099998,58.299999,57.049999,57.990002,3042600,20.317657
2002-04-12,59.099998,59.200001,57.849998,57.970001,3429400,20.31065
2002-04-11,59.049999,59.59,58.23,58.43,3746400,20.471817
2002-04-10,58.349998,59.619999,58.110001,59.490002,4472000,20.843205
2002-04-09,57.93,58.84,57.599998,57.880001,3133400,20.279117
2002-04-08,57.349998,57.93,56.43,57.75,3595200,20.233569
2002-04-05,55.799999,57.75,55.799999,57.360001,4895400,20.096927
2002-04-04,54.919998,56.549999,54.900002,55.41,5235800,19.413715
2002-04-03,56.150002,56.16,54.400002,54.919998,4972000,19.242036
2002-04-02,56.919998,56.959999,56.200001,56.400002,3016600,19.760577
2002-04-01,57.00,57.23,56.009998,56.919998,2571800,19.942766
2002-03-28,57.779999,57.830002,56.849998,56.849998,3043000,19.91824
2002-03-27,56.400002,58.00,56.299999,57.490002,4481000,20.142475
2002-03-26,55.849998,57.400002,55.650002,56.25,4717000,19.708022
2002-03-25,57.650002,57.849998,55.900002,55.939999,4208000,19.599408
2002-03-22,57.099998,58.00,56.360001,57.130001,3561000,20.016343
2002-03-21,57.549999,57.849998,56.599998,57.099998,4292000,20.005831
2002-03-20,59.25,59.75,58.009998,58.029999,4366000,20.331671
2002-03-19,59.580002,59.939999,59.00,59.299999,4446200,20.776634
2002-03-18,59.790001,59.790001,58.799999,59.119999,4261200,20.713569
2002-03-15,58.880001,59.990002,58.799999,59.790001,7082600,20.948314
2002-03-14,57.68,59.599998,57.669998,58.66,5973000,20.552401
2002-03-13,58.700001,58.889999,57.490002,57.490002,4973000,20.142475
2002-03-12,58.400002,59.299999,58.400002,58.91,4690400,20.639992
2002-03-11,59.080002,59.50,58.75,59.099998,3407400,20.706561
2002-03-08,59.150002,59.939999,59.00,59.330002,5518000,20.787146
2002-03-07,59.700001,59.799999,58.369999,58.52,4782000,20.50335
2002-03-06,57.799999,59.23,57.709999,59.02,5500200,20.678533
2002-03-05,58.950001,59.299999,57.099998,58.00,7229600,20.32116
2002-03-04,56.400002,59.200001,56.380001,59.080002,6646000,20.699555
2002-03-01,55.400002,56.900002,54.75,56.330002,5744400,19.736052
2002-02-28,55.900002,56.299999,55.32,55.509998,4525000,19.448751
2002-02-27,56.049999,56.419998,55.349998,55.900002,3990000,19.585395
2002-02-26,56.099998,56.799999,55.049999,55.959999,6491800,19.606416
2002-02-25,53.50,56.200001,53.50,56.060001,10458000,19.641453
2002-02-22,51.299999,52.889999,51.299999,52.68,4282000,18.45722
2002-02-21,51.25,52.580002,51.07,51.880001,4004800,18.176928
2002-02-20,50.200001,51.470001,49.93,51.099998,5018600,17.903642
2002-02-19,49.799999,50.200001,49.00,49.900002,3483600,17.483206
2002-02-15,50.75,50.779999,49.799999,49.93,3135600,17.493716
2002-02-14,50.849998,51.450001,50.48,50.529999,2681400,17.703935
2002-02-13,50.240002,51.139999,50.110001,50.77,4430200,17.788023
2002-02-12,49.599998,50.599998,49.099998,50.240002,4191200,17.60233
2002-02-11,48.25,49.950001,48.189999,49.779999,3458800,17.441161
2002-02-08,47.599998,48.50,47.32,48.50,2533600,16.992694
2002-02-07,48.50,48.650002,47.43,47.43,2981600,16.617804
2002-02-06,48.779999,49.130001,47.700001,48.619999,5246800,17.034738
2002-02-05,49.02,49.900002,48.66,48.779999,3406400,17.090796
2002-02-04,50.299999,51.130001,49.029999,49.029999,2927000,17.178387
2002-02-01,50.50,50.650002,49.720001,50.52,2875400,17.700432
2002-01-31,50.099998,50.43,49.110001,50.279999,3247000,17.616343
2002-01-30,49.450001,50.220001,48.00,50.200001,5645200,17.588315
2002-01-29,50.84,50.990002,49.700001,49.700001,3274600,17.413133
2002-01-28,50.150002,51.369999,50.099998,50.830002,3452200,17.809045
2002-01-25,49.299999,50.279999,48.900002,50.099998,2583600,17.553278
2002-01-24,48.75,49.860001,48.599998,49.099998,2495400,17.202913
2002-01-23,47.700001,48.849998,46.75,48.759998,5761000,17.083789
2002-01-22,49.009998,49.349998,48.18,48.18,3211600,16.880578
2002-01-18,49.310001,49.57,48.950001,48.98,3320800,17.160869
2002-01-17,48.099998,49.650002,48.099998,49.310001,3986600,17.27649
2002-01-16,49.75,49.75,48.02,48.02,4496600,16.701892
2002-01-15,50.50,50.900002,49.700001,49.75,3242400,17.303605
2002-01-14,50.759998,51.25,50.419998,50.490002,2803600,17.560986
2002-01-11,51.349998,51.900002,50.82,50.82,2428000,17.675763
2002-01-10,51.400002,51.799999,50.779999,51.139999,2487000,17.787063
2002-01-09,51.849998,52.830002,51.450001,51.560001,3375800,17.933144
2002-01-08,52.369999,52.380001,50.990002,51.349998,6399000,17.860103
2002-01-07,53.75,54.09,53.049999,53.150002,2739800,18.486164
2002-01-04,52.400002,54.040001,52.400002,53.860001,5030600,18.733109
2002-01-03,51.66,52.349998,51.459999,52.330002,3149000,18.200959
2002-01-02,52.349998,52.599998,51.00,51.650002,4030200,17.964447
2001-12-31,52.849998,53.099998,52.200001,52.25,2041000,18.173133
2001-12-28,52.900002,53.240002,52.330002,53.189999,2038400,18.500075
2001-12-27,52.459999,52.950001,52.240002,52.759998,1336400,18.350516
2001-12-26,51.849998,52.799999,51.759998,52.450001,1760400,18.242696
2001-12-24,51.450001,52.25,51.450001,52.00,858800,18.08618
2001-12-21,51.25,51.669998,51.200001,51.450001,3410000,17.894885
2001-12-20,51.799999,51.810001,50.540001,50.599998,2752600,17.599244
2001-12-19,51.360001,52.150002,51.02,52.049999,3861600,18.103571
2001-12-18,50.50,51.77,50.459999,51.360001,2632000,17.863582
2001-12-17,49.700001,50.560001,49.700001,49.900002,2463000,17.355778
2001-12-14,50.029999,50.240002,48.700001,50.07,4585600,17.414905
2001-12-13,50.650002,51.150002,50.099998,50.209999,2454000,17.463598
2001-12-12,50.50,51.049999,50.209999,51.00,3784600,17.738369
2001-12-11,50.009998,51.099998,50.00,50.50,2909200,17.564464
2001-12-10,51.150002,51.150002,49.900002,50.009998,4095000,17.394036
2001-12-07,50.200001,51.650002,50.110001,51.150002,4309200,17.790541
2001-12-06,50.950001,51.689999,50.470001,50.509998,4728800,17.567941
2001-12-05,49.00,51.00,48.849998,50.549999,4670600,17.581854
2001-12-04,47.650002,48.490002,47.220001,48.459999,2364400,16.854929
2001-12-03,47.419998,47.50,46.700001,47.41,3487000,16.489727
2001-11-30,47.75,48.189999,47.330002,47.419998,3615200,16.493205
2001-11-29,48.189999,48.400002,47.549999,48.200001,3087000,16.764498
2001-11-28,48.700001,48.700001,48.00,48.189999,2016200,16.761019
2001-11-27,48.650002,49.25,47.950001,48.700001,3714000,16.938404
2001-11-26,48.889999,49.25,48.349998,49.25,2495200,17.1297
2001-11-23,48.419998,48.639999,48.189999,48.639999,2175000,16.917535
2001-11-21,49.200001,49.349998,48.27,48.419998,3313200,16.841016
2001-11-20,49.50,49.740002,48.52,49.200001,4779200,17.112309
2001-11-19,49.349998,50.150002,48.759998,50.009998,4674200,17.394036
2001-11-16,48.50,49.25,48.150002,49.099998,5166600,17.077528
2001-11-15,48.299999,48.299999,47.419998,47.970001,4999800,16.684502
2001-11-14,49.950001,49.970001,48.299999,48.380001,4704000,16.827104
2001-11-13,48.75,49.389999,48.400002,48.959999,3655000,17.028834
2001-11-12,48.049999,48.759998,47.00,47.779999,2079800,16.618417
2001-11-09,48.580002,48.950001,47.610001,48.25,2983200,16.781889
2001-11-08,48.400002,49.810001,48.299999,48.389999,4637600,16.830582
2001-11-07,47.599998,48.849998,47.200001,48.299999,4813400,16.799279
2001-11-06,46.25,47.799999,45.740002,47.790001,4498600,16.621896
2001-11-05,45.950001,46.470001,45.799999,46.099998,3519400,16.034094
2001-11-02,45.099998,45.799999,44.650002,45.709999,3090600,15.898448
2001-11-01,45.200001,45.349998,43.700001,45.200001,4934600,15.721065
2001-10-31,45.450001,45.650002,44.68,44.720001,3441600,15.554116
2001-10-30,45.700001,45.700001,44.599998,44.91,3526200,15.620199
2001-10-29,47.099998,47.50,45.700001,45.700001,2402000,15.89497
2001-10-26,46.450001,47.610001,46.419998,47.299999,2532400,16.451468
2001-10-25,45.049999,46.73,44.310001,46.369999,3676600,16.128003
2001-10-24,46.150002,46.450001,45.200001,45.450001,3301000,15.808018
2001-10-23,47.00,47.060001,45.959999,46.18,2885000,16.06192
2001-10-22,45.66,46.700001,45.400002,46.57,5437600,16.197566
2001-10-19,46.799999,46.799999,45.299999,45.759998,3867600,15.915838
2001-10-18,46.580002,46.950001,45.869999,46.389999,3185600,16.13496
2001-10-17,48.099998,48.400002,46.830002,46.919998,5843200,16.197565
2001-10-16,47.00,48.200001,46.599998,48.029999,6628600,16.580756
2001-10-15,48.049999,48.349998,47.700001,48.200001,2232000,16.639443
2001-10-12,48.599998,48.98,47.700001,48.549999,5467200,16.760269
2001-10-11,47.560001,49.900002,47.470001,49.299999,4795400,17.019181
2001-10-10,45.799999,47.50,45.50,47.310001,6813000,16.332201
2001-10-09,46.110001,47.040001,46.00,46.900002,2772600,16.190662
2001-10-08,47.700001,47.700001,46.27,46.639999,4105400,16.100905
2001-10-05,47.82,48.25,47.00,48.25,3797400,16.656704
2001-10-04,47.50,48.369999,47.360001,47.43,4269400,16.373626
2001-10-03,45.150002,47.799999,44.700001,47.419998,4648200,16.370173
2001-10-02,44.23,45.720001,44.07,45.400002,3610600,15.672837
2001-10-01,44.849998,44.849998,43.349998,43.98,4220200,15.182629
2001-09-28,43.799999,45.490002,43.299999,44.799999,4313000,15.465706
2001-09-27,44.099998,44.50,42.630001,43.799999,4878400,15.12049
2001-09-26,45.799999,45.799999,43.669998,44.07,6343400,15.213698
2001-09-25,46.119999,46.779999,45.09,46.380001,4536800,16.011149
2001-09-24,45.049999,47.41,45.049999,46.119999,5672400,15.921392
2001-09-21,41.700001,44.099998,40.310001,44.049999,9900000,15.206794
2001-09-20,44.50,44.970001,41.450001,41.700001,5984200,14.395535
2001-09-19,45.849998,46.349998,43.299999,44.400002,4928400,15.32762
2001-09-18,45.50,47.450001,44.900002,45.709999,5560200,15.779853
2001-09-17,47.00,48.450001,43.849998,44.689999,8090600,15.427732
2001-09-10,48.00,48.349998,47.049999,48.099998,5512000,16.604921
2001-09-07,51.139999,51.139999,48.75,48.860001,5106400,16.867286
2001-09-06,50.549999,51.75,50.540001,51.130001,6206800,17.650928
2001-09-05,50.799999,50.799999,49.790001,50.299999,3536600,17.364398
2001-09-04,50.009998,51.450001,49.400002,50.380001,5479800,17.392016
2001-08-31,49.900002,51.18,49.549999,50.00,3360200,17.260833
2001-08-30,50.799999,51.400002,49.50,50.00,3885600,17.260833
2001-08-29,52.00,52.00,50.860001,51.169998,3142200,17.664736
2001-08-28,52.450001,52.459999,51.57,52.139999,2104800,17.999597
2001-08-27,52.299999,52.68,52.200001,52.459999,2026600,18.110066
2001-08-24,51.799999,52.279999,51.00,52.240002,4917000,18.034119
2001-08-23,52.599998,52.599998,50.860001,51.799999,5342400,17.882223
2001-08-22,52.599998,53.299999,52.25,53.299999,5213800,18.400048
2001-08-21,53.00,53.09,52.259998,52.41,5605600,18.092805
2001-08-20,53.599998,53.599998,52.25,52.75,4281000,18.210179
2001-08-17,54.25,54.470001,53.060001,53.75,3456600,18.555396
2001-08-16,55.200001,55.200001,54.07,54.150002,4940400,18.693483
2001-08-15,53.880001,55.369999,53.880001,55.23,4810400,19.066316
2001-08-14,53.75,54.07,53.279999,53.860001,3528400,18.59337
2001-08-13,53.299999,54.32,53.279999,54.02,2607200,18.648604
2001-08-10,52.299999,54.509998,51.700001,53.650002,4256400,18.520874
2001-08-09,52.200001,52.41,51.380001,52.349998,4725600,18.072092
2001-08-08,52.700001,53.299999,52.509998,52.759998,4668400,18.21363
2001-08-07,52.75,53.57,52.450001,53.299999,2774800,18.400048
2001-08-06,54.00,54.02,52.290001,52.950001,2360600,18.279222
2001-08-03,54.450001,54.560001,53.240002,54.450001,2265200,18.797047
2001-08-02,54.25,54.73,53.50,54.599998,3682400,18.848829
2001-08-01,54.849998,55.720001,53.50,53.950001,5074000,18.624439
2001-07-31,54.00,55.50,53.75,55.099998,5094800,19.021438
2001-07-30,53.299999,53.77,53.080002,53.549999,2818200,18.486352
2001-07-27,52.57,52.75,52.200001,52.75,4358600,18.210179
2001-07-26,53.00,53.099998,51.900002,52.57,4773200,18.14804
2001-07-25,52.900002,53.599998,52.310001,53.00,7029400,18.296483
2001-07-24,53.900002,54.200001,52.68,52.900002,6603800,18.261962
2001-07-23,54.00,54.450001,53.060001,53.900002,2934800,18.607179
2001-07-20,54.200001,54.950001,53.75,54.00,3240400,18.6417
2001-07-19,52.889999,54.830002,52.889999,54.200001,6136000,18.710743
2001-07-18,53.549999,53.830002,51.84,52.68,6169800,18.186014
2001-07-17,51.400002,54.50,51.400002,53.549999,10336200,18.365525
2001-07-16,52.450001,52.450001,50.150002,50.369999,3250800,17.274911
2001-07-13,51.900002,52.689999,51.900002,52.48,4343800,17.998558
2001-07-12,49.900002,52.049999,49.900002,51.900002,4698000,17.799642
2001-07-11,48.849998,50.080002,48.849998,49.00,4122600,16.805056
2001-07-10,50.400002,50.919998,48.77,48.779999,4267800,16.729604
2001-07-09,50.00,51.150002,50.00,50.400002,2726600,17.285201
2001-07-06,51.68,51.75,49.599998,49.599998,3758600,17.010832
2001-07-05,51.990002,52.200001,51.549999,51.68,3213600,17.72419
2001-07-03,51.959999,52.279999,51.599998,51.990002,2145800,17.830508
2001-07-02,50.049999,52.25,50.049999,51.959999,4130200,17.820218
2001-06-29,49.75,50.900002,49.50,50.049999,8198400,17.165164
2001-06-28,52.290001,52.860001,50.400002,50.66,9970000,17.37437
2001-06-27,53.200001,53.950001,52.00,52.290001,5119800,17.933396
2001-06-26,52.650002,53.700001,51.709999,53.200001,7310200,18.24549
2001-06-25,54.639999,54.639999,52.599998,52.650002,5444400,18.056862
2001-06-22,55.889999,55.889999,54.290001,54.650002,3723400,18.742782
2001-06-21,55.50,56.50,55.32,55.990002,5216600,19.202349
2001-06-20,54.00,55.73,54.00,55.50,4243600,19.034298
2001-06-19,54.459999,54.700001,53.689999,53.889999,4550200,18.482132
2001-06-18,54.150002,54.810001,54.049999,54.459999,2958200,18.677619
2001-06-15,54.189999,54.48,53.950001,54.150002,6508600,18.571302
2001-06-14,54.040001,54.599998,53.549999,54.189999,4250600,18.58502
2001-06-13,53.82,54.48,53.75,54.040001,1698200,18.533576
2001-06-12,53.360001,54.060001,53.00,53.82,3202800,18.458125
2001-06-11,54.099998,54.099998,52.799999,53.360001,3129600,18.300363
2001-06-08,54.98,54.98,53.560001,54.330002,2791800,18.633035
2001-06-07,54.650002,55.130001,53.93,54.98,3108000,18.855959
2001-06-06,55.849998,55.849998,54.439999,54.650002,2307400,18.742782
2001-06-05,55.779999,55.950001,54.939999,55.889999,3469800,19.168053
2001-06-04,54.849998,56.040001,54.380001,55.779999,2770600,19.130327
2001-06-01,54.16,55.09,53.790001,54.849998,3008000,18.811373
2001-05-31,53.540001,54.700001,53.540001,54.16,2933600,18.574731
2001-05-30,55.00,55.00,53.259998,53.400002,4958800,18.314082
2001-05-29,54.00,55.290001,53.52,55.139999,3883800,18.910832
2001-05-25,54.400002,54.650002,53.84,54.00,3140600,18.519858
2001-05-24,55.00,55.25,54.00,54.400002,6181000,18.657042
2001-05-23,56.200001,56.830002,54.900002,55.00,6325200,18.862818
2001-05-22,55.700001,56.50,55.450001,56.200001,4368400,19.274371
2001-05-21,55.25,55.700001,54.200001,55.700001,4775200,19.102891
2001-05-18,55.25,55.50,54.299999,55.25,3682600,18.948558
2001-05-17,55.91,56.049999,55.25,55.25,7476400,18.948558
2001-05-16,53.139999,56.50,52.709999,55.91,7436400,19.174912
2001-05-15,52.82,53.599998,51.799999,53.139999,6048200,18.224912
2001-05-14,53.200001,53.209999,52.400002,52.82,3302800,18.115164
2001-05-11,53.43,53.900002,52.970001,53.200001,5804600,18.24549
2001-05-10,52.16,54.009998,52.16,53.43,5403800,18.32437
2001-05-09,51.849998,52.700001,51.630001,52.00,3524200,17.833937
2001-05-08,51.650002,52.25,51.650002,51.849998,4680800,17.782492
2001-05-07,50.549999,52.119999,50.099998,51.509998,5946200,17.665886
2001-05-04,50.040001,50.599998,49.049999,50.549999,4072200,17.336644
2001-05-03,50.25,50.25,48.939999,50.040001,2766400,17.161735
2001-05-02,50.779999,51.009998,49.400002,50.299999,4183200,17.250904
2001-05-01,50.200001,51.00,49.560001,50.779999,4617200,17.415525
2001-04-30,50.310001,51.490002,50.200001,50.200001,5055000,17.216609
2001-04-27,49.419998,50.830002,49.419998,50.310001,4117400,17.254335
2001-04-26,50.00,50.400002,49.119999,49.349998,5166800,16.925092
2001-04-25,48.299999,50.029999,47.549999,50.00,5245800,17.148016
2001-04-24,48.25,49.16,48.200001,48.299999,5042400,16.564984
2001-04-23,47.880001,48.400002,47.75,48.25,3266800,16.547836
2001-04-20,47.68,48.220001,46.860001,47.880001,3095800,16.420941
2001-04-19,48.00,48.00,46.959999,47.68,3230600,16.352349
2001-04-18,45.75,49.00,45.650002,48.450001,7891400,16.499823
2001-04-17,46.509998,46.509998,45.43,45.75,5792800,15.580328
2001-04-16,47.009998,47.240002,45.619999,46.75,3760800,15.920881
2001-04-12,45.139999,47.009998,44.950001,47.009998,3300200,16.009425
2001-04-11,45.700001,46.099998,44.919998,45.139999,3430400,15.37259
2001-04-10,45.00,47.00,45.00,45.700001,5092000,15.5633
2001-04-09,44.57,45.689999,44.57,44.98,4280200,15.318101
2001-04-06,45.09,45.09,43.880001,44.549999,4044600,15.171663
2001-04-05,43.549999,46.00,43.549999,45.779999,4707800,15.590544
2001-04-04,42.16,43.93,41.900002,43.549999,3690000,14.83111
2001-04-03,43.950001,43.950001,41.50,42.16,6232800,14.35774
2001-04-02,44.380001,45.700001,43.799999,44.439999,4333600,15.134202
2001-03-30,44.619999,44.93,43.77,44.380001,3046800,15.11377
2001-03-29,44.75,44.75,43.259998,44.619999,6493200,15.195502
2001-03-28,44.799999,45.509998,43.57,45.50,4884800,15.495189
2001-03-27,42.939999,44.799999,42.470001,44.799999,4729400,15.256802
2001-03-26,42.23,43.75,42.23,42.939999,4582600,14.623372
2001-03-23,41.369999,41.98,40.540001,41.77,4683200,14.224925
2001-03-22,41.970001,41.970001,40.150002,41.369999,4427400,14.088703
2001-03-21,43.25,43.25,41.549999,42.18,5537800,14.364551
2001-03-20,45.139999,45.57,43.75,43.869999,4723800,14.940087
2001-03-19,44.599998,45.299999,44.009998,45.139999,2889400,15.37259
2001-03-16,45.00,45.549999,44.25,44.599998,5420800,15.188691
2001-03-15,44.790001,45.200001,44.400002,45.00,2643600,15.324913
2001-03-14,45.490002,45.490002,44.549999,44.790001,4435600,15.253397
2001-03-13,44.959999,46.23,44.869999,46.049999,4328600,15.682494
2001-03-12,46.799999,46.799999,44.779999,44.959999,4708200,15.31129
2001-03-09,47.77,47.77,46.299999,46.84,5092800,15.951531
2001-03-08,46.950001,48.00,46.950001,47.790001,7539400,16.275057
2001-03-07,45.099998,46.810001,45.099998,46.799999,6538000,15.937909
2001-03-06,44.330002,45.200001,44.139999,44.509998,3706000,15.158041
2001-03-05,43.299999,44.700001,43.299999,44.330002,3643000,15.096742
2001-03-02,42.139999,43.459999,42.139999,42.68,2591600,14.534828
2001-03-01,41.599998,42.75,41.52,42.00,3337000,14.303252
2001-02-28,42.490002,43.18,41.549999,41.599998,3025200,14.16703
2001-02-27,41.630001,42.650002,41.549999,42.490002,3713600,14.470124
2001-02-26,40.560001,41.880001,40.560001,41.630001,2167600,14.177247
2001-02-23,40.689999,40.77,39.75,40.09,3277600,13.652794
2001-02-22,40.959999,41.450001,40.200001,40.689999,3247400,13.857126
2001-02-21,41.799999,42.279999,40.900002,40.959999,3115000,13.949076
2001-02-20,43.400002,43.400002,41.799999,41.799999,4236800,14.235141
2001-02-16,44.119999,44.68,43.50,43.669998,3326200,14.871976
2001-02-15,43.41,45.00,43.41,44.119999,3487000,15.025225
2001-02-14,43.259998,44.50,42.82,42.919998,2694800,14.61656
2001-02-13,43.150002,44.150002,43.150002,43.259998,2898400,14.732349
2001-02-12,43.130001,43.849998,43.130001,43.130001,3180600,14.688078
2001-02-09,43.18,43.25,42.490002,43.00,3121800,14.643805
2001-02-08,43.610001,43.75,42.810001,43.18,1954000,14.705105
2001-02-07,43.52,43.889999,43.380001,43.610001,1773800,14.851543
2001-02-06,43.77,44.060001,43.310001,43.52,2298200,14.820893
2001-02-05,44.27,44.380001,43.73,43.77,1823000,14.906032
2001-02-02,44.330002,44.919998,43.900002,44.27,2387400,15.076309
2001-02-01,44.220001,44.599998,43.700001,44.330002,2737600,15.096742
2001-01-31,44.400002,45.00,44.00,44.220001,3889000,15.059281
2001-01-30,43.099998,44.50,42.25,44.400002,4675200,15.120581
2001-01-29,43.16,43.799999,42.810001,43.099998,2439600,14.67786
2001-01-26,43.3125,43.75,42.5625,43.25,3094400,14.728944
2001-01-25,42.4375,44.0625,42.4375,43.3125,3517600,14.750228
2001-01-24,41.625,42.875,41.00,42.1875,3670200,14.367105
2001-01-23,40.875,42.00,40.75,41.625,5792400,14.175544
2001-01-22,40.625,41.4375,39.8125,40.875,4659800,13.920129
2001-01-19,41.0625,41.0625,39.8125,40.625,5502600,13.83499
2001-01-18,42.0625,42.0625,40.00,41.75,9166400,14.218113
2001-01-17,44.6875,45.625,44.3125,45.00,4460200,15.209124
2001-01-16,43.6875,44.6875,43.0625,44.6875,4239400,15.103505
2001-01-12,45.25,45.25,42.6875,43.6875,3494200,14.765525
2001-01-11,45.0625,45.4375,44.125,45.4375,3371000,15.356991
2001-01-10,45.625,45.625,44.0625,45.0625,3655000,15.230248
2001-01-09,45.75,45.75,44.875,45.6875,3836600,15.441486
2001-01-08,45.875,46.00,45.125,45.75,3752000,15.46261
2001-01-05,48.50,48.50,45.3125,45.875,7057800,15.504857
2001-01-04,46.50,49.625,46.50,48.6875,9149400,16.455427
2001-01-03,46.3125,46.6875,43.5625,46.50,7564000,15.716095
2001-01-02,47.25,47.25,45.625,46.3125,3285000,15.652724
2000-12-29,47.625,47.9375,46.8125,47.3125,3051800,15.990704
2000-12-28,47.50,47.6875,46.1875,47.625,2558600,16.096323
2000-12-27,47.5625,47.5625,46.375,47.50,3737200,16.054076
2000-12-26,46.625,47.75,46.4375,47.75,3715400,16.138571
2000-12-22,44.75,46.75,44.1875,46.625,5743600,15.758343
2000-12-21,43.0625,44.875,42.25,44.75,5965000,15.124629
2000-12-20,42.875,43.3125,41.25,43.0625,5809600,14.554287
2000-12-19,42.3125,43.375,41.4375,42.875,5395200,14.490916
2000-12-18,40.8125,42.625,40.125,42.3125,3673200,14.300802
2000-12-15,40.75,41.4375,40.75,40.8125,4576800,13.793831
2000-12-14,40.9375,40.9375,40.125,40.6875,2137600,13.751583
2000-12-13,42.375,43.1875,41.4375,41.6875,2747000,14.089564
2000-12-12,42.375,43.625,41.875,42.375,4090800,14.321925
2000-12-11,41.625,42.5625,40.9375,42.375,3065200,14.321925
2000-12-08,41.5625,42.125,41.00,41.625,2792200,14.06844
2000-12-07,41.5625,42.50,41.3125,41.5625,2262800,14.047316
2000-12-06,42.6875,42.6875,41.375,41.5625,3086800,14.047316
2000-12-05,43.3125,44.25,41.9375,43.375,5893000,14.659906
2000-12-04,40.75,43.9375,40.75,43.3125,6023200,14.638782
2000-12-01,39.50,41.25,39.50,40.6875,3003600,13.751583
2000-11-30,40.125,41.0625,39.25,39.3125,3984400,13.28686
2000-11-29,39.00,40.5625,39.00,40.125,2852400,13.561469
2000-11-28,39.25,39.25,38.5625,39.00,1821000,13.181241
2000-11-27,38.875,39.8125,38.4375,39.6875,2942200,13.413603
2000-11-24,37.8125,39.00,37.75,38.875,1485600,13.138993
2000-11-22,38.1875,38.1875,37.5625,37.8125,2131800,12.779889
2000-11-21,37.1875,38.50,37.1875,38.25,3665600,12.927756
2000-11-20,36.9375,37.3125,36.50,37.1875,3128400,12.568651
2000-11-17,36.4375,37.50,36.4375,36.9375,2597600,12.484156
2000-11-16,36.6875,36.6875,35.8125,36.3125,1835600,12.272918
2000-11-15,36.0625,36.9375,36.0625,36.6875,2835800,12.399661
2000-11-14,36.1875,36.3125,35.6875,36.0625,2271400,12.188423
2000-11-13,35.75,36.3125,35.1875,36.1875,3065400,12.230671
2000-11-10,36.375,36.375,35.75,35.75,2756400,12.082804
2000-11-09,36.4375,37.00,35.6875,36.5625,2848000,12.357413
2000-11-08,36.125,36.9375,35.3125,36.4375,2546000,12.315166
2000-11-07,36.1875,36.25,35.5625,36.125,2537200,12.209547
2000-11-06,34.8125,36.625,34.8125,36.1875,3228800,12.230671
2000-11-03,34.8125,35.00,34.5625,34.8125,2074000,11.765948
2000-11-02,34.75,35.50,34.75,34.8125,2362200,11.765948
2000-11-01,35.0625,35.75,34.5625,34.75,3343400,11.744824
2000-10-31,34.9375,35.8125,33.875,35.0625,6645200,11.850443
2000-10-30,32.875,35.75,32.50,34.9375,5737800,11.808195
2000-10-27,32.00,32.875,32.00,32.875,3200600,11.11111
2000-10-26,31.3125,32.3125,31.0625,31.8125,2656600,10.752006
2000-10-25,31.875,32.00,31.125,31.3125,2413200,10.583016
2000-10-24,31.5625,32.25,31.5625,31.875,3443800,10.77313
2000-10-23,30.6875,31.875,30.6875,31.4375,2725600,10.625263
2000-10-20,30.50,31.1875,30.375,30.6875,2370200,10.371778
2000-10-19,30.0625,30.8125,30.0625,30.50,3147000,10.308406
2000-10-18,30.125,30.125,29.5625,29.8125,5565800,10.076045
2000-10-17,31.75,32.0625,30.375,30.50,3269600,10.193493
2000-10-16,31.6875,32.125,31.3125,31.75,3422000,10.611259
2000-10-13,31.8125,31.8125,30.875,31.6875,3551000,10.59037
2000-10-12,33.25,33.25,31.1875,31.875,4800400,10.653035
2000-10-11,33.375,34.00,32.5625,33.25,3741000,11.112578
2000-10-10,34.4375,34.4375,33.3125,33.375,2709600,11.154355
2000-10-09,34.50,35.00,34.375,34.5625,1319200,11.551232
2000-10-06,35.00,35.6875,34.50,34.50,2549400,11.530344
2000-10-05,35.125,35.625,34.875,35.00,2774200,11.69745
2000-10-04,35.0625,35.9375,34.8125,35.125,3534400,11.739227
2000-10-03,34.25,36.00,34.1875,35.0625,4416200,11.718339
2000-10-02,31.00,34.25,31.00,34.25,6628600,11.446791
2000-09-29,34.00,34.75,29.00,31.00,3578400,10.360599
2000-09-28,33.50,34.75,32.625,34.00,4866000,11.363238
2000-09-27,34.75,34.75,32.50,33.50,7458600,11.196131
2000-09-26,35.375,35.375,34.50,35.00,2804800,11.69745
2000-09-25,35.125,36.00,35.0625,35.50,2056400,11.864557
2000-09-22,34.8125,35.6875,34.5625,35.125,2605400,11.739227
2000-09-21,35.1875,35.6875,34.75,34.8125,2412400,11.634786
2000-09-20,35.50,35.6875,34.9375,35.1875,3515000,11.760115
2000-09-19,36.0625,36.1875,34.625,35.50,5201200,11.864557
2000-09-18,37.3125,37.3125,35.4375,36.0625,5579000,12.052552
2000-09-15,38.4375,38.4375,37.1875,37.4375,6007800,12.512094
2000-09-14,38.8125,39.625,38.8125,39.25,4188200,13.117855
2000-09-13,38.25,39.25,38.25,38.6875,2132000,12.92986
2000-09-12,38.3125,38.8125,37.75,38.00,3190600,12.700089
2000-09-11,37.8125,39.3125,37.75,38.3125,2521800,12.804531
2000-09-08,38.0625,38.25,37.50,37.8125,3091600,12.637424
2000-09-07,38.6875,39.0625,38.0625,38.0625,4777600,12.720977
2000-09-06,38.0625,39.25,38.0625,38.6875,2900600,12.92986
2000-09-05,37.3125,38.8125,37.0625,38.0625,2875600,12.720977
2000-09-01,36.765621,37.50,36.25,37.3125,2563800,12.470318
2000-08-31,37.5625,37.875,36.50,36.765621,4834600,12.287544
2000-08-30,38.0625,38.4375,36.6875,37.5625,3988200,12.553871
2000-08-29,37.75,39.125,37.75,38.0625,4115000,12.720977
2000-08-28,37.625,37.75,36.625,37.1875,2669000,12.428541
2000-08-25,37.6875,37.8125,37.25,37.625,1400200,12.574759
2000-08-24,37.125,37.6875,37.00,37.6875,2351800,12.595648
2000-08-23,37.8125,37.875,37.0625,37.125,1962400,12.407653
2000-08-22,37.6875,38.00,37.375,37.8125,1907600,12.637424
2000-08-21,38.1875,38.3125,37.375,37.6875,1527600,12.595648
2000-08-18,38.25,38.5625,37.6875,38.1875,1970800,12.762754
2000-08-17,38.625,38.8125,38.1875,38.25,1760600,12.783642
2000-08-16,38.656239,39.3125,38.4375,38.625,2873200,12.908972
2000-08-15,39.0625,39.50,38.25,38.656239,2535400,12.919412
2000-08-14,38.625,39.0625,38.3125,39.0625,4096600,13.05519
2000-08-11,37.50,39.00,37.25,38.625,2813800,12.908972
2000-08-10,37.5625,38.125,37.375,37.50,1964000,12.532983
2000-08-09,38.375,38.375,37.5625,37.5625,2906800,12.553871
2000-08-08,36.8125,38.8125,36.8125,38.375,7056400,12.825419
2000-08-07,34.843761,36.9375,34.5625,36.6875,4035600,12.261435
2000-08-04,35.0625,35.0625,34.375,34.843761,2018200,11.645233
2000-08-03,35.00,35.75,34.25,35.0625,3375200,11.718339
2000-08-02,34.375,35.1875,34.375,35.00,3722000,11.69745
2000-08-01,34.125,34.4375,34.125,34.3125,4007600,11.467679
2000-07-31,34.0625,35.1875,34.0625,34.0625,3131800,11.384126
2000-07-28,34.875,35.0625,33.9375,34.0625,3336600,11.384126
2000-07-27,34.75,35.375,34.625,34.875,2642200,11.655674
2000-07-26,35.75,35.75,34.75,34.75,3413200,11.613897
2000-07-25,36.25,36.625,35.875,35.875,2363000,11.989887
2000-07-24,36.50,36.50,36.125,36.25,1660200,12.115217
2000-07-21,37.0625,37.1875,36.375,36.50,3777600,12.19877
2000-07-20,37.9375,38.4375,36.50,37.0625,5041600,12.386764
2000-07-19,37.75,38.5625,37.6875,37.9375,6346200,12.679201
2000-07-18,36.875,38.25,36.875,37.75,8446200,12.616536
2000-07-17,35.75,36.1875,35.00,35.718761,2677200,11.824037
2000-07-14,35.9375,36.0625,35.125,35.75,2999200,11.834378
2000-07-13,36.5625,36.625,35.875,35.9375,3438000,11.896447
2000-07-12,36.125,37.00,35.75,36.5625,3236600,12.103341
2000-07-11,34.50,36.6875,34.50,36.125,5056800,11.958515
2000-07-10,34.1875,35.375,34.1875,34.25,3084000,11.337831
2000-07-07,34.8125,34.9375,33.9375,33.9375,3514400,11.234384
2000-07-06,35.1875,35.625,34.8125,34.8125,2433400,11.524036
2000-07-05,35.4375,35.4375,34.3125,35.1875,3324600,11.648173
2000-07-03,34.1875,36.0625,34.1875,36.00,1702400,11.917136
2000-06-30,35.00,35.3125,33.8125,33.875,4672000,11.213694
2000-06-29,35.50,35.50,34.75,35.00,2415400,11.586105
2000-06-28,36.00,36.75,36.00,36.156239,2527200,11.968856
2000-06-27,34.8125,36.50,34.6875,35.6875,2754800,11.813689
2000-06-26,34.6875,35.6875,34.6875,34.8125,1959000,11.524036
2000-06-23,34.4375,35.125,34.4375,34.625,1787400,11.461968
2000-06-22,35.125,35.375,34.3125,34.4375,3490200,11.399899
2000-06-21,35.0625,35.50,34.9375,35.125,2569000,11.627484
2000-06-20,35.125,35.6875,35.00,35.0625,3212400,11.606794
2000-06-19,35.9375,36.50,35.125,35.125,3703200,11.627484
2000-06-16,37.00,37.125,35.875,35.9375,5510400,11.896447
2000-06-15,37.625,38.00,36.8125,37.00,2703400,12.248168
2000-06-14,37.25,38.25,37.125,37.625,3292600,12.455062
2000-06-13,38.5625,38.5625,37.00,37.25,3154800,12.330926
2000-06-12,38.25,39.0625,37.6875,38.625,2635600,12.786094
2000-06-09,38.125,38.5625,37.75,38.25,1819600,12.661957
2000-06-08,38.4375,38.4375,37.6875,38.125,2418800,12.620578
2000-06-07,38.8125,38.8125,38.125,38.8125,3017600,12.848162
2000-06-06,39.5625,39.5625,38.1875,39.0625,3697400,12.93092
2000-06-05,40.875,40.875,38.5625,40.00,3871600,13.241262
2000-06-02,40.25,42.50,40.25,41.0625,4491400,13.592983
2000-06-01,38.8125,40.00,38.8125,39.75,2835400,13.158505
2000-05-31,38.3125,38.4375,37.875,38.25,2925400,12.661957
2000-05-30,38.125,38.8125,38.125,38.3125,1614200,12.682647
2000-05-26,38.0625,38.8125,37.875,38.125,1908200,12.620578
2000-05-25,39.6875,39.875,37.8125,38.0625,2763800,12.599889
2000-05-24,39.50,40.50,38.75,39.6875,2075000,13.137815
2000-05-23,40.1875,40.6875,39.00,39.50,2005600,13.075747
2000-05-22,40.0625,40.6875,39.625,40.1875,2443000,13.303331
2000-05-19,38.8125,40.4375,38.50,40.0625,3942200,13.261952
2000-05-18,40.00,40.00,38.50,38.8125,3559200,12.848162
2000-05-17,40.25,40.6875,39.875,40.00,1526600,13.241262
2000-05-16,40.5625,41.75,40.1875,40.25,4066000,13.32402
2000-05-15,39.5625,40.75,39.5625,40.5625,3531000,13.427468
2000-05-12,38.8125,39.875,38.625,39.375,1927800,13.034368
2000-05-11,38.375,39.5625,37.6875,38.8125,2617600,12.848162
2000-05-10,38.00,38.4375,37.5625,38.375,2391400,12.703336
2000-05-09,38.9375,40.00,37.9375,38.00,3078800,12.579199
2000-05-08,39.0625,39.75,38.5625,38.9375,2078600,12.889541
2000-05-05,37.9375,39.375,37.875,39.0625,2544600,12.93092
2000-05-04,38.875,38.9375,37.875,37.9375,2377000,12.55851
2000-05-03,39.375,39.375,38.50,38.875,2442600,12.868852
2000-05-02,38.8125,39.9375,38.0625,39.625,2840800,13.117126
2000-05-01,39.4375,39.6875,38.8125,38.8125,2637800,12.848162
2000-04-28,40.125,41.00,39.25,39.4375,3741600,13.055057
2000-04-27,39.75,40.4375,38.9375,40.125,2903600,13.282641
2000-04-26,40.125,40.6875,39.50,39.75,4544400,13.158505
2000-04-25,39.00,40.50,39.00,40.125,4381400,13.282641
2000-04-24,38.1875,39.125,38.1875,39.00,3312200,12.910231
2000-04-20,37.625,38.3125,37.50,38.00,4924600,12.579199
2000-04-19,38.9375,38.9375,37.00,37.625,8557000,12.455062
2000-04-18,40.9375,43.50,39.375,40.25,9957200,13.216436
2000-04-17,40.50,42.4375,40.25,40.9375,3754200,13.442182
2000-04-14,42.00,42.00,40.1875,40.50,4287000,13.298525
2000-04-13,43.4375,44.875,41.8125,42.00,4334200,13.791063
2000-04-12,42.75,44.75,42.75,43.4375,4224400,14.263079
2000-04-11,41.625,43.25,41.625,42.0625,3531600,13.811586
2000-04-10,41.375,42.125,41.125,41.4375,1890600,13.606362
2000-04-07,42.3125,42.4375,41.25,41.375,2937400,13.585839
2000-04-06,42.4375,43.625,42.25,42.3125,2104800,13.893675
2000-04-05,43.4375,43.875,42.25,42.4375,3759200,13.93472
2000-04-04,41.875,44.125,40.875,43.4375,7259000,14.263079
2000-04-03,39.4375,42.25,39.4375,41.875,4664200,13.750018
2000-03-31,40.75,41.125,39.3125,39.4375,4850400,12.949644
2000-03-30,39.00,41.3125,38.875,40.75,4877800,13.380615
2000-03-29,38.3125,39.5625,37.6875,39.00,3778000,12.805987
2000-03-28,39.0625,39.125,38.3125,38.3125,2619200,12.580241
2000-03-27,39.50,40.625,39.00,39.0625,2241200,12.82651
2000-03-24,39.5625,40.00,39.25,39.50,2277600,12.970167
2000-03-23,39.25,40.1875,39.25,39.5625,3596000,12.990689
2000-03-22,39.625,39.625,38.75,38.9375,2487200,12.785465
2000-03-21,38.50,40.0625,38.4375,39.8125,3065800,13.072779
2000-03-20,39.625,40.5625,38.4375,38.50,4407600,12.641808
2000-03-17,40.3125,40.3125,39.0625,39.625,4798800,13.011212
2000-03-16,38.9375,41.625,38.9375,40.6875,7723400,13.360093
2000-03-15,35.8125,39.0625,35.625,38.25,6827400,12.559718
2000-03-14,35.75,37.1875,35.75,35.8125,6545400,11.759344
2000-03-13,35.6875,36.125,35.00,35.625,3304800,11.697777
2000-03-10,35.25,36.75,34.8125,35.6875,5335400,11.718299
2000-03-09,34.9375,35.375,34.25,35.25,4904400,11.574642
2000-03-08,34.625,36.4375,34.625,34.9375,5772000,11.47203
2000-03-07,36.50,36.50,33.50,33.8125,8780800,11.102627
2000-03-06,36.4375,38.00,36.4375,36.6875,5260400,12.046658
2000-03-03,34.50,37.3125,34.50,36.375,4805800,11.944046
2000-03-02,34.875,35.00,34.1875,34.4375,3956000,11.307851
2000-03-01,35.0625,35.8125,34.875,34.875,4841600,11.451508
2000-02-29,35.5625,36.4375,35.00,35.0625,4805800,11.513075
2000-02-28,36.00,36.625,35.375,35.5625,3319200,11.677254
2000-02-25,36.25,37.50,35.875,36.00,4139800,11.820911
2000-02-24,37.8125,37.875,36.25,36.25,4488200,11.903001
2000-02-23,38.3125,38.6875,37.1875,37.8125,4894400,12.416061
2000-02-22,37.6875,38.875,37.50,38.3125,4028800,12.580241
2000-02-18,38.375,38.375,37.375,37.6875,3017800,12.375017
2000-02-17,39.125,39.125,37.6875,38.6875,3824200,12.703375
2000-02-16,40.00,40.625,38.8125,39.1875,3881400,12.867555
2000-02-15,38.625,40.75,38.625,40.00,6048200,13.134346
2000-02-14,36.25,38.9375,36.25,38.625,6787800,12.682853
2000-02-11,37.875,37.875,34.875,36.00,11944800,11.820911
2000-02-10,39.125,39.5625,37.625,38.0625,5807400,12.498151
2000-02-09,41.00,41.1875,39.125,39.125,5934800,12.847032
2000-02-08,41.25,41.50,40.00,41.00,5848400,13.462705
2000-02-07,41.8125,41.8125,40.75,41.25,4089800,13.544794
2000-02-04,42.3125,42.8125,41.25,42.3125,4122000,13.893675
2000-02-03,43.25,43.25,42.125,42.3125,4343400,13.893675
2000-02-02,43.1875,44.75,42.875,43.4375,2933600,14.263079
2000-02-01,42.75,44.0625,42.75,43.1875,2930200,14.180989
2000-01-31,43.50,43.9375,42.4375,42.4375,3677000,13.93472
2000-01-28,44.5625,45.1875,43.50,43.50,4851600,14.283601
2000-01-27,44.9375,45.5625,44.00,44.5625,3340800,14.632482
2000-01-26,43.625,45.6875,43.375,44.9375,4188200,14.755617
2000-01-25,45.00,45.00,42.5625,43.625,6084200,14.324646
2000-01-24,47.25,47.25,45.0625,45.3125,5385600,14.878751
2000-01-21,47.125,47.9375,45.625,47.375,5000000,15.555991
2000-01-20,49.3125,49.9375,47.0625,47.125,4279200,15.473901
2000-01-19,49.9375,50.6875,49.3125,49.3125,3424600,16.192186
2000-01-18,51.75,51.75,49.875,49.9375,4054200,16.39741
2000-01-14,52.1875,52.875,51.875,51.9375,3044400,16.94741
2000-01-13,52.0625,53.375,52.0625,52.1875,3129400,17.028986
2000-01-12,51.125,52.3125,51.125,51.625,3401000,16.84544
2000-01-11,51.5625,53.1875,50.75,50.75,3945600,16.559924
2000-01-10,53.3125,54.5625,51.50,51.5625,3682200,16.825046
2000-01-07,52.75,55.125,52.75,53.3125,6360200,17.396078
2000-01-06,50.5625,52.25,50.5625,51.625,5140600,16.84544
2000-01-05,48.00,50.1875,48.00,49.125,6398600,16.029681
2000-01-04,48.625,49.75,48.00,48.00,6181400,15.662589
2000-01-03,47.6875,49.00,47.6875,48.625,5055000,15.866529
1999-12-31,46.00,47.4375,45.6875,47.0625,1525600,15.356679
1999-12-30,46.50,47.5625,45.875,46.00,2714800,15.009981
1999-12-29,47.5625,48.0625,46.25,46.50,3186400,15.173133
1999-12-28,46.4375,48.0625,46.375,47.5625,3093600,15.519831
1999-12-27,45.25,46.9375,45.25,46.4375,3487600,15.152739
1999-12-23,44.0625,45.4375,44.0625,44.8125,2219200,14.622495
1999-12-22,44.375,44.8125,43.375,43.375,2524200,14.153433
1999-12-21,45.00,45.00,43.125,44.375,3504600,14.479737
1999-12-20,44.9375,45.75,44.9375,45.125,2833400,14.724465
1999-12-17,47.125,47.4375,44.9375,44.9375,5323000,14.663283
1999-12-16,46.515621,47.50,46.00,47.125,2941800,15.377073
1999-12-15,46.125,47.25,45.8125,46.515621,3467000,15.17823
1999-12-14,46.3125,47.6875,45.50,46.125,4420600,15.050769
1999-12-13,46.6875,46.9375,45.75,46.3125,3114800,15.111951
1999-12-10,46.00,47.0625,46.00,46.6875,4632000,15.234315
1999-12-09,45.4375,46.50,45.4375,45.8125,3743800,14.948799
1999-12-08,45.6875,45.6875,44.6875,45.125,6212600,14.724465
1999-12-07,47.625,47.875,45.3125,45.6875,4043600,14.908011
1999-12-06,48.265621,48.625,47.4375,47.625,2518800,15.540225
1999-12-03,47.50,49.1875,47.4375,48.265621,4650400,15.749262
1999-12-02,47.50,48.625,47.50,47.50,3840800,15.499437
1999-12-01,46.375,47.50,46.1875,46.9375,2687200,15.315891
1999-11-30,46.1875,48.1875,45.625,46.375,4851400,15.132345
1999-11-29,47.75,47.75,46.1875,46.1875,3956000,15.071163
1999-11-26,48.3125,48.3125,47.625,48.125,1775200,15.703377
1999-11-24,49.3125,49.3125,48.125,48.5625,4154600,15.846135
1999-11-23,50.25,50.25,48.9375,50.1875,3614600,16.376378
1999-11-22,49.1875,50.9375,47.875,50.25,8217000,16.396772
1999-11-19,52.50,52.50,49.00,49.1875,14948400,16.050075
1999-11-18,55.375,56.625,55.3125,55.9375,1994800,18.252626
1999-11-17,56.8125,57.0625,55.375,55.375,2088800,18.06908
1999-11-16,55.625,57.6875,55.625,56.8125,3322800,18.538142
1999-11-15,55.00,56.25,54.25,55.5625,2695400,18.130262
1999-11-12,55.00,55.4375,53.1875,55.00,3205400,17.946716
1999-11-11,53.75,55.00,53.25,55.00,2285000,17.946716
1999-11-10,53.875,54.375,53.4375,53.75,1440200,17.538836
1999-11-09,54.0625,54.125,53.375,53.875,2100200,17.579624
1999-11-08,54.75,54.8125,53.4375,54.0625,1732400,17.640806
1999-11-05,54.5625,56.00,54.25,54.75,2817000,17.86514
1999-11-04,56.625,56.8125,54.4375,54.5625,2102200,17.803958
1999-11-03,56.1875,57.50,56.1875,56.625,3611400,18.47696
1999-11-02,55.1875,57.0625,55.1875,56.0625,3117400,18.293414
1999-11-01,55.3125,55.9375,54.375,54.625,3437800,17.824352
1999-10-29,55.25,58.00,55.25,55.3125,4535400,18.048686
1999-10-28,55.375,55.75,53.9375,54.75,3526400,17.86514
1999-10-27,55.4375,56.375,54.9375,55.375,2693600,18.06908
1999-10-26,54.4375,55.625,54.4375,55.4375,2198600,18.089474
1999-10-25,54.9375,54.9375,53.4375,53.9375,1946400,17.600018
1999-10-22,53.25,56.0625,53.25,55.1875,3640600,18.007898
1999-10-21,53.125,53.125,51.5625,52.125,3616200,17.008592
1999-10-20,55.00,55.50,53.9375,54.00,2325200,17.514364
1999-10-19,55.375,56.0625,54.375,55.00,1770800,17.838704
1999-10-18,56.0625,56.875,54.6875,55.375,2590000,17.960332
1999-10-15,55.625,56.75,53.3125,56.0625,4543600,18.183315
1999-10-14,56.5625,57.625,54.375,55.625,2682200,18.041417
1999-10-13,56.125,57.375,56.125,56.5625,3816200,18.345486
1999-10-12,58.4375,58.75,55.00,55.50,4078000,18.000874
1999-10-11,57.1875,58.875,57.1875,58.4375,3451400,18.953623
1999-10-08,55.875,57.50,55.875,56.625,2582000,18.365757
1999-10-07,56.5625,56.875,55.8125,55.875,1798400,18.122502
1999-10-06,54.75,56.9375,54.75,56.5625,2574000,18.345486
1999-10-05,55.0625,55.5625,53.625,54.5625,2627600,17.696805
1999-10-04,55.00,55.6875,55.00,55.0625,2565000,17.858975
1999-10-01,54.8125,55.625,53.50,53.6875,1631200,17.413008
1999-09-30,54.625,56.25,54.375,54.8125,2744000,17.77789
1999-09-29,53.0625,55.375,53.0625,54.625,2540600,17.717077
1999-09-28,53.50,53.6875,52.5625,53.0625,3967000,17.210295
1999-09-27,54.125,54.625,53.375,53.50,2341600,17.352194
1999-09-24,54.3125,54.8125,53.75,54.125,2399800,17.554907
1999-09-23,56.1875,56.375,54.0625,54.3125,2407800,17.61572
1999-09-22,55.875,56.25,53.8125,56.1875,3954000,18.223858
1999-09-21,57.0625,57.0625,55.50,55.875,2339800,18.122502
1999-09-20,57.8125,57.8125,56.25,57.0625,2321600,18.507656
1999-09-17,56.9375,59.0625,56.9375,58.3125,2884400,18.913081
1999-09-16,58.625,58.625,56.25,56.5625,2825400,18.345486
1999-09-15,58.4375,60.0625,58.25,58.6875,2167000,19.034708
1999-09-14,59.4375,60.6875,58.1875,58.4375,3178000,18.953623
1999-09-13,56.75,59.625,56.75,59.4375,3463000,19.277963
1999-09-10,58.75,59.125,56.50,56.75,2812200,18.406299
1999-09-09,58.625,59.125,57.75,58.75,1693000,19.054979
1999-09-08,58.375,58.9375,57.6875,58.625,1204400,19.014437
1999-09-07,59.00,59.00,57.8125,58.375,2475800,18.933352
1999-09-03,58.875,59.9375,58.75,59.1875,2794400,19.196878
1999-09-02,58.00,59.1875,57.375,58.875,2183000,19.095522
1999-09-01,57.1875,58.6875,57.1875,58.00,2989200,18.811724
1999-08-31,59.50,59.50,56.625,56.625,4402600,18.365757
1999-08-30,61.5625,61.5625,59.25,59.50,1512800,19.298234
1999-08-27,63.125,63.25,61.1875,61.625,1280400,19.987457
1999-08-26,62.8125,63.6875,62.8125,63.125,2032200,20.473967
1999-08-25,63.00,63.9375,62.625,62.75,2439400,20.35234
1999-08-24,62.9375,63.875,62.50,63.00,2166800,20.433425
1999-08-23,60.875,63.0625,60.875,62.9375,2567200,20.413153
1999-08-20,60.3125,60.6875,59.875,60.3125,1833600,19.561761
1999-08-19,61.00,61.375,59.9375,60.3125,1784000,19.561761
1999-08-18,61.875,61.875,60.8125,61.00,1475800,19.784745
1999-08-17,62.3125,63.00,61.6875,62.00,2361600,20.109085
1999-08-16,62.25,62.625,61.3125,62.3125,3565000,20.210441
1999-08-13,61.875,62.4375,61.875,62.25,3754600,20.19017
1999-08-12,61.00,62.8125,61.00,61.00,4357000,19.784745
1999-08-11,58.875,59.50,58.125,59.25,1709000,19.217149
1999-08-10,57.75,59.3125,57.25,58.875,3199600,19.095522
1999-08-09,57.75,58.4375,56.875,57.75,1613000,18.730639
1999-08-06,56.125,57.9375,55.8125,57.75,4272600,18.730639
1999-08-05,57.1875,57.1875,55.8125,56.125,3563600,18.203587
1999-08-04,57.875,58.50,57.0625,57.1875,2170800,18.548198
1999-08-03,58.5625,58.9375,57.4375,57.875,2275600,18.771182
1999-08-02,58.625,58.9375,58.375,58.5625,2118000,18.994166
1999-07-30,58.875,60.00,58.625,58.625,3094200,19.014437
1999-07-29,61.0625,61.0625,58.875,58.875,2136000,19.095522
1999-07-28,60.125,62.00,59.6875,61.25,2041800,19.86583
1999-07-27,60.00,60.75,59.9375,60.125,1699800,19.500947
1999-07-26,61.00,62.5625,59.75,60.00,2418600,19.460405
1999-07-23,60.50,61.25,60.375,61.00,1325600,19.784745
1999-07-22,60.625,60.8125,60.125,60.50,2642600,19.622575
1999-07-21,60.1875,60.8125,59.9375,60.625,1976200,19.663117
1999-07-20,60.25,60.875,59.9375,60.1875,3843400,19.521218
1999-07-19,59.25,60.3125,59.25,60.25,3005800,19.54149
1999-07-16,59.50,59.6875,57.50,58.9375,6479400,19.115793
1999-07-15,59.8125,60.125,58.50,59.50,3807200,19.192823
1999-07-14,59.875,60.25,59.50,59.8125,2648400,19.293625
1999-07-13,60.50,60.50,59.8125,59.875,2526600,19.313786
1999-07-12,61.1875,61.6875,60.625,61.00,2204000,19.676675
1999-07-09,61.1875,61.5625,60.125,61.1875,2040200,19.737157
1999-07-08,61.75,61.75,60.5625,61.1875,2047800,19.737157
1999-07-07,60.1875,62.3125,60.1875,62.125,4011200,20.039565
1999-07-06,61.4375,61.4375,59.3125,59.3125,1982800,19.132341
1999-07-02,61.4375,62.875,61.4375,61.9375,2364400,19.979083
1999-07-01,60.625,61.6875,60.625,61.1875,2433600,19.737157
1999-06-30,61.125,62.25,60.00,60.00,3948400,19.354107
1999-06-29,60.75,61.4375,60.50,61.125,2104800,19.716996
1999-06-28,59.00,61.0625,59.00,60.75,2424200,19.596033
1999-06-25,59.00,59.8125,58.50,58.625,1706200,18.910575
1999-06-24,59.625,60.75,58.125,59.00,1775600,19.031538
1999-06-23,60.1875,60.1875,59.00,59.625,1250000,19.233144
1999-06-22,60.6875,60.6875,59.6875,60.1875,1582600,19.414588
1999-06-21,61.50,62.0625,60.125,60.875,1846800,19.636354
1999-06-18,59.9375,61.75,59.9375,61.50,3309000,19.837959
1999-06-17,58.9375,59.1875,58.6875,58.875,1829400,18.991217
1999-06-16,58.4375,59.875,58.125,58.9375,2279200,19.011378
1999-06-15,59.9375,60.00,58.4375,58.4375,2495800,18.850094
1999-06-14,59.4375,60.625,59.375,59.9375,2182600,19.333946
1999-06-11,61.875,61.9375,59.0625,59.4375,3054600,19.172662
1999-06-10,61.50,62.00,60.50,61.875,2574800,19.958923
1999-06-09,62.125,62.9375,61.00,61.50,1721800,19.837959
1999-06-08,63.25,63.50,61.1875,62.125,2491000,20.039565
1999-06-07,62.8125,63.8125,62.0625,63.25,3347400,20.402454
1999-06-04,61.375,62.875,61.375,62.8125,2871200,20.261331
1999-06-03,58.375,61.0625,58.375,60.4375,3796800,19.49523
1999-06-02,58.75,59.75,57.625,58.375,2314200,18.829933
1999-06-01,54.875,59.50,54.5625,58.75,3903400,18.950896
1999-05-28,55.375,55.6875,54.50,54.875,2749600,17.700943
1999-05-27,57.50,57.50,54.50,55.375,4050000,17.862228
1999-05-26,58.6875,58.9375,57.25,57.8125,2123200,18.648488
1999-05-25,59.1875,60.25,58.50,58.6875,1661800,18.930736
1999-05-24,59.625,60.6875,58.8125,59.1875,1917800,19.09202
1999-05-21,58.9375,60.00,58.8125,59.625,1991800,19.233144
1999-05-20,58.00,59.375,58.00,58.9375,1571600,19.011378
1999-05-19,58.6875,60.1875,57.75,58.00,2335000,18.70897
1999-05-18,61.125,61.1875,57.50,58.6875,2767800,18.930736
1999-05-17,61.00,62.25,60.8125,61.125,2233600,19.716996
1999-05-14,60.625,62.50,59.625,61.00,2568600,19.676675
1999-05-13,60.75,60.9375,59.1875,60.625,3266200,19.555712
1999-05-12,63.1875,63.25,60.6875,60.75,1903200,19.596033
1999-05-11,61.75,63.75,60.375,63.1875,2898400,20.382294
1999-05-10,62.50,62.50,61.25,61.75,2857200,19.918602
1999-05-07,65.375,65.625,62.4375,63.1875,3418800,20.382294
1999-05-06,65.125,66.125,64.6875,65.375,2507800,21.087912
1999-05-05,65.25,65.25,64.125,65.125,2484200,21.00727
1999-05-04,65.1875,66.4375,65.125,65.4375,3782600,21.108073
1999-05-03,64.375,65.4375,63.4375,65.1875,3631000,21.027431
1999-04-30,65.4375,65.4375,62.25,64.375,8051200,20.765344
1999-04-29,64.625,66.375,64.625,65.50,3582000,21.128233
1999-04-28,63.5625,66.25,63.3125,64.5625,4397600,20.825825
1999-04-27,63.125,64.8125,63.125,63.5625,4822200,20.503257
1999-04-26,60.5625,62.8125,60.50,62.00,2673800,19.999244
1999-04-23,59.8125,60.9375,57.9375,60.5625,3108200,19.535552
1999-04-22,61.4375,61.4375,59.3125,59.8125,3053800,19.293625
1999-04-21,60.6875,61.875,59.6875,61.6875,3861600,19.801672
1999-04-20,61.75,62.1875,60.25,60.6875,6813200,19.480672
1999-04-19,63.8125,65.5625,61.75,61.75,10268400,19.821734
1999-04-16,61.8125,64.00,59.9375,63.8125,11939200,20.483796
1999-04-15,60.6875,64.4375,60.00,61.8125,14420600,19.841797
1999-04-14,54.75,60.8125,54.3125,60.6875,12250600,19.480672
1999-04-13,51.375,55.00,51.25,54.75,7425600,17.574736
1999-04-12,49.3125,51.75,49.3125,51.375,4569400,16.491362
1999-04-09,48.625,49.5625,48.3125,48.75,1776600,15.648737
1999-04-08,48.50,49.00,48.0625,48.625,1529800,15.608612
1999-04-07,48.375,48.9375,47.8125,48.50,2352800,15.568487
1999-04-06,49.0625,49.625,48.3125,48.375,1858600,15.528362
1999-04-05,47.4375,49.375,47.4375,49.0625,2814600,15.74905
1999-04-01,46.3125,47.375,46.3125,46.9375,2597000,15.066925
1999-03-31,46.9375,47.4375,45.8125,45.9375,2312600,14.745926
1999-03-30,47.25,47.375,46.1875,46.9375,1858600,15.066925
1999-03-29,47.1875,48.0625,47.1875,47.25,2390400,15.167238
1999-03-26,47.4375,47.4375,46.50,46.8125,1706000,15.0268
1999-03-25,47.00,47.8125,47.00,47.4375,3109200,15.227425
1999-03-24,45.125,46.75,45.0625,45.9375,2822400,14.745926
1999-03-23,46.9375,46.9375,45.00,45.125,2888800,14.485113
1999-03-22,46.8125,47.375,46.5625,46.9375,1260600,15.066925
1999-03-19,46.8125,47.75,46.625,46.8125,3062800,15.0268
1999-03-18,47.00,47.00,45.9375,46.8125,4334800,15.0268
1999-03-17,46.00,47.25,46.00,47.25,6098600,15.167238
1999-03-16,44.875,44.875,43.875,44.00,4344400,14.123989
1999-03-15,44.75,45.5625,44.75,45.4375,4037600,14.585426
1999-03-12,47.50,47.50,44.625,44.6875,8484200,14.344676
1999-03-11,49.75,50.875,49.75,50.875,3693000,16.330862
1999-03-10,48.8125,49.8125,48.4375,49.00,1653400,15.728987
1999-03-09,49.5625,49.5625,48.375,48.8125,2838400,15.6688
1999-03-08,49.875,50.00,48.1875,49.625,3304800,15.929612
1999-03-05,48.3125,50.00,48.3125,49.875,3885800,16.009862
1999-03-04,47.25,48.00,47.00,47.9375,2365000,15.387925
1999-03-03,47.4375,47.6875,46.50,47.25,1901200,15.167238
1999-03-02,49.1875,49.375,46.8125,47.4375,3723400,15.227425
1999-03-01,46.50,49.1875,46.50,49.1875,4672800,15.789175
1999-02-26,45.6875,46.625,45.375,45.5625,1770200,14.625551
1999-02-25,45.875,45.875,45.0625,45.6875,1956000,14.665676
1999-02-24,46.8125,46.8125,45.625,46.00,2695200,14.765988
1999-02-23,46.50,47.0625,46.125,46.9375,2200200,15.066925
1999-02-22,45.0625,46.50,44.75,46.50,2216200,14.926488
1999-02-19,44.8125,45.8125,44.8125,45.0625,1995600,14.465051
1999-02-18,45.75,46.375,44.375,44.8125,2642600,14.384801
1999-02-17,45.25,45.9375,44.4375,45.75,3110400,14.685738
1999-02-16,44.8125,45.8125,44.50,45.25,2712800,14.525238
1999-02-12,45.5625,46.4375,44.6875,44.8125,2109200,14.384801
1999-02-11,45.875,45.875,45.00,45.5625,2385200,14.625551
1999-02-10,46.50,46.875,45.50,45.9375,3245600,14.745926
1999-02-09,47.25,48.50,46.1875,46.50,3465000,14.926488
1999-02-08,46.25,47.3125,45.75,47.25,3299600,15.167238
1999-02-05,44.50,46.75,44.50,46.25,4897200,14.846238
1999-02-04,43.125,45.00,42.75,44.125,3681600,14.164114
1999-02-03,43.3125,43.5625,42.00,43.125,4714600,13.843114
1999-02-02,43.6875,44.00,43.1875,43.3125,2431800,13.903301
1999-02-01,43.4375,44.50,43.4375,43.6875,3201000,14.023676
1999-01-29,44.50,44.6875,43.0625,43.3125,2997000,13.903301
1999-01-28,44.6875,44.75,43.875,44.50,2088800,14.284488
1999-01-27,45.125,45.6875,44.3125,44.6875,2277200,14.344676
1999-01-26,44.5625,45.1875,44.4375,45.125,3042400,14.485113
1999-01-25,43.9375,44.875,43.9375,44.5625,2426000,14.304551
1999-01-22,44.625,44.625,43.375,43.9375,3782000,14.103926
1999-01-21,45.1875,45.4375,44.1875,44.875,2991400,14.404863
1999-01-20,45.9375,46.5625,45.1875,45.1875,3435800,14.505176
1999-01-19,47.5625,48.3125,45.625,45.9375,3326800,14.745926
1999-01-15,46.875,47.6875,46.875,47.5625,2539000,15.26755
1999-01-14,48.0625,48.4375,46.00,46.75,4447000,14.910437
1999-01-13,50.00,50.00,48.00,48.0625,5463800,15.329046
1999-01-12,52.50,52.50,49.875,50.625,7582200,16.146329
1999-01-11,51.00,53.00,50.9375,53.00,6111800,16.903811
1999-01-08,49.50,51.25,49.50,51.00,5327000,16.265932
1999-01-07,48.50,49.375,48.00,48.9375,4114600,15.608118
1999-01-06,47.5625,48.6875,47.5625,48.50,5295200,15.468582
1999-01-05,47.375,47.9375,46.0625,47.25,5082800,15.069907
1999-01-04,46.5625,48.00,46.5625,47.375,6512000,15.109775
1998-12-31,46.00,47.875,46.00,46.00,4147400,14.671232
1998-12-30,45.625,46.0625,45.00,45.6875,2423600,14.571564
1998-12-29,44.9375,45.8125,44.00,45.625,2905200,14.55163
1998-12-28,43.8125,45.0625,43.8125,44.9375,3818600,14.332359
1998-12-24,42.625,43.1875,42.625,42.9375,1888200,13.694479
1998-12-23,42.3125,42.625,41.9375,42.5625,3225000,13.574877
1998-12-22,42.25,42.50,41.6875,42.3125,2795600,13.495142
1998-12-21,42.00,43.00,42.00,42.25,3969800,13.475208
1998-12-18,41.125,41.9375,41.125,41.875,5580400,13.355606
1998-12-17,41.375,42.5625,41.125,41.125,5984200,13.116401
1998-12-16,44.4375,44.625,41.375,41.375,7024600,13.196136
1998-12-15,44.9375,44.9375,43.8125,44.4375,4338200,14.172889
1998-12-14,46.625,47.25,46.00,46.25,2094200,14.750967
1998-12-11,47.00,47.00,45.6875,46.625,2519200,14.87057
1998-12-10,48.00,48.1875,46.50,47.0625,3024400,15.010106
1998-12-09,48.6875,49.0625,47.5625,48.00,2194400,15.309112
1998-12-08,49.1875,49.1875,47.9375,48.6875,2552000,15.528383
1998-12-07,48.75,49.50,48.375,49.1875,2527200,15.687853
1998-12-04,49.9375,50.5625,48.1875,48.75,3373400,15.548317
1998-12-03,50.6875,50.6875,49.75,49.9375,2516000,15.927058
1998-12-02,51.875,51.875,50.1875,50.6875,3948200,16.166263
1998-12-01,49.4375,52.1875,49.25,51.9375,6286000,16.564938
1998-11-30,49.625,50.00,48.5625,49.4375,3785400,15.767588
1998-11-27,49.9375,50.1875,49.375,49.625,612400,15.827389
1998-11-25,50.00,50.00,49.125,49.9375,1939800,15.927058
1998-11-24,50.1875,50.1875,49.625,50.0625,2805800,15.966925
1998-11-23,48.875,50.25,48.75,50.25,3708800,16.026727
1998-11-20,47.8125,49.00,47.8125,48.875,2407800,15.588184
1998-11-19,48.00,48.8125,47.375,47.8125,2143000,15.249311
1998-11-18,48.5625,48.5625,47.625,48.00,3258400,15.309112
1998-11-17,48.8125,49.50,48.375,49.1875,3274000,15.687853
1998-11-16,47.50,48.9375,47.25,48.8125,4023800,15.568251
1998-11-13,46.25,47.50,46.25,47.50,3638400,15.149642
1998-11-12,45.4375,46.3125,45.4375,45.75,3833000,14.591497
1998-11-11,48.0625,48.0625,45.0625,45.4375,4750800,14.491829
1998-11-10,48.4375,49.0625,47.00,48.0625,3285200,15.329046
1998-11-09,49.25,49.625,47.875,48.4375,2368600,15.448648
1998-11-06,49.25,49.25,48.0625,49.25,2767200,15.707787
1998-11-05,49.875,50.125,48.1875,49.8125,3684200,15.887191
1998-11-04,48.00,50.00,48.00,49.875,4740000,15.907124
1998-11-03,47.00,48.00,47.00,47.6875,3374200,15.209443
1998-11-02,46.00,47.375,46.00,47.00,3439000,14.990172
1998-10-30,44.625,46.1875,44.625,44.9375,3154200,14.332359
1998-10-29,43.625,44.1875,42.6875,44.0625,3968000,14.053286
1998-10-28,45.25,45.3125,43.625,43.625,2689600,13.91375
1998-10-27,45.875,46.625,45.00,45.25,3144600,14.432028
1998-10-26,47.0625,47.4375,45.6875,45.875,2289600,14.631365
1998-10-23,47.25,47.75,46.50,47.0625,2427200,15.010106
1998-10-22,47.75,47.75,45.625,47.25,3093400,15.069907
1998-10-21,48.50,48.625,46.125,47.875,3779600,15.173563
1998-10-20,47.6875,48.9375,47.1875,48.50,4696400,15.371651
1998-10-19,47.00,48.875,45.875,47.6875,4327800,15.114136
1998-10-16,47.8125,47.8125,46.00,47.00,6261200,14.896239
1998-10-15,46.00,48.125,44.375,48.00,5769600,15.213181
1998-10-14,46.6875,46.6875,44.6875,46.00,4817800,14.579298
1998-10-13,47.75,48.1875,46.375,47.25,2659000,14.975475
1998-10-12,47.3125,48.9375,47.3125,47.75,2707600,15.133945
1998-10-09,45.00,47.9375,45.00,46.75,3726400,14.817004
1998-10-08,43.75,45.50,41.9375,45.00,4789600,14.262357
1998-10-07,42.8125,44.875,42.625,43.75,3550400,13.86618
1998-10-06,43.6875,44.5625,42.5625,42.8125,2728200,13.569048
1998-10-05,45.00,45.00,42.00,43.6875,2650600,13.846371
1998-10-02,44.125,45.5625,44.125,45.00,3459400,14.262357
1998-10-01,44.50,45.75,43.0625,43.9375,3498200,13.925607
1998-09-30,47.00,47.00,43.625,44.50,3615400,14.103886
1998-09-29,48.625,49.50,46.6875,47.3125,3707200,14.995283
1998-09-28,46.9375,49.00,46.5625,48.625,4998600,15.411269
1998-09-25,46.125,46.9375,45.625,46.9375,4899800,14.87643
1998-09-24,45.3125,47.125,45.25,46.125,5724800,14.618916
1998-09-23,42.625,45.5625,42.625,45.3125,3763400,14.361401
1998-09-22,42.5625,43.4375,41.8125,42.125,3105200,13.351151
1998-09-21,40.25,43.0625,39.0625,42.5625,4083800,13.489812
1998-09-18,42.75,43.375,39.50,40.25,7918600,12.756886
1998-09-17,45.25,45.25,42.625,42.75,4376400,13.549239
1998-09-16,46.00,46.875,44.625,45.25,3977800,14.341592
1998-09-15,45.4375,47.50,45.4375,46.00,3824600,14.579298
1998-09-14,45.25,46.75,45.00,45.375,3292000,14.38121
1998-09-11,46.00,46.4375,44.25,45.25,4181200,14.341592
1998-09-10,47.00,47.00,45.3125,46.00,4653400,14.579298
1998-09-09,49.1875,49.25,46.875,48.1875,3604200,15.272607
1998-09-08,46.75,49.50,46.75,49.1875,4779600,15.589548
1998-09-04,44.875,46.00,44.4375,45.9375,3318200,14.559489
1998-09-03,45.50,45.50,44.1875,44.875,3169000,14.222739
1998-09-02,45.875,46.9375,45.375,45.75,4058000,14.500063
1998-09-01,42.75,46.0625,42.75,45.875,4602600,14.53968
1998-08-31,44.00,45.1875,41.9375,42.00,3216800,13.311533
1998-08-28,44.625,45.75,43.6875,44.00,3277400,13.945415
1998-08-27,45.50,45.50,44.3125,44.625,3487400,14.143504
1998-08-26,47.4375,47.4375,46.25,46.5625,3676800,14.757577
1998-08-25,48.9375,49.25,47.50,47.875,1698600,15.173563
1998-08-24,47.375,48.9375,47.125,48.9375,2564400,15.510313
1998-08-21,48.00,48.00,46.25,47.375,3232600,15.015092
1998-08-20,49.875,49.875,47.875,48.4375,2550800,15.351842
1998-08-19,50.50,50.6875,49.1875,49.875,2308600,15.807445
1998-08-18,49.3125,50.50,49.3125,50.50,2392800,16.005534
1998-08-17,48.375,49.5625,47.8125,49.25,2325600,15.609357
1998-08-14,48.75,49.5625,48.125,48.375,2400200,15.332034
1998-08-13,48.375,49.4375,47.6875,48.75,1594800,15.450886
1998-08-12,47.5625,48.4375,47.00,48.375,2022200,15.332034
1998-08-11,47.3125,47.625,46.0625,47.5625,3559200,15.074519
1998-08-10,47.50,48.0625,47.0625,47.3125,1671000,14.995283
1998-08-07,47.0625,48.0625,47.0625,47.50,2527200,15.05471
1998-08-06,47.125,47.25,46.375,47.00,2695800,14.896239
1998-08-05,47.25,47.50,45.9375,47.125,3610000,14.935857
1998-08-04,49.3125,49.875,46.875,47.25,4967400,14.975475
1998-08-03,48.625,49.75,48.625,49.3125,3488600,15.629166
1998-07-31,50.0625,50.1875,48.125,48.50,5211400,15.371651
1998-07-30,49.25,50.25,49.25,50.0625,2305400,15.866872
1998-07-29,48.8125,49.50,48.00,49.0625,2047400,15.549931
1998-07-28,48.875,49.4375,47.9375,48.8125,2502200,15.470695
1998-07-27,48.875,48.875,47.9375,48.875,3075000,15.490504
1998-07-24,50.125,50.50,49.0625,49.1875,3483000,15.589548
1998-07-23,51.75,52.3125,49.6875,50.125,3155400,15.886681
1998-07-22,52.875,52.875,51.5625,51.75,3209800,16.40171
1998-07-21,53.50,54.00,52.00,53.00,4961600,16.797887
1998-07-20,53.1875,54.1875,52.4375,53.50,2620000,16.956357
1998-07-17,53.1875,53.6875,52.3125,53.1875,4071000,16.857313
1998-07-16,52.1875,53.1875,52.1875,53.1875,4556200,16.857313
1998-07-15,55.4375,55.4375,51.125,52.00,10785400,16.385864
1998-07-14,52.8125,56.375,52.8125,56.25,4574000,17.725093
1998-07-13,52.5625,52.9375,51.8125,52.125,1387800,16.425253
1998-07-10,52.125,52.5625,51.5625,52.5625,2427000,16.563115
1998-07-09,53.75,53.75,51.25,52.125,4277800,16.425253
1998-07-08,54.00,54.3125,53.625,53.875,1741000,16.9767
1998-07-07,54.3125,54.50,53.75,54.00,1626400,17.01609
1998-07-06,54.125,54.6875,53.50,54.3125,3387000,17.114562
1998-07-02,53.9375,54.3125,53.125,54.125,2184200,17.055479
1998-07-01,53.125,54.375,53.125,53.9375,2936000,16.996395
1998-06-30,52.4375,53.50,52.4375,52.906239,3540000,16.671431
1998-06-29,53.00,53.50,51.875,52.375,2533400,16.504031
1998-06-26,52.625,53.50,52.00,53.00,1858400,16.700977
1998-06-25,53.8125,53.8125,52.0625,52.625,2901000,16.58281
1998-06-24,52.8125,54.25,52.75,54.00,2027000,17.01609
1998-06-23,52.875,53.9375,52.1875,52.8125,1768600,16.641893
1998-06-22,51.9375,53.3125,51.9375,52.875,3035800,16.661588
1998-06-19,54.3125,54.3125,51.25,51.625,4973000,16.267697
1998-06-18,54.3125,54.5625,53.125,54.50,1768600,17.173646
1998-06-17,54.00,55.00,54.00,54.3125,3152400,17.114562
1998-06-16,52.375,52.9375,51.875,52.50,2073000,16.54342
1998-06-15,52.00,54.6875,51.75,52.375,3728800,16.504031
1998-06-12,52.3125,52.625,51.0625,52.00,4203200,16.385864
1998-06-11,53.875,53.9375,52.25,52.3125,3952600,16.484337
1998-06-10,56.00,56.00,53.50,53.875,4462400,16.9767
1998-06-09,55.9375,56.375,55.00,56.3125,2439600,17.744788
1998-06-08,56.375,56.375,55.6875,55.9375,2375600,17.626621
1998-06-05,55.3125,56.8125,54.9375,56.50,1477800,17.803871
1998-06-04,54.5625,55.375,53.875,55.3125,1286400,17.429675
1998-06-03,54.75,56.00,54.50,54.5625,1461200,17.19334
1998-06-02,55.25,55.625,54.1875,54.75,2095000,17.252424
1998-06-01,54.9375,56.125,54.8125,55.25,2157200,17.409981
1998-05-29,56.4375,56.4375,54.9375,54.9375,1828000,17.311508
1998-05-28,56.75,56.75,55.6875,56.50,1253200,17.803871
1998-05-27,56.625,57.0625,55.75,56.75,2414400,17.88265
1998-05-26,58.5625,59.00,56.625,56.625,1610800,17.843261
1998-05-22,60.625,60.625,57.875,58.5625,1941600,18.453792
1998-05-21,59.75,60.75,59.375,60.6875,2125600,19.123406
1998-05-20,58.5625,59.75,58.50,59.75,1887800,18.827988
1998-05-19,58.375,58.9375,57.9375,58.5625,1271800,18.453792
1998-05-18,57.8125,59.00,57.50,58.375,1916600,18.394708
1998-05-15,58.875,59.1875,57.625,57.8125,2925400,18.217457
1998-05-14,56.875,58.875,56.875,58.875,2363400,18.552264
1998-05-13,56.9375,57.625,56.75,56.875,1245600,17.922039
1998-05-12,55.75,57.00,55.75,56.9375,1448800,17.941733
1998-05-11,55.8125,56.1875,55.50,55.5625,928400,17.508453
1998-05-08,55.375,56.125,55.375,55.8125,1219000,17.587231
1998-05-07,55.375,55.875,54.875,55.3125,1637800,17.429675
1998-05-06,55.9375,56.0625,55.3125,55.375,1170200,17.44937
1998-05-05,56.75,56.75,55.4375,55.9375,1662400,17.626621
1998-05-04,57.125,57.5625,56.375,56.75,1527200,17.88265
1998-05-01,56.9375,57.625,56.50,57.125,938600,18.000817
1998-04-30,55.375,57.125,55.375,56.9375,1292200,17.941733
1998-04-29,55.375,55.8125,55.00,55.1875,1522000,17.390286
1998-04-28,55.375,55.6875,55.1875,55.375,2403400,17.44937
1998-04-27,56.1875,56.1875,55.3125,55.375,2899800,17.44937
1998-04-24,58.00,58.00,56.875,56.9375,3429400,17.941733
1998-04-23,57.5625,58.25,57.4375,58.0625,3342800,18.296235
1998-04-22,56.875,58.25,56.8125,57.5625,2695600,18.138679
1998-04-21,56.875,57.00,56.3125,56.875,1803000,17.922039
1998-04-20,56.75,56.875,56.0625,56.875,2715400,17.922039
1998-04-17,56.1875,57.4375,55.875,56.75,3756200,17.88265
1998-04-16,56.625,57.50,56.00,56.1875,3176200,17.705399
1998-04-15,56.1875,57.625,55.875,56.625,4040600,17.764482
1998-04-14,54.375,56.50,54.25,56.1875,3855800,17.627229
1998-04-13,54.8125,54.9375,54.1875,54.375,2091400,17.058609
1998-04-09,54.3125,55.125,54.3125,54.8125,2307400,17.195862
1998-04-08,54.5625,54.875,53.875,54.25,2132800,17.019393
1998-04-07,54.50,54.875,53.875,54.5625,1575600,17.117431
1998-04-06,54.375,55.25,54.375,54.50,1887800,17.097824
1998-04-03,53.9375,54.50,53.00,54.25,2434000,17.019393
1998-04-02,54.0625,54.25,53.1875,53.9375,3472400,16.921355
1998-04-01,55.0625,55.0625,53.50,54.0625,2774200,16.960571
1998-03-31,55.00,55.843761,54.75,55.0625,1816000,17.274292
1998-03-30,55.375,55.375,54.625,55.00,1195000,17.254685
1998-03-27,54.75,55.875,54.625,55.50,1987400,17.411545
1998-03-26,55.1875,55.1875,54.00,54.75,2845400,17.176254
1998-03-25,56.5625,56.6875,55.125,55.4375,2642800,17.391938
1998-03-24,56.25,57.1875,56.00,56.5625,1579200,17.744874
1998-03-23,56.0625,56.875,54.875,56.25,2160400,17.646836
1998-03-20,56.0625,56.6875,55.3125,56.0625,4164800,17.588014
1998-03-19,58.0625,59.25,56.00,56.0625,14532400,17.588014
1998-03-18,57.50,58.50,57.50,58.0625,2426600,18.215457
1998-03-17,57.8125,57.9375,57.125,57.50,1531600,18.038988
1998-03-16,56.1875,58.00,55.75,57.8125,1707400,18.137026
1998-03-13,56.125,57.375,56.125,56.1875,2355800,17.627229
1998-03-12,54.0625,56.875,54.0625,56.00,2507600,17.568406
1998-03-11,54.00,55.25,53.875,54.0625,1988800,16.960571
1998-03-10,53.00,54.25,52.875,54.00,2278000,16.940963
1998-03-09,53.3125,53.625,52.4375,53.00,2028600,16.627241
1998-03-06,51.4375,53.4375,51.4375,53.3125,2747200,16.725279
1998-03-05,51.9375,51.9375,51.00,51.1875,1396600,16.058621
1998-03-04,52.5625,52.6875,51.8125,52.0625,2432600,16.333128
1998-03-03,53.5625,54.00,52.1875,52.5625,3163000,16.489988
1998-03-02,54.00,54.00,53.125,53.5625,1446000,16.80371
1998-02-27,53.1875,54.625,52.625,54.5625,1477400,17.117431
1998-02-26,53.125,53.75,52.625,53.1875,1533000,16.686064
1998-02-25,52.5625,53.50,52.125,53.125,1477800,16.666457
1998-02-24,52.0625,52.8125,52.00,52.5625,2261800,16.489988
1998-02-23,52.625,52.6875,52.00,52.0625,1937400,16.333128
1998-02-20,51.875,53.0625,50.4375,52.625,3311800,16.509596
1998-02-19,52.75,52.75,51.50,51.875,1873800,16.274305
1998-02-18,53.4375,53.4375,52.25,52.75,2263200,16.548811
1998-02-17,53.8125,55.1875,53.8125,53.875,3626800,16.901748
1998-02-13,52.00,53.6875,51.75,53.5625,3394000,16.80371
1998-02-12,51.375,52.75,50.875,52.00,2861200,16.31352
1998-02-11,51.625,52.4375,50.8125,51.375,2148600,16.117444
1998-02-10,52.50,53.25,51.50,51.625,3526800,16.195874
1998-02-09,50.9375,52.50,50.9375,52.50,2427000,16.470381
1998-02-06,49.625,51.00,49.625,50.75,2523000,15.921368
1998-02-05,49.875,50.75,48.75,48.875,3324200,15.33314
1998-02-04,50.3125,50.3125,49.3125,49.875,1960200,15.646862
1998-02-03,50.25,51.0625,49.875,50.50,3857800,15.842938
1998-02-02,48.8125,50.3125,48.8125,50.25,3202200,15.764507
1998-01-30,48.50,48.9375,47.50,48.00,2387600,15.058634
1998-01-29,48.125,49.00,47.75,48.50,3023400,15.215495
1998-01-28,46.75,48.125,46.75,48.125,3088200,15.097849
1998-01-27,45.6875,46.75,45.6875,46.375,3134000,14.548836
1998-01-26,45.50,46.3125,45.4375,45.625,2217600,14.313545
1998-01-23,45.5625,45.9375,45.00,45.50,4511200,14.27433
1998-01-22,46.1875,46.1875,45.25,45.5625,5439600,14.293938
1998-01-21,45.4375,47.4375,45.4375,46.875,11354200,14.705697
1998-01-20,45.25,45.25,44.50,45.00,6070400,14.117469
1998-01-16,45.50,47.00,45.00,45.3125,4312400,14.215507
1998-01-15,46.375,46.375,44.875,45.50,2594000,14.27433
1998-01-14,46.0625,46.50,45.625,46.375,3436600,14.470406
1998-01-13,46.4375,46.75,45.6875,46.0625,3753000,14.372896
1998-01-12,45.4375,47.25,44.875,46.4375,3821400,14.489908
1998-01-09,46.8125,47.0625,45.4375,45.4375,3270000,14.177877
1998-01-08,47.50,47.50,46.5625,46.8125,2138200,14.606919
1998-01-07,49.3125,49.3125,47.5625,48.4375,2185400,15.113968
1998-01-06,49.6875,49.6875,48.9375,49.3125,1446200,15.386995
1998-01-05,49.00,49.875,48.1875,49.6875,2549000,15.504006
1998-01-02,48.50,49.00,48.50,49.00,1345000,15.289485
1997-12-31,48.5625,48.75,47.5625,48.50,1572200,15.13347
1997-12-30,47.125,48.875,47.00,48.5625,2151000,15.152972
1997-12-29,46.5625,47.25,46.5625,47.125,1381600,14.704429
1997-12-26,46.5625,47.125,45.875,46.00,756400,14.353395
1997-12-24,47.0625,47.50,46.5625,46.5625,695800,14.528912
1997-12-23,48.125,48.125,47.0625,47.0625,1468800,14.684927
1997-12-22,48.125,49.00,48.0625,48.3125,1528800,15.074965
1997-12-19,48.375,48.375,46.5625,48.125,4124000,15.016459
1997-12-18,50.125,50.125,48.25,48.6875,3581000,15.191976
1997-12-17,49.125,51.00,49.125,50.6875,4511000,15.816037
1997-12-16,50.6875,50.9375,48.375,48.8125,6462600,15.23098
1997-12-15,50.75,51.1875,50.625,50.6875,3348800,15.816037
1997-12-12,50.50,51.75,50.50,50.75,3627000,15.835539
1997-12-11,49.9375,50.4375,48.625,49.9375,2407600,15.582014
1997-12-10,50.5625,50.5625,49.3125,49.9375,4032800,15.582014
1997-12-09,51.4375,51.4375,49.8125,50.5625,3158800,15.777033
1997-12-08,51.75,53.00,51.5625,51.6875,2826200,16.128067
1997-12-05,50.75,51.8125,49.625,51.75,3901000,16.147569
1997-12-04,50.375,51.75,50.375,50.75,3058600,15.835539
1997-12-03,50.875,50.875,49.00,50.25,2758000,15.679523
1997-12-02,49.375,51.4375,49.375,50.9375,4581600,15.894044
1997-12-01,48.0625,49.50,48.0625,49.1875,3122400,15.347991
1997-11-28,47.3125,48.50,47.3125,47.9375,1528800,14.957953
1997-11-26,47.5625,48.00,47.3125,47.3125,2077800,14.762934
1997-11-25,47.375,48.3125,46.9375,47.5625,4154600,14.840942
1997-11-24,47.6875,48.1875,47.0625,47.375,4401800,14.782436
1997-11-21,46.75,48.125,46.50,47.6875,4528600,14.879946
1997-11-20,46.75,47.375,46.75,46.75,4080800,14.587417
1997-11-19,46.625,46.875,45.6875,46.625,3727600,14.548413
1997-11-18,47.125,47.875,46.375,46.625,4481800,14.548413
1997-11-17,46.4375,47.50,46.4375,47.125,5917800,14.704429
1997-11-14,45.3125,46.875,44.50,45.9375,6787600,14.333893
1997-11-13,44.75,45.875,44.00,45.3125,8663800,14.138874
1997-11-12,47.50,47.50,44.1875,44.75,10503200,13.963357
1997-11-11,49.25,49.25,46.6875,48.1875,9920400,15.035961
1997-11-10,50.9375,51.75,50.00,50.1875,2625200,15.660021
1997-11-07,51.25,51.25,50.00,50.9375,4297000,15.894044
1997-11-06,53.0625,53.0625,51.875,52.00,2948600,16.225576
1997-11-05,52.4375,55.00,52.4375,53.1875,2486000,16.596112
1997-11-04,52.25,53.375,51.875,52.125,2077600,16.26458
1997-11-03,51.8125,52.9375,51.8125,52.25,2711800,16.303584
1997-10-31,52.125,52.6875,50.875,51.25,2743200,15.991554
1997-10-30,53.00,53.25,51.9375,52.125,3328400,16.26458
1997-10-29,54.1875,54.1875,52.5625,53.00,3924600,16.537607
1997-10-28,52.8125,55.00,49.75,54.25,7763000,16.927645
1997-10-27,57.625,57.625,52.75,52.8125,4595800,16.479101
1997-10-24,59.125,60.125,57.8125,57.9375,3338000,18.078256
1997-10-23,59.8125,59.8125,58.125,59.125,3119200,18.448792
1997-10-22,59.00,60.4375,59.00,60.125,2842200,18.760823
1997-10-21,58.8125,59.125,58.5625,59.00,983800,18.409789
1997-10-20,58.375,59.125,57.625,58.8125,1283800,18.351283
1997-10-17,58.9375,58.9375,57.75,58.375,1572600,18.21477
1997-10-16,60.00,60.9375,58.50,59.25,3232800,18.487796
1997-10-15,60.50,60.50,59.0625,60.00,4311400,18.643811
1997-10-14,59.8125,60.875,59.625,60.75,3843600,18.876859
1997-10-13,58.75,59.875,58.75,59.8125,1515200,18.585549
1997-10-10,58.375,58.6875,57.5625,58.625,1423000,18.216557
1997-10-09,57.50,58.4375,55.875,58.375,1678200,18.138875
1997-10-08,57.8125,57.875,56.9375,57.50,1110400,17.866986
1997-10-07,57.25,57.9375,56.6875,57.8125,1769800,17.964089
1997-10-06,55.625,57.375,55.625,57.25,2194800,17.789303
1997-10-03,54.9375,56.25,54.1875,55.125,1758800,17.129002
1997-10-02,55.4375,55.4375,54.25,54.9375,1455800,17.07074
1997-10-01,54.00,56.00,54.00,55.50,2479400,17.245525
1997-09-30,54.0625,54.6875,53.875,53.9375,1520000,16.76001
1997-09-29,54.0625,54.4375,53.5625,54.0625,1580200,16.798851
1997-09-26,53.75,54.50,53.75,54.0625,2173800,16.798851
1997-09-25,54.1875,55.125,53.5625,53.5625,2126800,16.643486
1997-09-24,55.50,56.00,54.0625,54.1875,2345800,16.837692
1997-09-23,56.5625,56.625,55.125,55.50,1502800,17.245525
1997-09-22,55.8125,56.75,55.50,56.5625,1919400,17.575676
1997-09-19,56.0625,56.0625,55.4375,55.8125,2210000,17.342629
1997-09-18,55.9375,57.0625,55.9375,56.5625,2481400,17.575676
1997-09-17,55.6875,55.75,54.125,55.3125,2258000,17.187264
1997-09-16,54.00,56.1875,54.00,55.6875,2581200,17.303787
1997-09-15,54.00,54.125,53.1875,53.50,2078200,16.624065
1997-09-12,53.625,54.25,53.375,54.00,1875800,16.77943
1997-09-11,53.4375,54.0625,53.00,53.625,2911000,16.662906
1997-09-10,55.1875,55.1875,53.25,53.4375,3916600,16.604644
1997-09-09,56.0625,56.0625,55.125,55.3125,2471200,17.187264
1997-09-08,56.875,57.0625,56.25,56.375,1554200,17.517414
1997-09-05,56.375,57.3125,56.0625,56.875,3403400,17.67278
1997-09-04,57.75,57.75,56.00,56.375,6638200,17.517414
1997-09-03,58.625,59.9375,58.625,59.8125,2161000,18.585549
1997-09-02,58.0625,59.375,57.8125,58.4375,2245600,18.158295
1997-08-29,57.8125,58.75,57.125,58.0625,2630000,18.041772
1997-08-28,59.9375,59.9375,57.75,57.8125,2784800,17.964089
1997-08-27,58.625,60.3125,58.375,60.0625,2114800,18.663232
1997-08-26,59.75,59.9375,58.25,58.625,1445600,18.216557
1997-08-25,59.25,60.25,59.25,59.75,1360800,18.566129
1997-08-22,59.625,59.625,57.625,59.25,2511200,18.410764
1997-08-21,60.9375,61.3125,59.50,60.125,2108800,18.682653
1997-08-20,59.5625,60.9375,58.8125,60.9375,2460600,18.935121
1997-08-19,58.4375,59.5625,58.4375,59.5625,2097200,18.507867
1997-08-18,58.0625,58.4375,57.375,58.375,2445000,18.138875
1997-08-15,59.00,59.00,58.0625,58.0625,1902200,18.041772
1997-08-14,59.3125,59.8125,58.3125,59.4375,2274200,18.469026
1997-08-13,58.5625,59.5625,58.375,59.3125,2742800,18.430184
1997-08-12,59.25,59.375,58.1875,58.5625,2108400,18.197137
1997-08-11,58.4375,59.6875,58.4375,59.25,2014200,18.410764
1997-08-08,60.0625,60.0625,58.00,58.375,3426600,18.138875
1997-08-07,60.50,61.625,60.50,60.6875,2760200,18.857438
1997-08-06,58.50,59.50,57.875,58.50,2215800,18.177716
1997-08-05,58.875,59.00,58.125,58.50,1869000,18.177716
1997-08-04,58.9375,58.9375,57.4375,58.875,2469000,18.29424
1997-08-01,57.25,59.375,57.25,58.9375,3805200,18.313661
1997-07-31,59.50,59.50,56.00,56.00,3323000,17.400891
1997-07-30,59.75,59.9375,59.0625,59.50,1595800,18.488446
1997-07-29,57.75,59.8125,57.75,59.75,3282600,18.566129
1997-07-28,56.8125,57.9375,56.50,57.5625,3727400,17.886407
1997-07-25,56.0625,57.125,56.0625,56.8125,3127600,17.653359
1997-07-24,55.6875,55.8125,54.5625,55.00,3041600,17.09016
1997-07-23,56.1875,57.4375,55.125,55.6875,3382800,17.303787
1997-07-22,56.75,57.4375,54.625,56.1875,3832400,17.459152
1997-07-21,54.50,57.0625,54.50,56.75,3328800,17.633938
1997-07-18,55.6875,55.6875,54.3125,54.375,3058200,16.895954
1997-07-17,56.6875,57.00,56.00,56.0625,2450800,17.420311
1997-07-16,55.5625,56.875,55.5625,56.6875,2754600,17.536835
1997-07-15,56.125,56.125,54.9375,55.50,2497200,17.16947
1997-07-14,57.3125,57.3125,55.875,56.125,2591000,17.36282
1997-07-11,113.062477,115.50,113.062477,114.875,3940800,17.768855
1997-07-10,110.687523,112.812477,110.25,112.812477,3986000,17.449824
1997-07-09,111.00,112.25,110.25,110.687523,4871600,17.121136
1997-07-08,108.25,111.375,108.25,111.00,3866800,17.16947
1997-07-07,109.062477,109.625,108.25,108.25,2512400,16.7441
1997-07-03,108.25,109.437523,108.25,109.062477,1311600,16.869774
1997-07-02,105.25,107.75,104.50,107.25,2858000,16.58942
1997-07-01,107.375,107.50,105.00,105.25,2950800,16.28006
1997-06-30,108.00,108.375,105.687523,107.375,3142800,16.608755
1997-06-27,105.625,108.937523,105.625,108.00,1918800,16.70543
1997-06-26,107.125,107.75,105.00,105.625,1830000,16.338065
1997-06-25,108.375,108.875,106.625,107.125,2221200,16.570085
1997-06-24,105.687523,108.625,105.687523,108.375,2710400,16.763435
1997-06-23,107.125,107.75,105.375,105.375,1773600,16.299395
1997-06-20,107.625,108.00,107.125,107.125,2460000,16.570085
1997-06-19,107.75,108.50,107.25,107.625,2359200,16.647425
1997-06-18,107.875,107.875,107.125,107.75,1504000,16.66676
1997-06-17,107.875,108.375,107.25,107.875,1834800,16.686095
1997-06-16,108.75,108.75,107.75,107.875,2969600,16.686095
1997-06-13,105.875,109.375,105.875,108.75,3680400,16.82144
1997-06-12,104.00,106.00,104.00,105.75,3646000,16.3574
1997-06-11,103.625,104.625,102.625,103.50,3858400,16.009371
1997-06-10,101.875,104.75,101.875,103.625,3492400,16.028706
1997-06-09,100.125,101.875,99.875,101.875,2533600,15.758016
1997-06-06,99.375,102.125,99.125,100.125,4148800,15.487326
1997-06-05,98.125,99.875,98.00,99.375,4568800,15.371316
1997-06-04,97.125,98.375,96.75,98.125,3090400,15.177966
1997-06-03,97.75,99.125,97.00,97.125,1461600,15.023286
1997-06-02,97.625,98.875,97.00,97.75,2430000,15.119961
1997-05-30,97.75,98.125,96.75,97.625,1871200,15.100626
1997-05-29,97.875,98.375,97.00,97.75,2618000,15.119961
1997-05-28,97.625,98.125,96.75,97.875,1858800,15.139296
1997-05-27,97.50,98.375,96.75,97.625,3052000,15.100626
1997-05-23,97.50,98.00,96.50,97.50,1413200,15.081291
1997-05-22,97.25,98.50,97.25,97.50,2825600,15.081291
1997-05-21,97.00,99.625,96.625,96.75,3183200,14.965281
1997-05-20,97.50,97.50,95.75,97.00,2964800,15.003951
1997-05-19,98.50,98.50,96.375,98.00,2057200,15.158631
1997-05-16,98.375,99.75,97.50,98.50,3684800,15.235971
1997-05-15,95.875,98.50,95.625,98.375,2544000,15.216636
1997-05-14,97.125,99.25,95.75,95.875,3125600,14.829936
1997-05-13,96.25,97.875,95.625,97.125,4728400,15.023286
1997-05-12,96.625,96.625,94.25,96.25,4339600,14.887941
1997-05-09,94.75,96.875,94.75,96.625,2463600,14.945946
1997-05-08,92.50,95.25,92.50,94.25,2438000,14.578581
1997-05-07,94.125,94.125,92.375,92.375,2206800,14.288557
1997-05-06,95.625,95.875,94.00,94.375,2909200,14.597916
1997-05-05,93.375,95.75,92.875,95.625,2783200,14.791266
1997-05-02,90.75,93.625,90.00,93.375,2656800,14.443237
1997-05-01,89.00,90.75,88.75,90.75,1916000,14.037202
1997-04-30,88.00,90.875,88.00,89.00,2520400,13.766512
1997-04-29,88.25,89.50,87.625,87.875,1990400,13.592497
1997-04-28,87.125,88.625,87.00,88.25,1176400,13.650502
1997-04-25,87.25,88.375,86.375,87.125,1624400,13.476487
1997-04-24,89.125,90.625,87.125,87.25,3488800,13.495822
1997-04-23,87.00,89.75,86.75,89.125,2754000,13.785847
1997-04-22,84.25,87.375,83.75,87.00,2032000,13.457152
1997-04-21,84.125,85.125,83.625,84.25,1665200,13.031782
1997-04-18,85.625,85.875,83.75,84.125,1482800,13.012447
1997-04-17,84.625,85.625,83.875,85.625,2514400,13.244467
1997-04-16,83.00,85.625,82.50,84.625,4518800,13.027916
1997-04-15,80.25,83.125,80.25,83.00,4507200,12.777749
1997-04-14,76.875,79.875,76.50,79.375,1275200,12.219685
1997-04-11,77.625,77.625,76.75,76.875,1229600,11.834813
1997-04-10,78.25,78.25,77.375,77.75,1726000,11.969518
1997-04-09,78.00,78.75,78.00,78.25,1677600,12.046492
1997-04-08,78.375,78.375,77.625,77.875,1867200,11.988762
1997-04-07,79.125,79.375,78.375,78.75,1009200,12.123467
1997-04-04,77.25,79.50,76.375,79.125,1886000,12.181198
1997-04-03,78.375,78.50,77.25,77.25,2724800,11.892544
1997-04-02,79.00,80.00,78.25,78.375,2036000,12.065736
1997-04-01,80.25,80.25,78.75,79.00,2216400,12.161954
1997-03-31,80.125,80.875,79.375,80.25,2098400,12.35439
1997-03-27,81.00,81.625,79.875,80.125,1777200,12.335146
1997-03-26,82.281242,82.375,80.875,81.00,3053600,12.469851
1997-03-25,83.375,83.375,81.875,82.281242,2379200,12.667097
1997-03-24,81.125,83.75,80.625,83.375,1894000,12.83548
1997-03-21,80.625,81.25,80.625,81.125,1478800,12.489095
1997-03-20,80.625,80.875,79.625,80.625,1518400,12.412121
1997-03-19,80.125,80.625,79.75,80.625,1285600,12.412121
1997-03-18,80.50,80.875,79.75,80.125,1991600,12.335146
1997-03-17,81.125,81.375,80.50,80.50,2118000,12.392877
1997-03-14,79.875,81.25,79.875,81.125,1394400,12.489095
1997-03-13,80.50,80.50,79.125,79.75,2328800,12.277416
1997-03-12,80.25,81.125,79.875,80.625,1468000,12.412121
1997-03-11,81.50,81.50,80.25,80.25,1405600,12.35439
1997-03-10,81.50,81.625,80.25,81.625,1680800,12.566069
1997-03-07,80.375,81.75,80.375,81.50,1282800,12.546826
1997-03-06,79.875,80.75,79.625,80.375,3484000,12.373634
1997-03-05,78.375,80.00,78.375,79.875,1416400,12.296659
1997-03-04,78.75,79.625,78.00,78.125,1567200,12.027249
1997-03-03,78.25,78.875,77.75,78.75,1607200,12.123467
1997-02-28,79.50,79.50,78.25,78.25,1650800,12.046492
1997-02-27,80.375,80.375,79.50,79.625,1660800,12.258172
1997-02-26,80.75,81.375,79.50,80.625,2026400,12.412121
1997-02-25,80.875,81.125,80.125,80.75,1229200,12.431364
1997-02-24,79.625,80.875,79.125,80.875,2583200,12.450608
1997-02-21,78.875,79.75,78.875,79.625,1776400,12.258172
1997-02-20,80.125,80.125,78.75,78.75,2542000,12.123467
1997-02-19,79.875,81.625,79.50,80.375,2011600,12.373634
1997-02-18,79.75,79.875,78.625,79.875,3345600,12.296659
1997-02-14,83.125,83.125,79.75,79.75,3254800,12.277416
1997-02-13,79.50,83.375,79.25,83.125,4056000,12.796993
1997-02-12,79.125,79.50,78.50,79.50,1856000,12.238928
1997-02-11,79.125,79.375,78.25,79.125,1576400,12.181198
1997-02-10,79.50,80.312477,79.00,79.125,2420000,12.181198
1997-02-07,78.00,79.50,78.00,79.50,1752000,12.238928
1997-02-06,77.625,78.00,77.25,77.75,1992800,11.969518
1997-02-05,77.50,78.625,77.50,77.625,2664400,11.950274
1997-02-04,76.625,77.875,76.375,77.50,2097200,11.931031
1997-02-03,77.50,77.50,76.25,76.625,1745600,11.796326
1997-01-31,77.375,78.125,77.375,77.625,2492800,11.950274
1997-01-30,76.125,77.375,76.125,77.25,3437200,11.892544
1997-01-29,75.75,76.25,75.50,76.00,4508000,11.700108
1997-01-28,75.875,77.125,75.375,75.75,2250000,11.66162
1997-01-27,75.25,76.125,75.125,75.875,4845600,11.680864
1997-01-24,75.375,75.75,74.625,75.25,5725600,11.584646
1997-01-23,75.875,77.00,75.25,75.375,5138800,11.60389
1997-01-22,76.375,77.375,75.75,75.875,5375600,11.680864
1997-01-21,77.50,77.50,76.00,76.375,8047600,11.757838
1997-01-20,78.75,78.875,78.125,78.50,2191200,12.08498
1997-01-17,77.75,78.75,77.25,78.75,2290000,12.123467
1997-01-16,77.50,77.75,76.75,77.75,1544800,11.969518
1997-01-15,78.125,78.125,77.50,77.50,1277200,11.869451
1997-01-14,79.375,79.75,78.25,78.25,2094000,11.984317
1997-01-13,78.625,79.625,78.625,79.375,2962000,12.156615
1997-01-10,76.125,78.00,74.75,78.00,2810000,11.946028
1997-01-09,75.125,77.25,75.00,76.125,2854800,11.658864
1997-01-08,75.375,76.75,75.125,75.125,2281200,11.50571
1997-01-07,75.125,75.375,74.00,75.375,1981600,11.543999
1997-01-06,74.75,76.375,74.50,75.125,2596800,11.50571
1997-01-03,73.50,75.25,73.50,74.75,3602800,11.448277
1997-01-02,74.125,74.125,72.50,73.00,4976800,11.180257
1996-12-31,76.00,76.50,75.125,75.25,1630400,11.524854
1996-12-30,76.75,76.875,75.875,76.00,1566800,11.63972
1996-12-27,76.75,77.00,76.375,76.75,1908800,11.754586
1996-12-26,76.375,77.25,76.375,76.75,1649200,11.754586
1996-12-24,76.75,76.875,76.25,76.375,639200,11.697153
1996-12-23,75.50,77.125,75.50,76.75,2170400,11.754586
1996-12-20,75.125,76.125,75.125,75.50,4808400,11.563143
1996-12-19,74.625,76.25,74.625,75.00,3186000,11.486566
1996-12-18,73.875,75.125,73.75,74.25,2355600,11.3717
1996-12-17,74.625,74.625,73.50,73.875,3529200,11.314267
1996-12-16,76.125,76.875,74.75,74.75,1940400,11.448277
1996-12-13,76.50,77.125,75.75,76.125,2422000,11.658864
1996-12-12,77.00,77.50,76.50,76.50,2121200,11.716297
1996-12-11,78.125,78.125,76.00,77.00,3702800,11.792874
1996-12-10,77.50,79.375,77.50,78.75,1954400,12.060894
1996-12-09,77.00,77.75,77.00,77.50,1250800,11.869451
1996-12-06,77.75,77.875,76.00,77.00,2858400,11.792874
1996-12-05,77.00,77.75,76.375,77.75,2595600,11.90774
1996-12-04,77.50,78.125,76.875,77.00,2560000,11.792874
1996-12-03,79.00,79.375,77.50,77.50,2420000,11.869451
1996-12-02,79.125,79.625,77.875,79.00,1925200,12.099183
1996-11-29,79.625,79.875,79.125,79.125,820800,12.118327
1996-11-27,78.25,79.75,78.25,79.625,2324000,12.194904
1996-11-26,80.125,80.375,77.875,78.125,3257600,11.965173
1996-11-25,80.00,80.125,78.50,80.125,2535200,12.271481
1996-11-22,78.50,81.00,78.50,80.00,3612000,12.252337
1996-11-21,78.375,78.375,77.00,77.50,5390000,11.869451
1996-11-20,76.375,78.875,76.375,78.75,5612800,12.060894
1996-11-19,73.75,74.375,73.75,74.00,1557200,11.333411
1996-11-18,73.50,74.375,73.125,73.625,4267200,11.275979
1996-11-15,74.75,75.25,73.00,73.50,3563600,11.256834
1996-11-14,75.375,75.50,74.50,74.75,3026400,11.448277
1996-11-13,73.75,75.50,73.625,75.375,3699600,11.543999
1996-11-12,73.25,73.75,72.375,73.75,2601200,11.295123
1996-11-11,73.50,73.50,73.125,73.25,878000,11.218546
1996-11-08,73.50,73.50,72.25,73.50,1837200,11.256834
1996-11-07,72.50,73.625,71.75,73.50,3992000,11.256834
1996-11-06,71.50,72.75,71.375,72.50,3630400,11.10368
1996-11-05,71.125,71.75,71.125,71.50,4170400,10.950526
1996-11-04,69.75,71.375,69.75,70.875,4358000,10.854805
1996-11-01,68.875,70.125,68.875,69.50,4331200,10.644218
1996-10-31,68.75,69.25,68.25,68.625,5308000,10.510208
1996-10-30,69.25,70.25,68.50,68.75,4102400,10.529352
1996-10-29,69.25,70.375,69.00,69.25,3969200,10.605929
1996-10-28,70.375,70.375,69.25,69.25,3350400,10.605929
1996-10-25,71.625,72.125,70.375,70.375,1954000,10.778227
1996-10-24,72.00,72.125,71.375,71.625,6227600,10.96967
1996-10-23,72.875,72.875,71.625,72.00,5954400,11.027103
1996-10-22,74.00,74.00,72.875,73.125,1275200,11.199402
1996-10-21,74.125,74.75,73.75,74.00,1853200,11.333411
1996-10-18,74.375,74.375,73.875,74.125,2910800,11.352556
1996-10-17,74.75,74.875,73.75,74.375,2267600,11.390844
1996-10-16,76.25,76.25,74.125,74.75,4221200,11.387015
1996-10-15,74.875,77.50,74.875,76.25,4994800,11.615517
1996-10-14,73.25,74.75,73.25,74.125,2230000,11.291806
1996-10-11,72.25,73.75,72.25,73.25,2793200,11.158513
1996-10-10,71.875,72.375,71.437523,72.00,2863600,10.968094
1996-10-09,72.125,72.125,71.375,71.875,2341200,10.949053
1996-10-08,72.875,73.00,72.125,72.25,2260400,11.006178
1996-10-07,73.375,73.375,72.25,72.875,2161600,11.101387
1996-10-04,73.875,73.875,72.625,73.50,3433600,11.196596
1996-10-03,74.125,74.375,73.375,73.875,1392400,11.253722
1996-10-02,73.875,74.625,73.875,74.125,1762800,11.291806
1996-10-01,75.25,75.25,73.75,73.75,1754800,11.23468
1996-09-30,74.00,75.50,73.875,75.375,2434800,11.482224
1996-09-27,74.25,74.50,73.625,74.00,1967200,11.272764
1996-09-26,74.75,74.75,73.875,74.25,2356400,11.310847
1996-09-25,75.375,75.375,74.625,74.75,1478000,11.387015
1996-09-24,75.00,75.875,74.625,75.375,1993200,11.482224
1996-09-23,75.125,75.125,74.50,75.00,1619200,11.425098
1996-09-20,75.00,75.625,75.00,75.125,2666000,11.44414
1996-09-19,73.125,74.50,72.50,74.50,1881200,11.348931
1996-09-18,73.50,74.00,72.875,73.125,1732000,11.139471
1996-09-17,74.625,75.00,73.00,73.50,1951600,11.196596
1996-09-16,74.125,75.00,74.125,74.625,2096800,11.367973
1996-09-13,72.375,74.125,72.375,74.125,2532800,11.291806
1996-09-12,72.125,73.25,71.625,71.875,1502400,10.949053
1996-09-11,72.50,73.25,72.125,72.125,1582800,10.987136
1996-09-10,73.50,73.75,72.25,72.50,2119200,11.044262
1996-09-09,72.125,73.625,72.125,73.50,2522400,11.196596
1996-09-06,70.25,72.375,70.00,71.75,2054800,10.930011
1996-09-05,71.00,71.25,69.875,70.25,2000400,10.701509
1996-09-04,69.375,71.125,69.25,71.00,2328000,10.81576
1996-09-03,68.875,69.625,67.50,69.375,2185600,10.568216
1996-08-30,69.375,69.375,68.625,68.875,865600,10.492049
1996-08-29,70.00,70.00,69.125,69.375,1434800,10.568216
1996-08-28,71.00,71.125,69.875,70.125,1804400,10.682467
1996-08-27,71.25,71.50,70.625,71.00,1338400,10.81576
1996-08-26,71.25,71.375,70.50,71.25,1252000,10.853843
1996-08-23,71.875,72.00,70.875,71.25,1086400,10.853843
1996-08-22,71.625,72.125,71.625,71.875,2664400,10.949053
1996-08-21,71.375,71.875,70.875,71.375,2520000,10.872885
1996-08-20,70.375,71.375,70.25,71.375,2171600,10.872885
1996-08-19,69.75,70.625,69.625,70.375,2316400,10.720551
1996-08-16,69.625,69.875,69.50,69.75,1712800,10.625342
1996-08-15,69.875,70.00,69.125,69.625,1543200,10.6063
1996-08-14,70.25,70.375,69.75,69.875,1189200,10.644383
1996-08-13,71.00,71.00,70.125,70.25,1934000,10.701509
1996-08-12,69.875,71.00,69.75,71.00,2911600,10.81576
1996-08-09,69.875,69.875,69.50,69.875,1503200,10.644383
1996-08-08,69.625,70.125,68.75,69.875,3006400,10.644383
1996-08-07,69.125,69.75,69.00,69.625,2852400,10.6063
1996-08-06,68.875,69.125,68.125,69.125,2540400,10.530132
1996-08-05,68.00,68.875,68.00,68.875,1372400,10.492049
1996-08-02,67.25,68.00,67.25,68.00,2221600,10.358756
1996-08-01,65.875,67.625,65.75,67.25,2494000,10.244505
1996-07-31,64.75,66.375,64.75,65.875,2217200,10.035045
1996-07-30,65.00,65.375,64.25,64.50,1847600,9.825585
1996-07-29,65.75,65.75,65.00,65.00,1650800,9.901752
1996-07-26,64.375,66.625,64.375,66.25,1694000,10.09217
1996-07-25,65.375,66.00,63.25,64.125,2094800,9.768459
1996-07-24,64.75,65.50,62.875,65.375,4344800,9.958877
1996-07-23,65.625,65.875,64.50,64.75,3579600,9.863668
1996-07-22,66.75,66.75,65.625,65.625,4594000,9.996961
1996-07-19,67.50,67.75,66.375,67.00,3749200,10.206421
1996-07-18,65.75,67.50,65.375,67.50,5460800,10.282589
1996-07-17,66.375,66.375,65.125,65.75,5973200,9.955069
1996-07-16,63.75,67.125,62.75,66.375,7524800,10.049699
1996-07-15,67.125,67.125,63.75,63.75,3540800,9.652253
1996-07-12,68.625,68.625,66.50,67.125,2359600,10.163255
1996-07-11,69.25,69.75,68.125,68.75,2578800,10.409293
1996-07-10,69.875,70.25,68.375,69.25,2967600,10.484997
1996-07-09,69.625,70.50,69.625,69.875,1992000,10.579627
1996-07-08,68.50,69.75,68.50,69.25,2392800,10.484997
1996-07-05,70.125,70.125,67.75,68.375,1741600,10.352515
1996-07-03,69.875,70.875,69.625,70.125,1759600,10.617479
1996-07-02,70.00,70.00,68.875,69.875,1948800,10.579627
1996-07-01,67.75,70.25,66.875,70.00,3609200,10.598553
1996-06-28,67.25,67.875,66.50,67.75,3232800,10.257885
1996-06-27,67.00,67.75,67.00,67.25,4665200,10.182181
1996-06-26,68.25,68.50,66.75,67.00,2334400,10.144329
1996-06-25,69.25,69.25,67.875,68.25,2345200,10.333589
1996-06-24,68.75,69.75,68.625,69.25,2184400,10.484997
1996-06-21,67.25,69.00,67.25,68.75,3808800,10.409293
1996-06-20,66.00,68.00,66.00,67.125,2510000,10.163255
1996-06-19,65.625,66.75,65.375,66.00,2883600,9.992921
1996-06-18,65.50,67.375,65.50,65.625,2332400,9.936143
1996-06-17,65.25,65.875,65.00,65.375,1398400,9.898291
1996-06-14,65.25,66.00,65.25,65.25,1965200,9.879365
1996-06-13,64.75,65.375,64.25,64.625,1739600,9.784735
1996-06-12,66.00,66.875,64.625,64.75,1739600,9.803661
1996-06-11,65.125,66.50,65.125,66.00,1345200,9.992921
1996-06-10,65.625,66.625,64.875,65.00,1575600,9.841513
1996-06-07,64.875,66.00,64.125,65.625,2415200,9.936143
1996-06-06,66.125,66.25,64.875,64.875,2041600,9.822587
1996-06-05,65.75,66.25,65.25,66.125,1700000,10.011847
1996-06-04,64.50,66.00,64.50,65.75,3534800,9.955069
1996-06-03,65.50,65.50,64.25,64.375,2794800,9.746883
1996-05-31,65.75,65.75,65.25,65.625,3132000,9.936143
1996-05-30,67.25,67.25,66.00,66.375,5463600,10.049699
1996-05-29,67.75,68.125,67.75,68.00,1509600,10.295737
1996-05-28,68.375,68.375,67.625,67.75,2190800,10.257885
1996-05-24,67.625,68.375,67.375,68.375,3006000,10.352515
1996-05-23,69.25,69.625,67.625,67.625,3072000,10.238959
1996-05-22,68.50,69.375,67.875,69.25,2563200,10.484997
1996-05-21,68.125,68.875,68.125,68.50,2910000,10.371441
1996-05-20,68.875,69.25,67.75,67.875,2428800,10.276811
1996-05-17,68.75,69.375,68.75,68.875,2852400,10.428219
1996-05-16,66.75,69.125,66.50,68.75,3786800,10.409293
1996-05-15,65.75,67.125,65.75,66.75,3393600,10.106477
1996-05-14,64.625,65.625,64.625,65.25,4389600,9.879365
1996-05-13,63.625,64.25,63.50,64.125,1833600,9.709031
1996-05-10,63.50,64.125,63.50,63.625,1634400,9.633327
1996-05-09,63.00,64.00,62.75,63.375,2398400,9.595476
1996-05-08,63.125,63.375,62.00,63.00,2446000,9.538698
1996-05-07,63.875,63.875,63.00,63.125,3583200,9.557624
1996-05-06,63.75,63.875,63.00,63.875,2586000,9.671179
1996-05-03,64.625,65.125,63.375,63.75,3529200,9.652253
1996-05-02,64.625,65.75,64.00,64.625,4316800,9.784735
1996-05-01,64.125,65.375,63.625,64.625,3099200,9.784735
1996-04-30,64.25,64.875,63.75,64.125,1694800,9.709031
1996-04-29,64.875,64.875,63.625,64.25,1796800,9.727957
1996-04-26,66.625,66.625,64.875,64.875,2229200,9.822587
1996-04-25,64.75,66.75,64.125,66.625,2538400,10.087551
1996-04-24,65.375,65.75,64.125,64.75,1889600,9.803661
1996-04-23,65.50,66.25,65.375,65.375,2362000,9.898291
1996-04-22,65.125,65.75,65.125,65.50,2652800,9.917217
1996-04-19,65.375,65.625,64.875,65.00,7505200,9.841513
1996-04-18,67.00,67.00,64.625,65.375,5103600,9.898291
1996-04-17,70.00,70.00,67.375,67.75,3632800,10.204893
1996-04-16,71.50,71.50,69.625,70.50,4186800,10.619113
1996-04-15,70.25,71.875,70.125,71.625,2591200,10.788567
1996-04-12,68.625,70.625,68.625,70.25,3159600,10.581457
1996-04-11,66.50,68.625,66.50,68.625,3116000,10.33669
1996-04-10,66.75,67.625,66.25,66.50,1648400,10.01661
1996-04-09,67.625,67.75,66.625,66.75,1882400,10.054267
1996-04-08,68.25,68.25,67.00,67.625,2050400,10.186064
1996-04-04,68.25,69.50,68.25,68.625,1339600,10.33669
1996-04-03,66.625,68.375,66.625,68.25,1655600,10.280205
1996-04-02,67.50,67.875,65.875,66.625,2808000,10.035439
1996-04-01,68.00,68.25,67.00,67.50,1832400,10.167236
1996-03-29,68.50,68.625,67.75,68.00,1836000,10.242549
1996-03-28,69.25,69.25,67.625,68.50,1776800,10.317862
1996-03-27,69.875,70.75,68.875,69.50,1397200,10.468488
1996-03-26,69.375,70.50,68.875,69.875,2084400,10.524972
1996-03-25,69.25,69.75,68.625,69.375,2327600,10.449659
1996-03-22,70.00,70.375,68.875,69.25,1745600,10.430831
1996-03-21,70.75,70.75,69.875,70.00,1518800,10.5438
1996-03-20,72.375,72.75,70.25,70.875,3674000,10.675598
1996-03-19,73.50,73.875,71.75,72.375,5062400,10.901537
1996-03-18,72.00,73.625,71.625,73.50,4014400,11.07099
1996-03-15,70.875,72.50,70.75,72.00,3878000,10.845052
1996-03-14,70.625,71.375,70.625,70.875,3598000,10.675598
1996-03-13,70.375,70.625,69.25,70.625,2544000,10.637942
1996-03-12,69.875,70.625,67.375,70.375,4683200,10.600285
1996-03-11,67.25,69.875,66.625,69.875,3638800,10.524972
1996-03-08,67.75,68.50,65.875,67.25,3876000,10.12958
1996-03-07,67.75,68.50,66.875,67.75,3221600,10.204893
1996-03-06,67.75,68.375,67.125,67.75,3079200,10.204893
1996-03-05,67.75,67.75,66.875,67.75,3389200,10.204893
1996-03-04,67.50,68.625,67.125,67.875,3146000,10.223721
1996-03-01,66.75,67.875,65.50,67.50,2830000,10.167236
1996-02-29,67.75,67.875,66.625,66.75,2937600,10.054267
1996-02-28,69.375,70.00,67.50,67.75,2842000,10.204893
1996-02-27,69.25,69.875,68.25,69.375,2235600,10.449659
1996-02-26,70.00,70.25,69.125,69.25,3305600,10.430831
1996-02-23,70.25,72.00,69.125,70.00,3818000,10.5438
1996-02-22,69.25,70.375,69.25,70.25,3827600,10.581457
1996-02-21,68.125,69.50,68.125,68.875,4449200,10.374347
1996-02-20,67.00,68.00,66.375,67.875,3654000,10.223721
1996-02-16,66.625,67.25,65.625,67.00,3848000,10.091923
1996-02-15,67.00,67.375,66.375,66.625,4382400,10.035439
1996-02-14,67.50,67.75,66.50,67.00,2642400,10.091923
1996-02-13,67.50,67.50,66.125,67.50,4714800,10.167236
1996-02-12,64.625,67.875,64.625,67.625,5484000,10.186064
1996-02-09,65.125,65.625,64.375,64.625,4370000,9.734187
1996-02-08,63.875,65.125,63.75,65.125,3288000,9.8095
1996-02-07,63.625,64.625,63.625,63.875,2755200,9.621218
1996-02-06,62.75,63.625,62.75,63.50,2945600,9.564733
1996-02-05,63.375,63.375,61.625,62.75,3753200,9.451764
1996-02-02,64.125,64.25,62.625,63.375,2576800,9.545905
1996-02-01,64.375,64.375,63.375,64.125,2006800,9.658874
1996-01-31,64.375,64.875,63.125,64.375,6088400,9.696531
1996-01-30,63.75,64.625,63.625,64.375,4122400,9.696531
1996-01-29,62.25,63.875,62.25,63.75,4029200,9.60239
1996-01-26,60.625,62.25,60.125,62.25,3100000,9.376451
1996-01-25,61.875,61.875,60.375,60.625,2800400,9.131684
1996-01-24,62.50,62.50,61.625,62.00,2549200,9.338795
1996-01-23,62.50,62.50,61.125,62.50,6574400,9.414108
1996-01-22,59.00,63.00,59.00,62.75,6558400,9.451764
1996-01-19,59.25,59.625,58.375,59.00,7396000,8.886918
1996-01-18,56.125,61.00,56.125,59.25,17313600,8.924574
1996-01-17,55.50,55.75,54.00,54.25,6114400,8.118726
1996-01-16,56.875,57.00,54.375,55.50,7181600,8.305794
1996-01-15,58.125,58.125,56.75,56.875,3422400,8.511568
1996-01-12,59.375,59.75,58.25,58.50,2382400,8.754756
1996-01-11,58.625,59.50,58.625,59.375,2500000,8.885703
1996-01-10,59.125,60.625,58.125,58.50,4288800,8.754756
1996-01-09,60.75,61.25,59.125,59.125,2748400,8.848289
1996-01-08,61.00,61.125,60.375,60.75,1199600,9.091477
1996-01-05,60.00,61.25,59.375,61.00,2788000,9.12889
1996-01-04,60.50,60.50,59.375,60.00,4061600,8.979236
1996-01-03,59.50,61.25,59.375,60.50,5097200,9.054063
1996-01-02,58.75,59.75,58.25,59.50,4534000,8.90441
1995-12-29,58.375,58.875,58.375,58.75,2208000,8.792169
1995-12-28,59.00,59.50,58.125,58.375,1647200,8.736049
1995-12-27,59.375,59.375,58.875,59.00,2015200,8.829583
1995-12-26,60.875,60.875,59.25,59.375,920800,8.885703
1995-12-22,61.375,61.375,60.25,60.875,1458800,9.110184
1995-12-21,60.125,61.50,60.125,61.50,1872800,9.203717
1995-12-20,60.875,61.00,60.00,60.00,3174000,8.979236
1995-12-19,57.75,61.00,57.25,60.875,4606800,9.110184
1995-12-18,59.875,59.875,57.75,57.75,5345600,8.642515
1995-12-15,62.00,62.125,59.75,60.00,3891600,8.979236
1995-12-14,61.75,62.75,61.75,62.00,3988000,9.278544
1995-12-13,61.25,61.875,60.625,61.75,2878800,9.241131
1995-12-12,61.75,62.00,61.25,61.25,1448000,9.166304
1995-12-11,60.875,61.875,60.625,61.75,1258800,9.241131
1995-12-08,60.75,61.25,60.50,60.875,1358000,9.110184
1995-12-07,62.25,62.25,60.75,60.75,1622800,9.091477
1995-12-06,62.50,63.00,61.875,62.50,1770800,9.353371
1995-12-05,61.50,63.125,60.75,62.50,3022000,9.353371
1995-12-04,61.00,62.00,61.00,61.50,1774400,9.203717
1995-12-01,61.375,61.625,61.00,61.00,2207200,9.12889
1995-11-30,62.00,62.125,61.25,61.375,1912000,9.185011
1995-11-29,62.125,62.375,61.00,62.00,2629600,9.278544
1995-11-28,61.375,62.125,61.25,62.125,2560000,9.297251
1995-11-27,60.125,61.875,60.125,61.375,3972800,9.185011
1995-11-24,59.75,60.00,59.625,59.75,1150000,8.941823
1995-11-22,59.375,60.125,58.25,59.75,4496800,8.941823
1995-11-21,57.00,59.75,57.00,59.375,6520400,8.885703
1995-11-20,55.50,57.00,55.375,55.625,2925600,8.3245
1995-11-17,55.375,56.00,55.375,55.50,2664800,8.305794
1995-11-16,56.00,56.00,55.125,55.25,2285600,8.26838
1995-11-15,56.00,56.375,55.125,56.00,2278400,8.380621
1995-11-14,56.375,57.00,56.00,56.00,1303200,8.380621
1995-11-13,56.625,57.00,55.875,56.375,2142000,8.436741
1995-11-10,56.875,57.00,56.50,56.625,2154800,8.474154
1995-11-09,55.875,57.125,55.875,56.875,2540000,8.511568
1995-11-08,56.25,56.25,55.375,55.50,3327600,8.305794
1995-11-07,57.125,57.375,56.625,57.125,1774400,8.548981
1995-11-06,56.00,57.50,56.00,57.125,2806000,8.548981
1995-11-03,57.25,57.875,55.875,56.00,5108400,8.380621
1995-11-02,56.625,57.50,56.625,57.25,2752800,8.567688
1995-11-01,56.75,57.50,56.00,56.50,2937600,8.455448
1995-10-31,55.75,57.00,55.75,56.75,3815600,8.492861
1995-10-30,54.625,55.625,54.375,55.00,3084400,8.230967
1995-10-27,53.625,54.75,53.625,54.625,2978800,8.174847
1995-10-26,53.125,54.125,53.125,53.625,2429600,8.025193
1995-10-25,54.375,55.00,52.875,52.875,2854000,7.912952
1995-10-24,53.125,54.75,53.125,54.375,3166000,8.137433
1995-10-23,53.125,53.50,52.625,52.875,2256400,7.912952
1995-10-20,52.75,53.50,52.75,53.125,4236000,7.950366
1995-10-19,51.875,52.875,51.875,52.50,4964000,7.856832
1995-10-18,54.00,54.00,51.125,51.50,7730400,7.654799
1995-10-17,55.50,55.875,54.00,54.125,3674800,8.044971
1995-10-16,55.50,56.00,54.625,55.50,3138400,8.249347
1995-10-13,53.375,55.875,53.375,55.50,5668000,8.249347
1995-10-12,52.375,53.625,52.375,53.375,3218800,7.933493
1995-10-11,52.625,53.50,51.625,52.125,3386400,7.747697
1995-10-10,52.625,53.625,50.75,52.625,5307600,7.822016
1995-10-09,53.375,53.375,51.75,52.625,4963600,7.822016
1995-10-06,55.125,55.25,54.125,54.125,2690800,8.044971
1995-10-05,54.75,55.625,54.75,55.125,5118800,8.193608
1995-10-04,55.375,55.375,54.50,54.75,5644800,8.137869
1995-10-03,55.25,56.00,54.875,55.375,4278000,8.230767
1995-10-02,56.875,57.00,55.125,55.25,5115600,8.212187
1995-09-29,57.50,58.125,56.875,56.875,3096400,8.453722
1995-09-28,56.75,57.50,56.75,57.50,4480400,8.54662
1995-09-27,58.00,58.00,56.125,56.125,5075600,8.342245
1995-09-26,58.125,58.75,58.00,58.125,3429600,8.639519
1995-09-25,58.875,59.25,58.00,58.125,1924400,8.639519
1995-09-22,58.875,59.50,58.625,58.875,2566400,8.750996
1995-09-21,59.75,59.75,58.875,58.875,5008000,8.750996
1995-09-20,59.50,60.25,59.50,59.875,9081200,8.899633
1995-09-19,59.875,59.875,57.875,58.875,19483200,8.750996
1995-09-18,65.25,65.625,65.00,65.375,1999200,9.717136
1995-09-15,65.00,65.75,65.00,65.25,3852400,9.698556
1995-09-14,67.00,67.00,64.875,65.00,4240400,9.661397
1995-09-13,67.00,67.00,66.50,67.00,1934400,9.958671
1995-09-12,68.00,68.00,67.00,67.375,1852400,10.01441
1995-09-11,69.125,69.375,68.00,68.125,1293200,10.125887
1995-09-08,69.375,69.625,68.625,69.125,1842800,10.274524
1995-09-07,69.375,70.00,69.25,69.375,2987200,10.311683
1995-09-06,68.50,69.375,68.375,69.375,1868400,10.311683
1995-09-05,68.375,68.75,67.625,68.50,1696400,10.181626
1995-09-01,67.125,68.375,66.875,68.375,1115600,10.163047
1995-08-31,66.75,67.625,66.75,67.125,1488800,9.97725
1995-08-30,67.00,67.625,66.375,66.75,2383600,9.921512
1995-08-29,65.50,67.00,65.50,67.00,1958400,9.958671
1995-08-28,65.00,65.75,64.625,65.375,1484400,9.717136
1995-08-25,64.50,65.375,64.50,65.00,2162800,9.661397
1995-08-24,65.375,65.375,63.875,64.375,4195200,9.568499
1995-08-23,66.625,66.625,65.00,65.375,4591200,9.717136
1995-08-22,67.50,67.50,66.25,66.75,2990000,9.921512
1995-08-21,67.75,68.125,67.50,67.625,3500800,10.051569
1995-08-18,68.625,68.625,67.625,67.75,5903600,10.070148
1995-08-17,68.00,69.00,67.00,68.75,3975200,10.218785
1995-08-16,66.625,68.125,66.625,68.00,3944400,10.107308
1995-08-15,66.00,66.00,64.75,65.75,2189600,9.772875
1995-08-14,64.00,66.00,64.00,66.00,2319600,9.810034
1995-08-11,63.625,64.00,62.25,63.375,2550800,9.419862
1995-08-10,64.75,64.75,63.625,63.625,5111200,9.457021
1995-08-09,66.125,66.25,64.50,65.00,2950000,9.661397
1995-08-08,66.25,66.375,64.625,66.125,2300000,9.828614
1995-08-07,67.125,67.375,66.125,66.25,1995200,9.847193
1995-08-04,68.00,68.50,67.00,67.125,1071200,9.97725
1995-08-03,67.25,68.25,66.25,68.00,2035200,10.107308
1995-08-02,68.125,69.625,67.25,67.25,2673200,9.99583
1995-08-01,70.25,70.25,67.50,68.125,2475200,10.125887
1995-07-31,69.25,70.625,68.875,70.375,1445200,10.46032
1995-07-28,70.25,70.375,69.125,69.25,1448000,10.293104
1995-07-27,70.125,70.875,70.125,70.25,1165200,10.441741
1995-07-26,69.875,70.25,69.125,69.875,1558400,10.386002
1995-07-25,69.00,70.00,68.25,69.875,2363200,10.386002
1995-07-24,67.50,69.125,67.375,69.00,2162400,10.255945
1995-07-21,67.50,68.00,66.875,67.50,4312800,10.032989
1995-07-20,69.00,69.00,66.25,67.50,7407200,10.032989
1995-07-19,69.75,69.75,66.625,69.125,6454800,10.274524
1995-07-18,72.25,72.25,71.25,71.375,2951200,10.608957
1995-07-17,72.50,75.25,72.125,73.875,3234800,10.928527
1995-07-14,72.375,72.75,71.875,72.50,1380000,10.725119
1995-07-13,71.625,72.625,71.125,72.375,2476000,10.706628
1995-07-12,70.25,71.625,70.00,71.625,1578800,10.595678
1995-07-11,70.25,70.875,70.00,70.25,2111200,10.392271
1995-07-10,70.875,70.875,69.875,70.25,3457200,10.392271
1995-07-07,68.375,72.25,68.125,71.00,5728400,10.50322
1995-07-06,66.00,68.50,65.625,68.375,5032800,10.114897
1995-07-05,64.375,66.125,64.25,66.00,4053200,9.763557
1995-07-03,64.25,64.375,64.125,64.375,861200,9.523166
1995-06-30,62.375,64.50,62.375,64.25,4457200,9.504675
1995-06-29,62.375,62.50,61.625,62.25,1212800,9.208809
1995-06-28,62.75,62.75,61.75,62.375,2408800,9.227301
1995-06-27,62.25,63.125,62.25,63.00,2228400,9.319759
1995-06-26,62.75,63.125,62.25,62.25,2174400,9.208809
1995-06-23,62.50,62.875,61.875,62.75,2937200,9.282776
1995-06-22,62.625,62.625,62.00,62.50,5078800,9.245792
1995-06-21,63.00,63.00,62.25,62.75,4840000,9.282776
1995-06-20,64.75,64.75,63.75,64.125,3343200,9.486183
1995-06-19,63.00,65.25,63.00,65.00,1925600,9.615624
1995-06-16,62.875,63.375,62.625,62.625,2511600,9.264284
1995-06-15,63.125,63.125,62.50,62.875,1780800,9.301267
1995-06-14,62.75,63.375,62.50,63.25,4117200,9.356742
1995-06-13,60.875,63.00,60.75,62.75,2593600,9.282776
1995-06-12,61.50,62.25,60.875,60.875,3050000,9.005402
1995-06-09,62.00,62.25,61.00,61.50,2295200,9.09786
1995-06-08,61.25,62.50,61.25,62.00,4194000,9.171826
1995-06-07,60.125,61.375,59.625,60.75,4624800,8.98691
1995-06-06,60.00,60.625,60.00,60.125,1741200,8.894452
1995-06-05,59.25,60.625,59.00,59.875,2009600,8.857469
1995-06-02,60.50,60.625,58.875,59.25,6353200,8.765011
1995-06-01,60.25,60.875,59.75,60.50,3289200,8.949927
1995-05-31,58.375,60.25,57.75,60.25,2719200,8.912944
1995-05-30,57.375,58.625,57.125,58.375,3297200,8.63557
1995-05-26,58.875,58.875,57.00,57.375,3823200,8.487637
1995-05-25,60.25,60.25,58.625,59.125,2792000,8.74652
1995-05-24,60.25,61.00,60.125,60.25,4099600,8.912944
1995-05-23,61.75,61.75,59.75,60.25,9915200,8.912944
1995-05-22,60.00,63.375,60.00,62.50,4222400,9.245792
1995-05-19,60.75,60.75,59.00,59.75,5631200,8.838978
1995-05-18,62.25,62.25,60.625,60.875,5475200,9.005402
1995-05-17,62.25,63.375,61.875,62.75,3930000,9.282776
1995-05-16,62.25,62.375,61.625,62.25,3690800,9.208809
1995-05-15,62.875,63.875,62.00,62.25,7962800,9.208809
1995-05-12,59.00,62.875,58.25,62.875,9172000,9.301267
1995-05-11,58.75,59.75,58.75,59.00,3381600,8.728028
1995-05-10,57.875,58.875,57.50,58.75,3870800,8.691045
1995-05-09,57.00,58.375,57.00,57.875,3828400,8.561604
1995-05-08,55.75,56.875,55.50,56.75,2044000,8.39518
1995-05-05,56.375,56.50,55.25,55.75,2774400,8.247247
1995-05-04,57.50,57.625,56.25,56.375,3045600,8.339705
1995-05-03,57.25,57.75,57.125,57.50,1554000,8.506129
1995-05-02,57.50,57.625,56.75,57.25,1662400,8.469146
1995-05-01,58.25,58.25,57.125,57.50,3361200,8.506129
1995-04-28,56.75,58.50,56.75,58.50,3802400,8.654062
1995-04-27,56.375,56.875,56.00,56.75,1867600,8.39518
1995-04-26,56.375,56.625,56.062481,56.375,2615600,8.339705
1995-04-25,55.75,56.875,55.75,56.375,3268800,8.339705
1995-04-24,55.75,56.25,55.625,55.75,2469600,8.247247
1995-04-21,56.125,56.625,55.50,55.75,2379600,8.247247
1995-04-20,57.375,57.50,56.00,56.125,3861600,8.302722
1995-04-19,56.375,57.50,55.125,57.375,5451600,8.487637
1995-04-18,56.375,57.25,56.25,56.375,2904400,8.339705
1995-04-17,56.00,57.00,56.00,56.375,4721600,8.302721
1995-04-13,55.875,56.00,55.25,55.50,2632800,8.173854
1995-04-12,55.625,56.00,55.625,55.875,5361600,8.229083
1995-04-11,56.00,56.25,55.125,55.125,2774800,8.118626
1995-04-10,55.875,56.00,55.00,56.00,2342000,8.247493
1995-04-07,56.00,56.125,55.625,55.875,1903200,8.229083
1995-04-06,55.875,56.75,55.875,56.00,3607200,8.247493
1995-04-05,56.125,56.375,55.75,55.75,2754800,8.210674
1995-04-04,56.00,56.125,55.375,56.125,3403600,8.265902
1995-04-03,55.50,56.125,55.375,56.00,2574800,8.247493
1995-03-31,56.00,56.00,54.50,55.50,3420000,8.173854
1995-03-30,54.25,57.375,54.25,56.375,6781600,8.302721
1995-03-29,53.625,55.50,53.625,53.875,7374000,7.93453
1995-03-28,52.125,52.375,51.375,51.875,1425200,7.639976
1995-03-27,51.00,52.125,50.75,52.125,2540800,7.676796
1995-03-24,49.625,51.00,49.625,51.00,4978400,7.511109
1995-03-23,49.625,49.75,49.00,49.50,4060800,7.290194
1995-03-22,50.25,50.25,49.25,49.625,5817600,7.308604
1995-03-21,51.00,51.00,50.125,50.375,6490400,7.419061
1995-03-20,51.50,51.625,50.875,51.125,1583200,7.529519
1995-03-17,51.00,51.875,50.875,51.50,3884400,7.584748
1995-03-16,49.75,51.375,49.75,51.00,4313600,7.511109
1995-03-15,49.125,50.00,49.125,49.75,3401600,7.327014
1995-03-14,49.00,49.875,49.00,49.00,3887600,7.216556
1995-03-13,49.875,50.00,48.625,48.75,3688000,7.179737
1995-03-10,49.375,50.125,49.375,49.875,4359600,7.345423
1995-03-09,48.75,49.375,48.75,49.125,2686800,7.234966
1995-03-08,48.50,49.00,48.375,48.375,3062400,7.124508
1995-03-07,48.75,49.25,48.25,48.50,3485200,7.142918
1995-03-06,48.875,48.875,48.375,48.75,5266800,7.179737
1995-03-03,48.75,49.50,48.375,49.00,5893600,7.216556
1995-03-02,50.25,50.25,48.50,48.75,10558800,7.179737
1995-03-01,51.125,51.125,50.00,50.25,11499600,7.400652
1995-02-28,51.125,51.625,50.875,51.625,2706800,7.603157
1995-02-27,51.75,51.875,50.75,51.125,4053200,7.529519
1995-02-24,52.75,52.75,51.625,51.75,4492000,7.621567
1995-02-23,52.875,53.50,52.75,53.00,3578400,7.805663
1995-02-22,52.25,53.00,52.25,52.875,3591600,7.787253
1995-02-21,52.375,52.625,51.75,52.00,3207600,7.658386
1995-02-17,53.125,53.125,52.375,52.375,1781600,7.713615
1995-02-16,53.25,53.25,52.25,53.25,2502000,7.842482
1995-02-15,53.625,54.375,53.25,53.25,2147200,7.842482
1995-02-14,53.375,53.75,53.125,53.625,1853200,7.897711
1995-02-13,53.125,53.375,52.75,53.375,2391200,7.860891
1995-02-10,52.625,53.375,52.375,53.125,1953200,7.824072
1995-02-09,53.25,53.75,51.875,52.625,2737600,7.750434
1995-02-08,53.50,53.625,53.00,53.25,1566800,7.842482
1995-02-07,53.75,54.00,52.75,53.50,2728400,7.879301
1995-02-06,53.00,53.875,52.875,53.75,2848400,7.91612
1995-02-03,52.625,54.25,52.625,53.00,5642000,7.805663
1995-02-02,51.50,52.50,51.25,52.25,2526800,7.695205
1995-02-01,51.375,52.50,51.125,51.50,6764800,7.584748
1995-01-31,51.625,52.25,51.375,51.375,4162800,7.566338
1995-01-30,52.50,52.50,51.625,51.625,2610400,7.603157
1995-01-27,53.75,54.75,52.625,52.75,2834400,7.768844
1995-01-26,53.625,53.875,53.125,53.75,2143200,7.91612
1995-01-25,53.125,54.25,52.50,53.625,2944000,7.897711
1995-01-24,52.875,53.75,52.875,53.125,4504400,7.824072
1995-01-23,52.625,52.75,51.625,52.75,6229600,7.768844
1995-01-20,54.00,54.00,52.25,52.625,11540000,7.750434
1995-01-19,57.875,57.875,54.625,54.75,13997600,8.063397
1995-01-18,58.25,58.625,58.00,58.625,2818000,8.634094
1995-01-17,57.125,58.50,56.875,58.25,3481200,8.578865
1995-01-16,57.125,57.25,55.625,57.125,3230400,8.413179
1995-01-13,56.75,57.25,55.875,57.125,2226000,8.413179
1995-01-12,57.875,57.875,56.625,56.75,2497200,8.321131
1995-01-11,58.375,58.625,56.875,57.875,2608800,8.486087
1995-01-10,57.75,58.875,57.75,58.375,3478800,8.559401
1995-01-09,56.625,57.875,56.25,57.75,3139200,8.467759
1995-01-06,55.625,57.375,55.25,56.625,3176800,8.302802
1995-01-05,54.875,55.625,54.875,55.625,2305600,8.156175
1995-01-04,54.875,54.875,54.00,54.875,2604800,8.046204
1995-01-03,55.125,55.125,54.625,55.00,2124400,8.064532
1994-12-30,54.50,55.25,54.50,55.125,1366000,8.082861
1994-12-29,54.25,54.50,53.875,54.50,897200,7.991218
1994-12-28,54.75,54.75,53.875,54.25,1472000,7.954561
1994-12-27,54.50,55.375,54.50,55.25,1220000,8.101189
1994-12-23,54.25,54.875,54.125,54.375,1210800,7.97289
1994-12-22,53.625,54.375,53.625,54.25,1814800,7.954561
1994-12-21,52.75,53.875,52.75,53.50,2556800,7.84459
1994-12-20,52.125,52.75,52.125,52.375,2144800,7.679634
1994-12-19,52.875,52.875,51.75,52.125,2534000,7.642977
1994-12-16,53.375,53.75,52.375,53.25,3522000,7.807933
1994-12-15,52.75,53.625,52.75,53.375,2771200,7.826262
1994-12-14,51.25,53.00,51.125,52.375,5580800,7.679634
1994-12-13,51.625,52.00,51.125,51.25,4464000,7.514678
1994-12-12,51.375,52.00,51.375,51.625,3687600,7.569663
1994-12-09,51.50,51.50,50.625,50.875,3206800,7.459692
1994-12-08,52.00,52.25,51.50,51.75,2432400,7.587992
1994-12-07,52.50,52.50,51.75,52.00,3942800,7.624649
1994-12-06,53.625,53.625,52.375,52.875,3126000,7.752948
1994-12-05,53.375,54.125,53.125,53.875,1650000,7.899576
1994-12-02,52.75,53.375,52.625,53.375,2552400,7.826262
1994-12-01,53.875,53.875,52.75,52.75,3123600,7.73462
1994-11-30,53.75,54.25,53.75,54.125,3372000,7.936233
1994-11-29,54.00,54.125,53.00,53.25,2626000,7.807933
1994-11-28,53.375,54.50,53.375,54.00,4500400,7.917904
1994-11-25,52.875,53.50,52.875,53.375,1332400,7.826262
1994-11-23,51.625,52.875,51.375,52.625,6545200,7.716291
1994-11-22,54.625,54.625,51.625,51.625,5804800,7.569663
1994-11-21,55.625,56.125,54.75,54.875,2582000,8.046204
1994-11-18,56.375,56.50,55.50,55.625,3144800,8.156175
1994-11-17,56.50,57.25,56.125,56.375,3488000,8.266146
1994-11-16,56.25,56.50,55.75,56.50,3713600,8.284474
1994-11-15,57.50,57.75,56.125,56.25,4696000,8.247817
1994-11-14,57.25,57.875,57.25,57.50,2067200,8.431102
1994-11-11,58.25,58.375,57.00,57.125,1813200,8.376116
1994-11-10,58.375,59.25,57.625,58.25,2352400,8.541073
1994-11-09,57.50,58.625,57.50,58.375,3357200,8.559401
1994-11-08,57.50,57.875,57.25,57.25,4961600,8.394445
1994-11-07,57.375,57.50,57.25,57.50,2241600,8.431102
1994-11-04,58.125,58.125,57.375,57.375,2060800,8.412773
1994-11-03,58.50,58.75,57.75,58.125,2994000,8.522744
1994-11-02,57.875,59.00,57.875,58.50,4801600,8.57773
1994-11-01,59.75,59.75,57.625,57.625,4489600,8.44943
1994-10-31,59.50,60.00,59.50,59.75,3513600,8.761015
1994-10-28,57.75,59.875,57.75,59.375,4927200,8.706029
1994-10-27,57.125,57.875,57.125,57.50,2348800,8.431102
1994-10-26,57.50,57.50,56.75,57.125,2810400,8.376116
1994-10-25,58.25,58.25,57.125,57.625,5456800,8.44943
1994-10-24,57.75,59.25,57.75,58.25,8847600,8.541073
1994-10-21,55.625,56.375,54.875,56.375,3715600,8.266146
1994-10-20,56.125,56.50,55.25,55.625,1633200,8.156175
1994-10-19,55.875,56.75,55.625,56.125,2052800,8.229489
1994-10-18,55.625,56.00,55.00,55.875,1524400,8.192832
1994-10-17,55.50,56.125,55.125,55.625,1250000,8.13418
1994-10-14,55.375,55.75,54.875,55.50,1914800,8.115901
1994-10-13,55.25,56.625,55.25,55.375,3140800,8.097622
1994-10-12,55.625,55.75,54.75,55.125,3023600,8.061064
1994-10-11,53.625,55.75,53.625,55.625,3049600,8.13418
1994-10-10,53.50,54.125,53.25,53.25,1471200,7.786878
1994-10-07,52.75,54.25,52.625,53.50,2966800,7.823436
1994-10-06,53.25,53.50,52.625,52.75,2658400,7.713762
1994-10-05,54.125,54.125,52.375,53.25,6438800,7.786878
1994-10-04,54.375,55.125,54.125,54.125,2294000,7.914832
1994-10-03,54.125,54.625,53.25,54.375,2096400,7.95139
1994-09-30,54.125,55.375,54.00,54.125,2158000,7.914832
1994-09-29,54.625,54.75,53.75,54.125,3177600,7.914832
1994-09-28,53.50,55.25,53.50,54.625,3877200,7.987948
1994-09-27,53.50,53.875,52.75,53.00,2372000,7.75032
1994-09-26,54.125,54.375,53.125,53.50,3008400,7.823436
1994-09-23,54.25,55.125,54.00,54.125,2812800,7.914832
1994-09-22,54.125,54.75,54.125,54.25,3312400,7.933111
1994-09-21,55.375,56.00,53.75,54.125,6433200,7.914832
1994-09-20,56.625,56.625,55.25,55.375,2455600,8.097622
1994-09-19,56.50,57.375,56.50,56.625,1942800,8.280413
1994-09-16,57.50,57.50,56.375,56.375,6142000,8.243855
1994-09-15,55.375,57.875,55.375,57.75,3133200,8.444924
1994-09-14,53.625,55.375,53.625,55.125,1967200,8.061064
1994-09-13,53.50,54.625,53.50,53.625,2629600,7.841715
1994-09-12,55.375,55.75,53.375,53.50,3794800,7.823436
1994-09-09,55.25,55.375,54.625,55.375,2030400,8.097622
1994-09-08,55.125,55.50,54.25,55.25,2020000,8.079343
1994-09-07,56.00,56.125,54.25,55.125,3180000,8.061064
1994-09-06,56.625,56.625,55.25,56.00,1794400,8.189018
1994-09-02,114.375038,115.375038,112.75,113.25,2548800,8.280413
1994-09-01,114.875038,114.875038,113.75,114.375038,1875200,8.362671
1994-08-31,115.50,116.50,114.124962,115.375038,4060000,8.435788
1994-08-30,115.50,115.50,113.624962,115.50,4242400,8.444924
1994-08-29,115.624962,115.624962,114.50,115.624962,3157600,8.454061
1994-08-26,113.00,115.624962,113.00,115.624962,5255200,8.454061
1994-08-25,114.375038,114.375038,111.624962,112.00,3914400,8.189018
1994-08-24,111.624962,114.75,110.875038,114.375038,3632000,8.362671
1994-08-23,108.124962,112.75,108.124962,111.624962,5813600,8.161596
1994-08-22,107.25,107.25,106.624962,107.25,1735200,7.841715
1994-08-19,107.875038,108.25,107.50,107.875038,1629600,7.887416
1994-08-18,109.624962,109.624962,107.75,107.875038,4358400,7.887416
1994-08-17,108.875038,110.00,108.875038,109.75,4194400,8.024506
1994-08-16,106.25,109.124962,105.875038,108.875038,3776800,7.960532
1994-08-15,105.624962,106.624962,105.624962,106.25,1991200,7.768599
1994-08-12,103.25,105.50,103.25,105.124962,3894400,7.686341
1994-08-11,104.50,105.124962,102.875038,103.00,3469600,7.530971
1994-08-10,104.124962,104.624962,103.875038,104.50,1529600,7.640646
1994-08-09,103.75,104.25,103.75,104.124962,1860000,7.613224
1994-08-08,104.624962,104.624962,103.624962,103.624962,3182400,7.576666
1994-08-05,106.25,106.25,104.50,104.75,6441600,7.658925
1994-08-04,108.624962,108.875038,107.624962,107.624962,1197600,7.869131
1994-08-03,109.124962,109.124962,108.437523,108.624962,1452800,7.942247
1994-08-02,109.875038,110.25,109.25,109.375038,2178400,7.99709
1994-08-01,108.624962,109.875038,108.624962,109.875038,2276000,8.033648
1994-07-29,107.25,108.875038,107.124962,108.375038,2139200,7.923974
1994-07-28,106.624962,107.375038,106.624962,107.25,1430400,7.841715
1994-07-27,107.875038,107.875038,106.624962,106.624962,1493600,7.796015
1994-07-26,107.25,108.00,107.25,108.00,1355200,7.896553
1994-07-25,106.624962,107.50,106.124962,107.124962,1808000,7.832573
1994-07-22,106.375038,107.00,105.375038,106.624962,1618400,7.796015
1994-07-21,107.624962,108.50,106.00,106.375038,3930400,7.777742
1994-07-20,109.124962,109.375038,106.624962,107.624962,2415200,7.869131
1994-07-19,108.50,109.375038,108.25,109.124962,1637600,7.978806
1994-07-18,108.375038,109.25,108.375038,108.50,1556000,7.933111
1994-07-15,108.375038,108.375038,107.25,108.375038,1887200,7.923974
1994-07-14,109.00,109.00,108.375038,108.375038,1917600,7.923974
1994-07-13,109.25,111.124962,108.875038,109.00,6184800,7.947734
1994-07-12,107.375038,109.375038,106.375038,109.25,3496800,7.965962
1994-07-11,106.624962,107.75,106.624962,107.375038,3600000,7.82925
1994-07-08,104.375038,106.50,104.124962,105.75,2581600,7.71076
1994-07-07,104.50,105.50,103.75,104.375038,3219200,7.610505
1994-07-06,101.75,105.00,101.75,104.50,3562400,7.619616
1994-07-05,100.624962,102.50,100.00,101.75,2310400,7.4191
1994-07-01,100.00,101.624962,100.00,100.624962,3443200,7.337068
1994-06-30,102.124962,103.50,100.00,100.00,3136800,7.291499
1994-06-29,104.124962,105.00,101.624962,102.124962,2269600,7.44644
1994-06-28,105.124962,106.25,102.875038,104.124962,4150400,7.59227
1994-06-27,101.124962,105.375038,100.50,105.124962,3057600,7.665185
1994-06-24,102.00,102.624962,100.124962,101.124962,2988000,7.373525
1994-06-23,102.624962,103.875038,102.00,102.00,2343200,7.437329
1994-06-22,102.124962,104.375038,102.00,102.624962,4209600,7.482898
1994-06-21,105.75,105.75,102.124962,102.124962,6817600,7.44644
1994-06-20,107.875038,107.875038,106.25,106.375038,3152800,7.756335
1994-06-17,109.124962,109.50,108.624962,108.75,2808800,7.929505
1994-06-16,109.00,109.75,108.624962,109.124962,1735200,7.956845
1994-06-15,109.375038,110.75,108.624962,109.00,2328800,7.947734
1994-06-14,106.00,109.75,105.25,109.375038,4096800,7.97508
1994-06-13,105.124962,106.75,104.75,106.00,2713600,7.728989
1994-06-10,103.50,105.624962,103.375038,105.124962,2157600,7.665185
1994-06-09,104.375038,104.624962,103.375038,103.50,3006400,7.546701
1994-06-08,106.00,106.25,103.624962,104.375038,5444000,7.610505
1994-06-07,108.124962,108.124962,106.00,106.00,4004800,7.728989
1994-06-06,107.75,108.875038,107.75,108.25,2200000,7.893047
1994-06-03,106.624962,107.50,105.875038,107.50,2937600,7.838361
1994-06-02,105.50,107.124962,104.624962,106.624962,3791200,7.774558
1994-06-01,106.25,106.25,104.00,105.50,4810400,7.692531
1994-05-31,107.50,107.75,106.375038,106.875038,3903200,7.792792
1994-05-27,107.50,107.875038,106.624962,107.50,1941600,7.838361
1994-05-26,108.00,109.624962,106.75,107.50,3933600,7.838361
1994-05-25,108.25,108.25,106.875038,108.00,2927200,7.874819
1994-05-24,110.50,111.75,106.875038,108.25,5931200,7.893047
1994-05-23,110.124962,110.875038,109.50,110.50,4015200,8.057106
1994-05-20,110.375038,110.375038,109.875038,110.124962,3049600,8.02976
1994-05-19,110.75,111.124962,109.25,110.50,2889600,8.057106
1994-05-18,111.25,112.124962,109.25,110.75,4385600,8.075335
1994-05-17,110.124962,112.25,109.875038,111.25,5553600,8.111792
1994-05-16,107.875038,110.375038,107.25,110.124962,4971200,8.02976
1994-05-13,106.50,108.00,105.124962,107.875038,3026400,7.865707
1994-05-12,107.124962,108.875038,106.25,106.50,2730400,7.765446
1994-05-11,106.75,108.875038,106.75,107.124962,5338400,7.811015
1994-05-10,106.00,108.00,106.00,106.75,4870400,7.783675
1994-05-09,108.124962,108.124962,104.75,105.624962,4543200,7.701643
1994-05-06,111.00,111.00,106.624962,108.124962,6375200,7.88393
1994-05-05,112.25,113.375038,112.25,112.50,3020000,8.202936
1994-05-04,112.375038,112.50,111.50,112.124962,1956800,8.17559
1994-05-03,110.875038,112.75,110.875038,112.375038,2772000,8.193825
1994-05-02,109.875038,111.25,108.25,110.50,3270400,8.057106
1994-04-29,108.875038,110.124962,107.624962,109.875038,2434400,8.011537
1994-04-28,110.624962,110.75,108.375038,108.875038,2926400,7.938622
1994-04-26,111.124962,112.50,110.25,110.624962,4305600,8.066218
1994-04-25,107.875038,111.124962,107.75,111.124962,3236800,8.102675
1994-04-22,106.624962,109.25,106.124962,107.875038,4655200,7.865707
1994-04-21,103.624962,106.75,103.624962,106.624962,10266400,7.774558
1994-04-20,108.375038,110.75,99.75,103.50,19996800,7.546701
1994-04-19,110.624962,110.75,107.75,108.375038,7111200,7.902165
1994-04-18,111.875038,112.875038,110.124962,110.624962,2524800,8.055281
1994-04-15,112.124962,112.124962,111.00,111.875038,3389600,8.146307
1994-04-14,112.875038,112.875038,112.00,112.124962,2184000,8.164505
1994-04-13,114.75,115.25,111.50,113.50,3565600,8.26463
1994-04-12,115.875038,116.50,113.624962,114.75,2388800,8.35565
1994-04-11,117.00,117.00,115.50,115.875038,2237600,8.437571
1994-04-08,118.25,118.25,115.25,117.375038,3837600,8.546796
1994-04-07,120.00,120.124962,117.25,118.50,4889600,8.628711
1994-04-06,116.50,121.25,116.50,120.00,4355200,8.737935
1994-04-05,116.25,117.375038,116.25,116.25,5435200,8.464875
1994-04-04,112.375038,114.00,109.375038,113.25,7996800,8.246426
1994-03-31,109.50,112.624962,108.624962,112.375038,6145600,8.182715
1994-03-30,110.875038,111.875038,106.00,109.50,9201600,7.973366
1994-03-29,114.00,114.25,110.50,110.875038,4104800,8.073491
1994-03-28,116.00,116.00,113.375038,114.00,5883200,8.301038
1994-03-25,116.875038,117.75,115.25,116.624962,3624800,8.492178
1994-03-24,119.875038,119.875038,116.124962,116.875038,6884000,8.510388
1994-03-23,118.875038,121.50,118.875038,120.75,4739200,8.792547
1994-03-22,118.624962,119.50,118.624962,118.75,2820000,8.646915
1994-03-21,119.00,119.00,117.00,118.375038,3128800,8.619612
1994-03-18,119.50,120.25,118.375038,119.124962,9006400,8.674218
1994-03-17,116.25,119.50,116.124962,119.50,2504800,8.701527
1994-03-16,116.75,116.75,115.50,116.25,2294400,8.464875
1994-03-15,117.00,117.50,116.75,117.25,2880000,8.537691
1994-03-14,116.50,117.375038,116.00,117.00,3012000,8.519487
1994-03-11,115.00,116.50,114.00,116.50,4863200,8.483079
1994-03-10,114.624962,115.00,113.624962,115.00,3883200,8.373854
1994-03-09,114.50,115.00,114.124962,114.624962,3944000,8.346546
1994-03-08,114.124962,115.124962,114.00,114.50,4993600,8.337446
1994-03-07,112.124962,114.25,111.00,114.124962,3152000,8.310138
1994-03-04,112.624962,112.624962,110.624962,112.124962,4111200,8.164505
1994-03-03,112.00,115.875038,111.375038,112.75,6483200,8.210018
1994-03-02,108.875038,112.00,107.00,112.00,4989600,8.155406
1994-03-01,108.375038,109.375038,108.375038,108.875038,3908000,7.927859
1994-02-28,107.875038,109.124962,107.875038,108.375038,2205600,7.89145
1994-02-25,108.624962,109.124962,107.75,107.75,3237600,7.845938
1994-02-24,110.50,110.50,108.25,108.624962,5338400,7.909649
1994-02-23,110.624962,112.124962,110.50,110.624962,5747200,8.055281
1994-02-22,108.124962,110.75,107.375038,110.624962,6795200,8.055281
1994-02-18,108.375038,108.375038,107.375038,108.124962,4696000,7.873241
1994-02-17,107.50,109.00,107.50,108.75,4764000,7.918754
1994-02-16,107.50,107.75,106.75,107.375038,3346400,7.818634
1994-02-15,106.00,107.624962,105.875038,107.50,3009600,7.827734
1994-02-14,105.124962,106.50,104.875038,106.00,3365600,7.718509
1994-02-11,106.124962,106.124962,104.875038,105.124962,5263200,7.654792
1994-02-10,108.875038,109.375038,106.124962,106.124962,4655200,7.727609
1994-02-09,108.00,109.124962,108.00,108.875038,4269600,7.927859
1994-02-08,105.25,108.50,105.00,108.00,4887200,7.864142
1994-02-07,102.75,105.25,102.75,105.25,7604000,7.663897
1994-02-04,105.124962,105.124962,102.375038,102.50,4957600,7.463653
1994-02-03,104.624962,105.375038,104.25,105.375038,2966400,7.673002
1994-02-02,105.50,105.50,104.50,104.624962,3497600,7.618384
1994-02-01,104.25,105.624962,104.25,105.624962,5757600,7.691201
1994-01-31,103.624962,105.25,102.75,104.124962,5609600,7.581976
1994-01-28,102.624962,103.624962,102.624962,103.624962,4556800,7.545568
1994-01-27,99.25,102.25,99.124962,101.50,5628000,7.390837
1994-01-26,98.624962,99.624962,98.624962,99.25,4664800,7.227001
1994-01-25,100.124962,100.124962,98.624962,98.624962,4816000,7.181488
1994-01-24,99.75,101.25,99.75,100.25,9744000,7.299817
1994-01-21,96.375038,99.00,96.375038,98.624962,1161600,7.181488
1994-01-20,93.624962,95.624962,93.624962,94.00,3907200,6.844716
1994-01-19,92.875038,94.124962,92.875038,93.624962,4100800,6.817407
1994-01-18,92.50,93.624962,92.375038,92.75,3941600,6.753696
1994-01-17,90.50,93.00,90.124962,92.50,3272800,6.735492
1994-01-14,90.624962,90.75,90.00,90.50,2570400,6.589859
1994-01-13,90.624962,90.875038,90.124962,90.624962,1844800,6.598959
1994-01-12,90.624962,91.25,89.875038,90.624962,4080800,6.588036
1994-01-11,90.50,90.875038,90.25,90.624962,2544800,6.588036
1994-01-10,90.375038,90.624962,89.124962,90.50,4467200,6.578952
1994-01-07,91.375038,91.375038,90.00,90.375038,2629600,6.569867
1994-01-06,91.375038,92.00,91.375038,91.50,2403200,6.651647
1994-01-05,91.00,91.624962,90.624962,91.00,5270400,6.615299
1994-01-04,89.375038,91.375038,89.375038,91.00,2785600,6.615299
1994-01-03,89.00,89.875038,88.75,89.375038,1671200,6.497172
1993-12-31,90.124962,90.624962,89.00,89.00,1516800,6.469908
1993-12-30,90.50,90.75,89.75,90.124962,1860000,6.551688
1993-12-29,90.375038,90.624962,89.624962,90.50,2102400,6.578952
1993-12-28,90.00,90.50,89.375038,90.375038,1989600,6.569867
1993-12-27,88.00,90.624962,88.00,90.00,1585600,6.542604
1993-12-23,87.375038,88.25,87.375038,87.875038,1339200,6.388128
1993-12-22,87.00,87.875038,86.875038,87.375038,4719200,6.351781
1993-12-21,87.624962,87.624962,86.624962,87.00,1328800,6.324517
1993-12-20,86.624962,87.624962,86.624962,87.624962,1481600,6.369949
1993-12-17,86.25,86.624962,86.124962,86.375038,2665600,6.279085
1993-12-16,85.75,87.124962,85.75,86.25,2627200,6.269995
1993-12-15,84.75,87.00,84.624962,85.624962,3051200,6.224558
1993-12-14,85.50,85.75,84.75,84.75,2560800,6.160952
1993-12-13,85.875038,86.124962,84.375038,85.50,2796800,6.215474
1993-12-10,86.00,86.50,85.25,85.875038,2101600,6.242737
1993-12-09,85.375038,87.124962,85.375038,86.00,2121600,6.251821
1993-12-08,84.00,85.375038,83.75,85.124962,3287200,6.18821
1993-12-07,85.875038,86.75,83.75,84.00,4388000,6.10643
1993-12-06,85.624962,86.75,85.624962,85.875038,1884800,6.242737
1993-12-03,86.124962,86.375038,84.75,85.50,1950400,6.215474
1993-12-02,85.875038,86.875038,85.25,86.124962,2062400,6.260906
1993-12-01,85.50,86.124962,85.50,85.875038,2388800,6.242737
1993-11-30,85.875038,86.124962,84.75,85.25,1530400,6.1973
1993-11-29,85.624962,87.00,85.624962,85.875038,3357600,6.242737
1993-11-26,85.624962,86.00,85.375038,85.624962,888000,6.224558
1993-11-24,84.00,86.00,84.00,85.624962,2663200,6.224558
1993-11-23,83.50,83.875038,83.124962,83.624962,4181600,6.079167
1993-11-22,84.624962,84.624962,82.75,83.50,4909600,6.070082
1993-11-19,85.875038,86.50,84.624962,85.50,3768800,6.215474
1993-11-18,88.00,88.25,85.75,85.875038,3636000,6.242737
1993-11-17,88.75,89.75,87.25,88.00,5612800,6.397213
1993-11-16,88.875038,88.875038,86.25,88.75,13015200,6.451734
1993-11-15,89.624962,91.00,89.624962,89.875038,4559200,6.53352
1993-11-12,90.375038,90.375038,88.624962,89.25,7355200,6.488082
1993-11-11,90.875038,91.25,90.00,90.375038,2155200,6.569867
1993-11-10,90.00,91.75,89.624962,90.875038,2727200,6.606215
1993-11-09,91.375038,92.124962,89.875038,90.00,3419200,6.542604
1993-11-08,90.00,91.375038,89.624962,91.375038,3280800,6.642563
1993-11-05,89.624962,90.50,87.624962,90.00,4826400,6.542604
1993-11-04,91.00,91.875038,89.624962,89.624962,2352800,6.51534
1993-11-03,92.375038,93.124962,91.00,91.00,4109600,6.615299
1993-11-02,92.25,92.375038,91.25,92.375038,2973600,6.715259
1993-11-01,91.50,92.25,90.875038,92.25,2836000,6.706169
1993-10-29,91.375038,91.624962,90.75,91.50,3135200,6.651647
1993-10-28,90.124962,91.75,89.124962,91.375038,5022400,6.642563
1993-10-27,90.875038,90.875038,90.00,90.124962,2941600,6.551688
1993-10-26,89.75,91.75,88.875038,91.00,6049600,6.615299
1993-10-25,89.875038,90.25,88.75,89.75,4524800,6.52443
1993-10-22,86.624962,90.25,86.624962,89.875038,9568800,6.53352
1993-10-21,83.75,86.00,83.75,85.875038,5994400,6.242737
1993-10-20,82.50,83.624962,82.50,83.124962,4016800,6.042819
1993-10-19,81.124962,82.624962,80.875038,82.50,1830400,5.997387
1993-10-18,80.75,81.375038,80.624962,81.124962,2056800,5.886523
1993-10-15,80.50,80.75,80.00,80.75,2085600,5.859315
1993-10-14,80.75,80.75,80.25,80.50,1633600,5.841175
1993-10-13,80.375038,81.124962,80.124962,81.00,2816800,5.877456
1993-10-12,81.00,81.00,80.00,80.375038,1113600,5.832108
1993-10-11,81.124962,81.375038,80.624962,81.00,670400,5.877456
1993-10-08,81.00,81.624962,81.00,81.124962,1472800,5.886523
1993-10-07,81.00,81.375038,80.75,81.00,1778400,5.877456
1993-10-06,80.75,81.124962,80.624962,81.00,1945600,5.877456
1993-10-05,81.00,81.624962,80.25,80.75,1233600,5.859315
1993-10-04,80.25,81.375038,80.124962,81.00,3020000,5.877456
1993-10-01,79.00,81.75,79.00,80.25,6076800,5.823035
1993-09-30,79.00,79.375038,78.50,79.00,2443200,5.732333
1993-09-29,79.375038,80.00,78.75,79.00,1392000,5.732333
1993-09-28,79.124962,79.375038,78.75,79.375038,1304000,5.759547
1993-09-27,78.25,79.124962,78.25,79.124962,2549600,5.741401
1993-09-24,77.00,78.75,76.875038,78.124962,1856800,5.66884
1993-09-23,77.75,77.75,76.875038,77.00,3177600,5.587211
1993-09-22,77.375038,78.25,77.375038,77.75,3344000,5.641632
1993-09-21,79.00,79.124962,75.00,77.124962,6580000,5.596278
1993-09-20,79.875038,79.875038,78.375038,79.00,868800,5.732333
1993-09-17,79.624962,80.124962,79.624962,79.875038,3197600,5.795827
1993-09-16,79.50,80.00,79.00,79.624962,1539200,5.777681
1993-09-15,79.75,79.875038,79.00,79.50,1457600,5.768614
1993-09-14,79.875038,79.875038,79.50,79.75,1600800,5.786754
1993-09-13,80.00,81.00,80.00,80.25,2816000,5.823035
1993-09-10,80.124962,80.124962,79.624962,79.75,1713600,5.786754
1993-09-09,79.124962,80.50,79.00,80.25,2416800,5.823035
1993-09-08,79.124962,80.124962,78.25,79.124962,2251200,5.741401
1993-09-07,80.00,80.00,78.75,79.124962,1465600,5.741401
1993-09-03,80.375038,80.375038,79.624962,80.00,1772800,5.804895
1993-09-02,81.875038,81.875038,80.25,80.75,1476000,5.859315
1993-09-01,82.25,82.25,81.50,82.00,1133600,5.950017
1993-08-31,81.75,82.25,81.50,82.25,1824000,5.968157
1993-08-30,82.124962,82.50,81.50,81.75,1095200,5.931877
1993-08-27,82.375038,82.375038,81.875038,82.124962,1496000,5.959084
1993-08-26,82.50,82.50,81.75,82.375038,1776800,5.97723
1993-08-25,82.375038,83.25,82.124962,82.50,2580800,5.986298
1993-08-24,81.25,83.00,81.25,82.375038,3980800,5.97723
1993-08-23,80.75,81.124962,79.75,80.624962,1615200,5.850243
1993-08-20,81.25,81.25,80.50,80.75,1517600,5.859315
1993-08-19,81.25,81.375038,80.75,81.25,2950400,5.895596
1993-08-18,80.624962,81.375038,80.624962,81.25,2876000,5.895596
1993-08-17,80.624962,80.75,79.875038,80.375038,1740000,5.832108
1993-08-16,81.375038,81.375038,80.624962,80.624962,1252800,5.850243
1993-08-13,81.375038,81.375038,80.624962,81.375038,2137600,5.904669
1993-08-12,82.00,82.00,80.50,81.375038,2612000,5.904669
1993-08-11,80.75,82.50,80.375038,82.375038,4725600,5.97723
1993-08-10,79.375038,81.00,79.25,80.75,5660800,5.859315
1993-08-09,78.875038,79.875038,78.624962,79.375038,1545600,5.759547
1993-08-06,79.00,79.375038,78.75,78.875038,929600,5.723266
1993-08-05,79.75,79.75,78.875038,79.00,1470400,5.732333
1993-08-04,79.875038,80.124962,79.624962,79.875038,2615200,5.795827
1993-08-03,78.75,80.375038,78.75,79.875038,4003200,5.795827
1993-08-02,76.875038,78.624962,76.624962,78.124962,3388800,5.66884
1993-07-30,77.375038,77.50,76.50,76.875038,1701600,5.578144
1993-07-29,77.75,77.75,77.124962,77.375038,2420000,5.614424
1993-07-28,79.00,79.00,77.50,77.875038,2495200,5.650705
1993-07-27,79.75,80.25,78.75,79.00,3019200,5.732333
1993-07-26,80.25,80.25,79.375038,79.75,4442400,5.786754
1993-07-23,77.624962,80.25,76.00,80.25,7535200,5.823035
1993-07-22,78.25,78.624962,77.25,77.624962,3724800,5.632559
1993-07-21,78.00,78.624962,76.00,78.25,6084000,5.677912
1993-07-20,79.00,79.00,78.00,78.00,4306400,5.659772
1993-07-19,78.375038,79.75,78.375038,79.624962,3573600,5.777681
1993-07-16,77.375038,78.624962,77.375038,78.00,3164000,5.659772
1993-07-15,76.50,77.75,76.124962,77.124962,4019200,5.596278
1993-07-14,76.375038,76.875038,76.00,76.50,1204000,5.55093
1993-07-13,76.124962,76.875038,76.124962,76.375038,1306400,5.530979
1993-07-12,75.124962,76.375038,75.124962,76.124962,2354400,5.512869
1993-07-09,75.124962,75.375038,74.875038,75.124962,1802400,5.44045
1993-07-08,75.00,75.75,75.00,75.124962,2792000,5.44045
1993-07-07,73.624962,75.25,73.624962,74.875038,3007200,5.422351
1993-07-06,73.124962,73.75,72.875038,73.50,1628000,5.322773
1993-07-02,74.00,74.00,72.75,73.124962,2179200,5.295613
1993-07-01,74.875038,74.875038,74.00,74.00,1599200,5.358982
1993-06-30,74.50,74.875038,74.25,74.875038,1680800,5.422351
1993-06-29,74.75,74.75,74.124962,74.50,1513600,5.395191
1993-06-28,74.00,75.375038,74.00,75.25,3161600,5.449505
1993-06-25,72.75,73.875038,72.624962,72.624962,1879200,5.259403
1993-06-24,72.875038,73.124962,71.875038,72.75,2380000,5.268459
1993-06-23,73.624962,73.624962,72.624962,72.875038,3429600,5.277514
1993-06-22,75.75,75.75,73.624962,74.25,3977600,5.377087
1993-06-21,76.875038,76.875038,71.875038,75.75,9511200,5.485715
1993-06-18,77.375038,78.124962,76.25,77.25,4468800,5.594343
1993-06-17,77.124962,77.375038,76.50,77.375038,3187200,5.603398
1993-06-16,77.375038,77.375038,76.50,77.124962,5884000,5.585288
1993-06-15,77.75,77.875038,76.624962,77.624962,6014400,5.621497
1993-06-14,75.875038,78.25,75.25,77.75,6275200,5.630552
1993-06-11,75.124962,76.00,75.00,75.875038,5052800,5.49477
1993-06-10,74.124962,75.25,73.875038,75.124962,4636800,5.44045
1993-06-09,75.124962,75.124962,74.00,74.124962,3615200,5.368032
1993-06-08,75.50,75.50,74.75,75.25,3184000,5.449505
1993-06-07,74.75,75.875038,74.624962,75.50,5240000,5.46761
1993-06-04,74.00,74.75,73.624962,74.75,1662400,5.413296
1993-06-03,74.624962,74.624962,73.25,74.00,3005600,5.358982
1993-06-02,74.25,75.124962,74.25,74.75,4203200,5.413296
1993-06-01,71.624962,75.75,71.375038,74.25,5692800,5.377087
1993-05-28,72.624962,72.624962,71.50,71.624962,2902400,5.186985
1993-05-27,70.875038,73.00,70.875038,72.75,5074400,5.268459
1993-05-26,69.875038,70.875038,69.50,70.375038,5697600,5.096467
1993-05-25,69.375038,69.875038,69.25,69.875038,4324000,5.060258
1993-05-24,69.124962,69.624962,68.75,69.375038,4188000,5.024048
1993-05-21,69.50,69.50,68.50,69.124962,3427200,5.005938
1993-05-20,69.124962,70.25,69.124962,69.624962,5092800,5.042147
1993-05-19,68.00,68.875038,67.25,68.75,3344800,4.978784
1993-05-18,69.00,69.124962,67.624962,68.00,3900000,4.92447
1993-05-17,69.50,69.50,68.25,69.00,2835200,4.996889
1993-05-14,70.124962,70.124962,69.50,69.50,2869600,5.033098
1993-05-13,69.875038,70.875038,69.375038,70.25,6898400,5.087412
1993-05-12,69.75,70.00,69.124962,69.875038,4359200,5.060258
1993-05-11,68.875038,69.75,68.624962,69.75,2147200,5.051203
1993-05-10,68.124962,69.75,68.124962,68.875038,3393600,4.987839
1993-05-07,68.375038,68.375038,66.875038,67.875038,2712000,4.91542
1993-05-06,68.75,68.875038,68.25,68.50,3562400,4.960679
1993-05-05,68.375038,69.25,68.25,68.75,1577600,4.978784
1993-05-04,68.875038,69.124962,68.25,68.375038,2713600,4.95163
1993-05-03,69.25,69.25,68.25,68.875038,4530400,4.987839
1993-04-30,68.875038,69.375038,68.624962,69.25,4747200,5.014993
1993-04-29,67.124962,69.375038,66.75,68.875038,8115200,4.987839
1993-04-28,67.00,67.124962,66.624962,67.124962,2240800,4.861101
1993-04-27,67.00,67.124962,66.124962,67.00,3274400,4.852051
1993-04-26,66.875038,67.375038,66.50,67.00,4387200,4.852051
1993-04-23,67.50,67.75,66.375038,66.875038,10925600,4.843002
1993-04-22,64.875038,68.00,64.875038,67.50,16279200,4.888261
1993-04-21,61.50,62.624962,61.25,62.25,3272800,4.508063
1993-04-20,62.25,62.50,61.124962,61.50,3188000,4.453749
1993-04-19,61.624962,62.75,61.50,62.25,3861600,4.4972
1993-04-16,61.624962,61.875038,61.375038,61.624962,1708800,4.452045
1993-04-15,60.875038,61.75,60.624962,61.624962,2017600,4.452045
1993-04-14,61.124962,61.124962,60.50,60.875038,977600,4.397867
1993-04-13,60.624962,61.25,60.50,61.124962,1969600,4.415922
1993-04-12,59.875038,60.624962,59.875038,60.624962,1460000,4.3798
1993-04-08,59.624962,59.75,59.25,59.75,1941600,4.316589
1993-04-07,59.375038,60.00,59.375038,59.624962,4337600,4.307556
1993-04-06,58.375038,59.00,58.375038,58.875038,2448000,4.253379
1993-04-05,58.375038,58.50,57.624962,58.124962,3388800,4.19919
1993-04-02,58.75,58.75,58.124962,58.375038,1704000,4.217256
1993-04-01,59.124962,59.624962,59.00,59.124962,1955200,4.271434
1993-03-31,60.25,60.25,59.124962,59.124962,1973600,4.271434
1993-03-30,60.25,60.50,60.00,60.25,1378400,4.352712
1993-03-29,59.50,60.624962,59.25,60.25,2479200,4.352712
1993-03-26,59.624962,60.375038,59.50,59.50,2547200,4.298528
1993-03-25,59.624962,59.875038,59.50,59.624962,1631200,4.307556
1993-03-24,59.50,59.875038,59.50,59.624962,2788800,4.307556
1993-03-23,58.50,59.75,58.375038,59.375038,2774400,4.289501
1993-03-22,58.00,58.624962,57.75,58.50,1592000,4.226284
1993-03-19,58.00,58.50,57.75,58.00,2337600,4.190162
1993-03-18,57.75,58.624962,57.75,58.00,1567200,4.190162
1993-03-17,57.624962,58.375038,57.624962,57.75,1003200,4.172101
1993-03-16,58.00,58.25,57.624962,57.624962,5005600,4.163068
1993-03-15,57.75,58.124962,57.624962,58.00,1596800,4.190162
1993-03-12,57.875038,57.875038,56.875038,57.75,3956800,4.172101
1993-03-11,59.25,59.375038,58.50,58.624962,1579200,4.235312
1993-03-10,59.624962,59.624962,59.124962,59.25,1620000,4.280467
1993-03-09,59.50,59.75,59.25,59.624962,2798400,4.307556
1993-03-08,58.75,59.624962,58.624962,59.50,2450400,4.298528
1993-03-05,58.624962,59.25,58.624962,58.75,3344800,4.244345
1993-03-04,59.25,59.25,58.50,58.50,1244000,4.226284
1993-03-03,58.875038,59.375038,58.375038,59.25,2596800,4.280467
1993-03-02,57.875038,58.875038,57.50,58.875038,1990400,4.253379
1993-03-01,58.00,58.75,57.624962,57.875038,1964000,4.181134
1993-02-26,56.75,58.124962,56.75,58.00,2514400,4.190162
1993-02-25,56.624962,57.124962,56.25,56.50,1560000,4.081796
1993-02-24,55.50,56.875038,55.50,56.624962,5100000,4.090824
1993-02-23,55.875038,56.00,55.25,55.375038,1938400,4.000524
1993-02-22,55.624962,56.25,55.25,55.875038,1625600,4.036646
1993-02-19,56.25,56.375038,55.50,55.624962,2276000,4.018579
1993-02-18,56.124962,57.00,56.124962,56.25,3110400,4.063735
1993-02-17,55.75,56.375038,55.624962,55.875038,2675200,4.036646
1993-02-16,57.00,57.00,55.75,55.75,3858400,4.027613
1993-02-12,57.50,57.50,56.624962,57.25,2405600,4.135979
1993-02-11,56.50,57.75,56.50,57.50,1112000,4.15404
1993-02-10,57.50,57.50,56.124962,56.50,2071200,4.081796
1993-02-09,58.00,58.00,57.624962,57.624962,1307200,4.163068
1993-02-08,58.875038,58.875038,58.375038,58.375038,1189600,4.217256
1993-02-05,59.00,59.50,58.624962,59.375038,3313600,4.289501
1993-02-04,58.25,59.124962,57.875038,59.00,3324000,4.262406
1993-02-03,56.75,58.50,56.75,58.25,3037600,4.208223
1993-02-02,56.124962,57.00,56.124962,56.75,1416800,4.099857
1993-02-01,56.124962,56.375038,55.875038,56.00,932000,4.045674
1993-01-29,56.25,56.624962,55.75,56.124962,1144000,4.054702
1993-01-28,56.875038,56.875038,56.25,56.25,867200,4.063735
1993-01-27,56.375038,57.25,56.375038,57.00,2438400,4.117918
1993-01-26,55.25,56.624962,55.25,56.25,2633600,4.063735
1993-01-25,55.25,57.00,54.124962,54.75,5190400,3.955369
1993-01-22,54.50,55.375038,54.50,55.25,2133600,3.991491
1993-01-21,55.375038,55.375038,54.50,54.50,4277600,3.937308
1993-01-20,56.50,56.875038,56.00,56.00,1703200,4.045674
1993-01-19,56.624962,57.00,56.25,56.50,2134400,4.081796
1993-01-18,56.75,56.75,56.375038,56.624962,2005600,4.090824
1993-01-15,55.624962,57.00,55.624962,56.75,1779200,4.099857
1993-01-14,55.624962,55.75,55.25,55.50,1187200,4.009552
1993-01-13,56.00,56.00,55.375038,55.624962,1910400,4.018579
1993-01-12,57.124962,57.124962,56.25,56.375038,1228000,4.061931
1993-01-11,57.00,57.25,56.624962,57.124962,1303200,4.115965
1993-01-08,56.50,57.124962,56.375038,57.00,2525600,4.106961
1993-01-07,55.875038,57.624962,55.875038,56.50,3789600,4.070935
1993-01-06,54.75,55.75,54.75,55.75,3518400,4.016896
1993-01-05,54.375038,54.875038,54.124962,54.50,719200,3.926831
1993-01-04,53.875038,54.50,53.875038,54.375038,1392000,3.917828
1992-12-31,54.624962,54.624962,53.624962,53.624962,795200,3.863783
1992-12-30,54.375038,54.875038,54.124962,54.624962,1393600,3.935835
1992-12-29,53.75,55.124962,53.624962,54.375038,3119200,3.917828
1992-12-28,54.25,54.375038,53.624962,53.75,579200,3.872792
1992-12-24,54.375038,54.624962,54.124962,54.25,369600,3.908818
1992-12-23,54.25,54.75,54.25,54.375038,916000,3.917828
1992-12-22,54.50,54.75,54.00,54.25,1109600,3.908818
1992-12-21,54.50,54.75,54.25,54.50,1218400,3.926831
1992-12-18,53.624962,54.75,53.624962,54.50,2516000,3.926831
1992-12-17,52.875038,53.25,52.75,53.124962,1689600,3.827757
1992-12-16,53.25,53.25,52.624962,52.875038,1365600,3.80975
1992-12-15,52.875038,53.25,52.875038,53.25,1066400,3.836766
1992-12-14,53.25,53.25,52.875038,52.875038,820800,3.80975
1992-12-11,53.75,53.75,53.124962,53.25,709600,3.836766
1992-12-10,54.25,54.50,53.624962,53.875038,1092000,3.881802
1992-12-09,54.00,54.624962,53.875038,54.25,1228800,3.908818
1992-12-08,53.124962,54.25,53.124962,54.00,1481600,3.890805
1992-12-07,53.124962,53.375038,53.00,53.124962,1273600,3.827757
1992-12-04,53.124962,53.375038,52.75,53.124962,2655200,3.827757
1992-12-03,54.25,54.25,53.124962,53.124962,4324000,3.827757
1992-12-02,55.624962,55.624962,54.25,54.25,4752000,3.908818
1992-12-01,56.75,56.875038,56.375038,56.624962,2609600,4.079939
1992-11-30,54.50,56.75,54.50,56.75,3067200,4.088948
1992-11-27,53.875038,54.75,53.875038,54.25,926400,3.908818
1992-11-25,54.00,54.124962,53.875038,53.875038,1369600,3.881802
1992-11-24,53.124962,54.25,53.124962,54.00,1699200,3.890805
1992-11-23,53.50,53.50,53.124962,53.124962,977600,3.827757
1992-11-20,53.50,54.00,53.375038,53.624962,2460000,3.863783
1992-11-19,53.375038,53.875038,53.375038,53.50,3177600,3.854779
1992-11-18,53.00,53.375038,52.875038,53.25,1042400,3.836766
1992-11-17,52.875038,53.375038,52.624962,53.00,2204000,3.818753
1992-11-16,53.00,53.25,52.75,52.875038,1028000,3.80975
1992-11-13,53.75,53.875038,52.875038,53.00,1375200,3.818753
1992-11-12,53.50,53.875038,53.50,53.75,1019200,3.872792
1992-11-11,54.00,54.124962,53.25,53.375038,1520000,3.845776
1992-11-10,54.75,55.00,54.00,54.00,1386400,3.890805
1992-11-09,54.875038,55.25,54.624962,54.75,1700800,3.944844
1992-11-06,54.75,55.00,54.50,54.875038,2088800,3.953853
1992-11-05,53.875038,54.75,53.875038,54.75,2192800,3.944844
1992-11-04,53.875038,55.00,53.50,53.624962,5312800,3.863783
1992-11-03,52.875038,54.00,52.875038,53.875038,3844800,3.881802
1992-11-02,52.25,52.75,51.624962,52.75,2132000,3.80074
1992-10-30,51.875038,52.375038,51.875038,52.25,1512800,3.764714
1992-10-29,52.25,52.624962,50.75,51.875038,2895200,3.737698
1992-10-28,52.124962,52.624962,51.875038,52.25,2140000,3.764714
1992-10-27,52.00,52.375038,51.875038,52.124962,1755200,3.755705
1992-10-26,52.25,52.375038,51.50,52.00,3480000,3.746701
1992-10-23,52.875038,52.875038,50.75,52.25,5550400,3.764714
1992-10-22,52.875038,53.624962,52.875038,53.50,4927200,3.854779
1992-10-21,53.375038,53.375038,52.50,52.875038,1645600,3.80975
1992-10-20,52.875038,53.75,52.875038,53.375038,3823200,3.845776
1992-10-19,51.25,52.624962,50.75,52.624962,2480000,3.780923
1992-10-16,51.624962,51.624962,50.25,51.25,1792000,3.682137
1992-10-15,51.50,51.75,51.25,51.624962,4010400,3.709077
1992-10-14,51.124962,51.875038,51.124962,51.50,4087200,3.700099
1992-10-13,50.25,51.50,50.25,51.00,2341600,3.664175
1992-10-12,48.624962,49.624962,48.624962,49.624962,1544800,3.565384
1992-10-09,48.75,49.50,48.624962,48.624962,1720000,3.493537
1992-10-08,48.875038,49.375038,48.25,48.75,2714400,3.502521
1992-10-07,49.25,49.50,48.75,48.875038,1951200,3.511504
1992-10-06,49.124962,49.624962,48.875038,49.25,2371200,3.538444
1992-10-05,49.124962,49.124962,48.00,49.124962,4610400,3.52946
1992-10-02,51.375038,51.375038,49.124962,49.624962,4053600,3.565384
1992-10-01,52.00,52.00,51.124962,51.375038,1593600,3.691121
1992-09-30,52.124962,52.50,52.00,52.124962,1803200,3.745
1992-09-29,53.25,53.25,52.00,52.124962,1534400,3.745
1992-09-28,52.25,53.375038,52.25,53.375038,1293600,3.834814
1992-09-25,51.624962,52.624962,51.624962,52.00,2027200,3.736022
1992-09-24,51.124962,51.875038,51.124962,51.624962,1409600,3.709077
1992-09-23,51.50,51.50,50.375038,50.75,2249600,3.646214
1992-09-22,52.375038,52.375038,51.624962,51.75,1990400,3.71806
1992-09-21,52.375038,52.50,52.124962,52.375038,1228800,3.762967
1992-09-18,52.25,52.50,52.25,52.375038,3237600,3.762967
1992-09-17,51.875038,52.50,51.875038,52.25,3952000,3.753984
1992-09-16,52.25,52.375038,51.50,51.75,7686400,3.71806
1992-09-15,52.624962,52.624962,52.00,52.25,4439200,3.753984
1992-09-14,50.624962,53.50,50.624962,53.00,5737600,3.807868
1992-09-11,49.375038,49.624962,49.25,49.375038,1348000,3.547427
1992-09-10,48.375038,49.375038,48.375038,49.375038,2649600,3.547427
1992-09-09,47.75,48.25,47.75,48.25,1410400,3.466597
1992-09-08,49.25,49.25,47.624962,47.75,1564000,3.430674
1992-09-04,49.50,49.875038,49.124962,49.25,1610400,3.538444
1992-09-03,49.375038,50.50,49.375038,49.50,2102400,3.556405
1992-09-02,48.25,49.00,48.124962,48.875038,1800800,3.511504
1992-09-01,48.25,48.25,47.75,48.25,974400,3.466597
1992-08-31,48.375038,48.624962,48.00,48.25,1112800,3.466597
1992-08-28,48.25,48.50,48.25,48.375038,1503200,3.475581
1992-08-27,47.875038,48.375038,47.875038,48.25,2213600,3.466597
1992-08-26,46.624962,47.624962,46.624962,47.624962,2792000,3.42169
1992-08-25,46.875038,47.75,46.624962,46.624962,1940000,3.349844
1992-08-24,47.624962,47.624962,46.75,46.875038,1525600,3.367811
1992-08-21,47.75,48.624962,46.75,47.75,2312000,3.430674
1992-08-20,48.50,48.624962,47.75,47.75,2032800,3.430674
1992-08-19,48.624962,49.25,48.50,48.50,3185600,3.484559
1992-08-18,48.25,48.75,47.875038,48.624962,3749600,3.493537
1992-08-17,49.25,49.25,47.875038,48.25,6632000,3.466597
1992-08-14,50.00,50.124962,49.25,49.875038,3091200,3.583351
1992-08-13,50.124962,50.124962,49.624962,50.00,4679200,3.592329
1992-08-12,51.375038,51.375038,50.00,50.124962,3132800,3.601307
1992-08-11,52.375038,52.624962,51.624962,51.624962,1309600,3.709077
1992-08-10,52.624962,52.624962,52.25,52.375038,1263200,3.762967
1992-08-07,52.875038,52.875038,51.75,52.75,2784000,3.789907
1992-08-06,53.124962,53.124962,52.624962,52.875038,1005600,3.79889
1992-08-05,54.124962,54.25,53.50,53.624962,1131200,3.85277
1992-08-04,54.50,54.50,54.00,54.124962,835200,3.888693
1992-08-03,55.25,55.25,54.624962,54.75,1568800,3.9336
1992-07-31,55.375038,55.375038,55.00,55.25,946400,3.969523
1992-07-30,55.375038,55.375038,55.25,55.375038,1232000,3.978507
1992-07-29,55.00,56.00,55.00,55.375038,3088800,3.978507
1992-07-28,54.75,55.124962,54.124962,55.00,2249600,3.951562
1992-07-27,54.25,54.875038,54.25,54.75,1348000,3.9336
1992-07-24,52.50,54.00,52.50,54.00,1139200,3.879715
1992-07-23,52.50,53.00,52.25,52.50,1350400,3.771945
1992-07-22,53.375038,53.375038,52.50,52.50,1195200,3.771945
1992-07-21,53.624962,53.624962,53.124962,53.375038,2021600,3.834814
1992-07-20,53.875038,53.875038,53.50,53.75,2209600,3.861753
1992-07-17,55.75,55.75,54.375038,54.75,2575200,3.9336
1992-07-16,55.00,56.124962,54.375038,56.00,3320000,4.023408
1992-07-15,53.75,55.375038,53.75,55.00,2701600,3.951562
1992-07-14,53.50,53.624962,52.875038,53.624962,1841600,3.85277
1992-07-13,53.75,53.875038,53.124962,53.50,1297600,3.833015
1992-07-10,52.624962,53.875038,52.624962,53.75,2140000,3.850926
1992-07-09,50.624962,52.375038,50.624962,52.375038,2164800,3.752417
1992-07-08,50.624962,50.75,49.25,50.124962,2643200,3.59121
1992-07-07,51.375038,51.375038,50.50,50.624962,2881600,3.627032
1992-07-06,52.00,52.124962,51.25,51.375038,3644800,3.680771
1992-07-02,52.624962,52.875038,51.624962,52.00,3923200,3.725547
1992-07-01,53.75,53.875038,51.375038,52.624962,5095200,3.770322
1992-06-30,52.875038,53.75,52.75,53.75,2325600,3.850926
1992-06-29,52.00,53.00,52.00,52.875038,2652000,3.788239
1992-06-26,52.00,52.375038,50.50,51.375038,3681600,3.680771
1992-06-25,53.624962,54.124962,51.875038,52.00,3388800,3.725547
1992-06-24,53.75,54.25,53.624962,53.624962,1571200,3.841968
1992-06-23,53.624962,54.875038,53.624962,53.75,2250400,3.850926
1992-06-22,54.375038,54.375038,52.875038,53.25,2351200,3.815103
1992-06-19,54.25,55.00,54.00,54.50,1630400,3.90466
1992-06-18,53.624962,54.25,52.75,54.25,4136000,3.886748
1992-06-17,56.25,56.25,53.50,53.624962,2566400,3.841968
1992-06-16,56.624962,56.624962,56.25,56.25,2284000,4.030039
1992-06-15,56.624962,56.75,56.124962,56.624962,2488800,4.056903
1992-06-12,56.75,57.375038,56.124962,56.624962,6044800,4.056903
1992-06-11,58.75,58.75,56.25,56.75,3339200,4.065861
1992-06-10,59.25,59.25,58.50,58.75,1838400,4.209152
1992-06-09,59.624962,60.50,59.25,59.624962,2260800,4.271838
1992-06-08,59.624962,59.624962,58.875038,59.624962,2332000,4.271838
1992-06-05,60.875038,60.875038,59.375038,59.75,3882400,4.280797
1992-06-04,61.624962,61.75,61.00,61.00,1196000,4.370353
1992-06-03,61.75,62.124962,61.624962,61.624962,2997600,4.415129
1992-06-02,61.375038,61.875038,61.375038,61.75,2960800,4.424087
1992-06-01,60.375038,61.375038,60.25,61.25,2948800,4.388264
1992-05-29,59.624962,60.75,59.25,60.375038,3823200,4.325578
1992-05-28,59.624962,60.624962,59.375038,59.624962,3897600,4.271838
1992-05-27,59.50,60.00,59.00,59.624962,2085600,4.271838
1992-05-26,58.624962,59.75,58.624962,59.50,2611200,4.262885
1992-05-22,59.25,59.25,58.25,58.624962,2259200,4.200193
1992-05-21,57.875038,59.375038,57.75,59.375038,4482400,4.253933
1992-05-20,56.875038,57.875038,56.875038,57.875038,2699200,4.146465
1992-05-19,56.25,57.124962,56.25,56.875038,3346400,4.07482
1992-05-18,55.75,56.25,55.75,56.00,1538400,4.012127
1992-05-15,56.00,56.00,55.25,55.50,3433600,3.976305
1992-05-14,56.375038,56.875038,56.124962,56.50,2807200,4.04795
1992-05-13,56.875038,56.875038,56.25,56.375038,1644800,4.038997
1992-05-12,57.375038,57.624962,56.875038,57.00,2802400,4.083773
1992-05-11,55.875038,57.875038,55.875038,57.375038,3412000,4.110642
1992-05-08,55.624962,56.25,55.00,55.50,995200,3.976305
1992-05-07,56.00,56.50,55.624962,55.624962,2048000,3.985258
1992-05-06,54.375038,56.25,54.375038,56.00,3553600,4.012127
1992-05-05,55.875038,55.875038,53.50,53.50,2470400,3.833015
1992-05-04,55.25,56.124962,55.124962,56.124962,1932800,4.02108
1992-05-01,56.124962,56.124962,55.25,55.25,2020800,3.958394
1992-04-30,56.00,56.25,55.25,56.124962,2114400,4.02108
1992-04-29,55.75,56.124962,55.624962,56.00,1784800,4.012127
1992-04-28,55.624962,56.124962,55.124962,55.75,2409600,3.994216
1992-04-27,56.00,56.00,55.124962,55.624962,2159200,3.985258
1992-04-24,56.75,57.25,56.124962,56.624962,1869600,4.056903
1992-04-23,56.75,57.124962,55.875038,56.75,4673600,4.065861
1992-04-22,54.75,57.25,54.375038,56.75,8363200,4.065861
1992-04-21,55.50,55.50,54.50,54.75,5128000,3.922571
1992-04-20,54.00,56.124962,54.00,56.00,4534400,4.012127
1992-04-16,53.875038,54.00,53.00,53.50,3704000,3.833015
1992-04-15,51.624962,54.00,51.624962,53.875038,10740800,3.859884
1992-04-14,49.25,49.75,48.624962,49.50,1705600,3.546434
1992-04-13,48.624962,49.375038,48.50,49.25,898400,3.528523
1992-04-10,48.25,48.624962,48.25,48.624962,2380800,3.472995
1992-04-09,48.00,48.124962,47.624962,48.00,2015200,3.428358
1992-04-08,49.25,49.25,47.124962,48.00,2242400,3.428358
1992-04-07,50.00,50.25,49.124962,49.375038,2319200,3.526569
1992-04-06,50.124962,50.624962,49.375038,50.00,3516800,3.571206
1992-04-03,49.25,50.124962,48.25,50.124962,2826400,3.580131
1992-04-02,49.375038,49.375038,48.124962,49.25,3516800,3.517638
1992-04-01,49.75,49.75,48.75,49.375038,2507200,3.526569
1992-03-31,50.375038,50.50,50.00,50.00,2166400,3.571206
1992-03-30,50.00,50.375038,50.00,50.375038,1681600,3.597993
1992-03-27,50.375038,50.375038,49.875038,50.00,1276800,3.571206
1992-03-26,50.00,50.75,50.00,50.75,1640800,3.624774
1992-03-25,49.124962,50.375038,49.124962,50.00,2431200,3.571206
1992-03-24,49.50,49.624962,49.124962,49.124962,1316000,3.508707
1992-03-23,49.50,49.50,49.124962,49.50,648000,3.535494
1992-03-20,49.624962,49.875038,49.124962,49.75,1576000,3.55335
1992-03-19,49.624962,50.25,49.375038,49.624962,1937600,3.544419
1992-03-18,48.124962,50.124962,47.75,49.624962,1888800,3.544419
1992-03-17,48.624962,48.624962,48.124962,48.124962,1577600,3.437283
1992-03-16,49.00,49.124962,48.624962,48.624962,904000,3.472995
1992-03-13,47.624962,49.00,47.624962,49.00,873600,3.499782
1992-03-12,47.75,47.875038,47.124962,47.50,2271200,3.392646
1992-03-11,48.25,48.875038,47.00,47.75,3056800,3.410502
1992-03-10,49.124962,49.375038,48.124962,48.25,3696800,3.446214
1992-03-09,49.25,49.25,48.75,49.124962,1922400,3.508707
1992-03-06,49.75,49.75,49.25,49.50,1332800,3.535494
1992-03-05,50.75,50.75,49.75,49.875038,2128800,3.562281
1992-03-04,50.624962,51.375038,50.624962,51.00,2194400,3.64263
1992-03-03,50.875038,51.875038,50.25,50.50,3111200,3.606918
1992-03-02,49.25,50.875038,49.25,50.875038,1295200,3.633705
1992-02-28,49.124962,49.875038,48.624962,48.875038,1676000,3.490857
1992-02-27,50.375038,50.375038,49.124962,49.124962,1726400,3.508707
1992-02-26,50.00,50.50,49.75,50.375038,2352800,3.597993
1992-02-25,51.25,51.25,49.624962,50.00,3027200,3.571206
1992-02-24,50.75,51.75,50.75,51.50,1348800,3.678342
1992-02-21,52.00,52.00,50.375038,50.75,3500800,3.624774
1992-02-20,52.50,52.50,51.624962,52.25,4834400,3.73191
1992-02-19,51.25,52.75,51.124962,52.624962,2980800,3.758692
1992-02-18,50.624962,51.50,50.124962,51.25,3243200,3.660486
1992-02-14,50.124962,50.875038,49.875038,50.624962,1676800,3.615843
1992-02-13,50.75,51.124962,49.875038,50.124962,3148800,3.580131
1992-02-12,49.25,51.25,49.124962,50.75,4196800,3.624774
1992-02-11,49.875038,49.875038,49.124962,49.25,3962400,3.517638
1992-02-10,47.75,49.875038,47.75,49.875038,2770400,3.562281
1992-02-07,49.00,49.00,47.50,47.50,3476800,3.392646
1992-02-06,48.50,49.00,48.50,49.00,3984000,3.499782
1992-02-05,47.75,48.375038,47.124962,48.124962,4106400,3.437283
1992-02-04,47.00,47.75,47.00,47.75,3292800,3.410502
1992-02-03,46.75,47.375038,46.624962,46.75,2548800,3.339078
1992-01-31,46.75,46.75,46.25,46.75,1660800,3.339078
1992-01-30,46.375038,46.75,46.25,46.75,1379200,3.339078
1992-01-29,46.624962,46.624962,46.25,46.375038,3416000,3.312296
1992-01-28,47.50,47.50,46.50,46.75,2193600,3.339078
1992-01-27,46.875038,47.50,46.875038,47.50,1634400,3.392646
1992-01-24,46.875038,47.124962,46.624962,46.75,1332800,3.339078
1992-01-23,46.875038,47.124962,46.25,46.875038,2755200,3.348008
1992-01-22,46.75,47.124962,45.75,46.875038,3180000,3.348008
1992-01-21,47.624962,47.624962,45.875038,46.75,5636000,3.339078
1992-01-20,47.50,48.375038,46.75,48.25,4936000,3.446214
1992-01-17,47.124962,47.624962,47.00,47.50,4531200,3.392646
1992-01-16,45.124962,47.75,45.00,47.124962,6253600,3.365859
1992-01-15,43.124962,45.375038,43.124962,45.124962,4092000,3.223011
1992-01-14,41.75,42.624962,41.25,42.624962,2720800,3.04445
1992-01-13,43.00,43.00,41.75,41.75,2840000,2.971243
1992-01-10,43.624962,43.624962,43.00,43.124962,1891200,3.069096
1992-01-09,43.624962,43.875038,43.375038,43.624962,1564000,3.10468
1992-01-08,43.875038,44.00,43.624962,43.624962,2921600,3.10468
1992-01-07,43.624962,44.00,43.375038,43.875038,1440800,3.122477
1992-01-06,43.50,44.875038,43.50,43.624962,1587200,3.10468
1992-01-03,43.624962,44.50,43.375038,43.50,2748800,3.095787
1992-01-02,43.875038,44.50,42.875038,43.624962,1799200,3.10468
1991-12-31,42.75,44.00,42.375038,43.875038,1780000,3.122477
1991-12-30,42.50,42.875038,41.75,42.75,2600800,3.042411
1991-12-27,43.375038,44.00,42.25,42.50,1420000,3.024619
1991-12-26,42.00,43.50,41.75,43.375038,1235200,3.086893
1991-12-24,41.50,42.375038,41.50,42.00,1563200,2.989035
1991-12-23,39.375038,41.624962,39.375038,41.50,2787200,2.953452
1991-12-20,39.00,39.875038,38.875038,39.124962,3393600,2.784426
1991-12-19,39.50,39.50,38.75,39.00,2758400,2.775533
1991-12-18,40.00,40.124962,39.50,39.50,3279200,2.811116
1991-12-17,40.50,40.624962,39.75,40.00,2032800,2.8467
1991-12-16,40.50,40.624962,40.375038,40.50,2579200,2.882284
1991-12-13,40.375038,41.00,40.375038,40.50,3277600,2.882284
1991-12-12,39.25,40.50,39.25,40.375038,3432800,2.873391
1991-12-11,39.375038,39.75,38.50,39.00,6771200,2.775533
1991-12-10,39.624962,39.875038,39.375038,39.375038,2887200,2.802223
1991-12-09,39.75,40.00,39.50,39.624962,1640000,2.82001
1991-12-06,41.124962,41.75,39.75,39.75,3472800,2.828908
1991-12-05,41.875038,42.00,41.00,41.124962,693600,2.926761
1991-12-04,42.00,42.50,41.50,41.875038,1596800,2.980142
1991-12-03,43.375038,43.75,41.25,42.00,2316800,2.989035
1991-12-02,41.25,43.624962,41.124962,43.375038,2951200,3.086893
1991-11-29,40.25,41.75,40.25,41.25,1904800,2.93566
1991-11-27,39.124962,40.124962,39.124962,39.875038,2950400,2.837807
1991-11-26,39.75,40.375038,37.624962,39.00,5288000,2.775533
1991-11-25,40.624962,40.624962,39.25,39.75,4100800,2.828908
1991-11-22,41.375038,41.375038,40.624962,40.75,2825600,2.900076
1991-11-21,41.875038,41.875038,41.124962,41.375038,3529600,2.944558
1991-11-20,42.624962,43.00,41.75,41.875038,2501600,2.980142
1991-11-19,43.00,43.00,41.124962,42.624962,4388800,3.033512
1991-11-18,44.124962,44.375038,43.124962,43.25,2736800,3.077995
1991-11-15,44.875038,45.25,44.00,44.124962,3069600,3.140263
1991-11-14,45.25,45.25,44.00,44.875038,9000800,3.193645
1991-11-13,48.00,48.00,47.375038,48.00,772000,3.41604
1991-11-12,48.00,48.375038,47.624962,48.00,1235200,3.41604
1991-11-11,48.25,48.25,47.875038,48.00,343200,3.41604
1991-11-08,48.50,48.875038,48.124962,48.375038,991200,3.442731
1991-11-07,48.25,48.50,48.25,48.50,1279200,3.451624
1991-11-06,48.25,48.375038,48.00,48.124962,1494400,3.424934
1991-11-05,48.50,48.50,48.00,48.25,1502400,3.433832
1991-11-04,47.25,48.50,46.50,48.50,1673600,3.451624
1991-11-01,48.00,48.50,47.124962,47.25,1553600,3.362665
1991-10-31,47.75,48.50,47.624962,48.00,1548800,3.41604
1991-10-30,47.624962,47.75,47.25,47.75,1407200,3.398248
1991-10-29,48.00,48.375038,47.50,47.624962,2249600,3.38935
1991-10-28,47.75,48.375038,47.75,48.00,2171200,3.41604
1991-10-25,48.00,48.25,47.00,47.50,1544000,3.380457
1991-10-24,48.75,48.875038,47.375038,48.00,2189600,3.41604
1991-10-23,49.00,49.25,48.25,48.75,2052800,3.469416
1991-10-22,48.875038,49.375038,48.375038,49.00,2635200,3.487208
1991-10-21,48.624962,49.124962,48.50,48.875038,5408800,3.478315
1991-10-18,47.50,48.624962,46.624962,48.624962,4621600,3.460517
1991-10-17,46.124962,47.50,45.75,47.50,3046400,3.380457
1991-10-16,45.124962,46.124962,44.25,46.124962,2361600,3.282599
1991-10-15,45.375038,45.50,44.875038,45.124962,2484000,3.211431
1991-10-14,45.00,45.375038,45.00,45.375038,1556000,3.207878
1991-10-11,45.124962,45.624962,44.624962,44.875038,3491200,3.17253
1991-10-10,45.00,45.25,44.75,45.124962,1368000,3.190199
1991-10-09,46.124962,46.25,45.00,45.00,1752800,3.181364
1991-10-08,45.375038,46.124962,45.375038,46.124962,2148000,3.260895
1991-10-07,44.75,45.25,44.75,45.25,1756000,3.199038
1991-10-04,44.50,44.75,44.50,44.50,1088000,3.146016
1991-10-03,44.50,44.624962,44.375038,44.50,1251200,3.146016
1991-10-02,44.375038,44.75,44.375038,44.50,1736800,3.146016
1991-10-01,44.624962,44.624962,44.124962,44.25,2029600,3.128341
1991-09-30,44.875038,45.00,44.624962,44.624962,1120000,3.15485
1991-09-27,44.50,44.875038,44.25,44.875038,1694400,3.17253
1991-09-26,45.75,45.75,44.50,44.50,1831200,3.146016
1991-09-25,45.624962,45.875038,45.375038,45.75,1727200,3.234387
1991-09-24,45.25,46.124962,45.25,45.624962,1799200,3.225547
1991-09-23,45.75,45.75,45.25,45.25,1362400,3.199038
1991-09-20,45.75,46.25,45.25,45.75,2697600,3.234387
1991-09-19,45.875038,46.25,45.75,45.75,1322400,3.234387
1991-09-18,45.75,45.875038,45.624962,45.875038,564000,3.243227
1991-09-17,46.00,46.00,45.624962,45.75,1225600,3.234387
1991-09-16,45.25,46.375038,45.25,46.00,2196800,3.252061
1991-09-13,45.875038,45.875038,44.875038,45.25,3304800,3.199038
1991-09-12,46.124962,46.624962,46.00,46.00,1261600,3.252061
1991-09-11,46.25,46.624962,45.875038,46.124962,1285600,3.260895
1991-09-10,46.50,46.875038,46.124962,46.25,1105600,3.269735
1991-09-09,46.75,47.00,46.124962,46.50,888000,3.28741
1991-09-06,46.624962,47.25,46.50,46.75,1650400,3.305084
1991-09-05,46.50,47.00,46.50,46.624962,908000,3.296244
1991-09-04,46.875038,46.875038,46.50,46.50,1552800,3.28741
1991-09-03,47.50,47.50,47.00,47.124962,1626400,3.331592
1991-08-30,47.624962,47.75,47.124962,47.50,1347200,3.358107
1991-08-29,48.00,48.124962,47.375038,47.624962,1780800,3.366941
1991-08-28,47.50,48.124962,47.00,48.00,1054400,3.393455
1991-08-27,47.75,47.75,46.75,47.50,2436800,3.358107
1991-08-26,48.124962,48.124962,47.624962,47.75,773600,3.375781
1991-08-23,47.124962,48.75,46.875038,48.25,3708000,3.411129
1991-08-22,46.875038,47.50,46.75,47.124962,1844000,3.331592
1991-08-21,46.25,47.00,46.25,46.875038,2895200,3.313924
1991-08-20,45.375038,45.875038,45.25,45.624962,3253600,3.225547
1991-08-19,46.375038,46.375038,44.50,45.375038,2612800,3.207878
1991-08-16,47.375038,47.624962,46.375038,46.875038,4667200,3.313924
1991-08-15,47.75,48.00,47.375038,47.375038,1330400,3.349272
1991-08-14,47.875038,48.25,47.624962,47.75,1618400,3.375781
1991-08-13,48.624962,48.624962,47.75,47.875038,1916000,3.384621
1991-08-12,48.75,48.75,48.375038,48.624962,703200,3.437638
1991-08-09,49.375038,49.875038,48.75,48.875038,1754400,3.455318
1991-08-08,49.00,50.00,48.875038,49.375038,1551200,3.490666
1991-08-07,49.00,49.50,48.875038,49.00,1081600,3.464152
1991-08-06,48.75,49.25,48.624962,49.00,2101600,3.464152
1991-08-05,49.624962,49.624962,48.75,48.75,1771200,3.446478
1991-08-02,49.50,50.00,49.50,49.624962,1515200,3.508335
1991-08-01,49.124962,49.375038,48.875038,49.375038,1577600,3.490666
1991-07-31,49.624962,49.624962,48.75,49.124962,1496800,3.472986
1991-07-30,49.624962,50.375038,49.624962,49.624962,2344000,3.508335
1991-07-29,48.75,49.375038,48.25,49.25,1148000,3.481826
1991-07-26,49.50,49.75,48.624962,48.75,658400,3.446478
1991-07-25,48.624962,49.624962,47.875038,49.50,1886400,3.4995
1991-07-24,49.50,49.75,48.624962,48.624962,2325600,3.437638
1991-07-23,50.00,50.375038,49.50,49.50,1132800,3.4995
1991-07-22,49.25,50.25,49.00,50.00,2231200,3.534849
1991-07-19,49.00,49.50,49.00,49.25,1947200,3.481826
1991-07-18,47.875038,48.875038,47.875038,48.375038,1436000,3.419969
1991-07-17,47.624962,48.25,47.50,47.75,1062400,3.375781
1991-07-16,48.624962,48.75,47.624962,47.624962,1289600,3.366941
1991-07-15,48.00,48.75,48.00,48.624962,823200,3.416429
1991-07-12,47.25,48.25,47.124962,48.00,981600,3.372518
1991-07-11,47.25,47.875038,47.25,47.25,1409600,3.319823
1991-07-10,47.124962,48.25,47.124962,47.25,2309600,3.319823
1991-07-09,47.75,47.75,47.124962,47.124962,1787200,3.311038
1991-07-08,48.375038,48.375038,47.624962,47.75,2148000,3.354953
1991-07-05,48.75,48.75,48.375038,48.50,1010400,3.407649
1991-07-03,49.375038,49.375038,48.375038,48.75,1220800,3.425214
1991-07-02,49.75,49.75,49.00,49.75,1833600,3.495475
1991-07-01,49.375038,49.75,48.25,49.75,1912800,3.495475
1991-06-28,50.124962,50.124962,49.00,49.375038,1248800,3.46913
1991-06-27,50.00,50.50,49.624962,50.50,998400,3.54817
1991-06-26,48.875038,50.00,48.875038,50.00,1304000,3.51304
1991-06-25,48.75,49.25,48.75,48.875038,1113600,3.433999
1991-06-24,49.75,49.75,48.624962,48.624962,1020000,3.416429
1991-06-21,49.375038,50.00,49.375038,50.00,2070400,3.51304
1991-06-20,49.375038,49.375038,48.875038,49.25,1385600,3.460344
1991-06-19,50.124962,50.124962,49.375038,49.50,1592800,3.47791
1991-06-18,51.624962,51.75,50.875038,50.875038,1295200,3.574521
1991-06-17,51.875038,51.875038,51.375038,51.624962,639200,3.627211
1991-06-14,51.624962,51.875038,51.624962,51.875038,743200,3.644782
1991-06-13,51.75,51.75,51.25,51.375038,1194400,3.609651
1991-06-12,52.50,52.50,51.375038,51.75,2360800,3.635996
1991-06-11,52.25,52.875038,52.25,52.50,2225600,3.688692
1991-06-10,52.00,52.25,52.00,52.124962,1092000,3.662342
1991-06-07,51.624962,52.375038,51.25,51.875038,1560000,3.644782
1991-06-06,51.875038,51.875038,51.375038,51.624962,2290400,3.627211
1991-06-05,52.50,52.50,51.624962,51.875038,2163200,3.644782
1991-06-04,53.375038,53.375038,52.624962,52.875038,3937600,3.715043
1991-06-03,51.75,53.75,51.624962,53.50,4033600,3.758953
1991-05-31,49.624962,51.75,49.624962,51.75,5884800,3.635996
1991-05-30,47.75,49.75,47.75,49.124962,4867200,3.451559
1991-05-29,47.624962,48.25,47.124962,47.624962,3298400,3.346168
1991-05-28,46.25,47.624962,46.25,47.624962,4444800,3.346168
1991-05-24,46.375038,46.50,46.124962,46.25,2568800,3.249562
1991-05-23,46.875038,47.124962,45.75,46.375038,4782400,3.258347
1991-05-22,48.124962,48.124962,46.75,46.875038,3570400,3.293478
1991-05-21,49.25,49.25,47.875038,48.124962,3941600,3.381298
1991-05-20,50.00,50.25,49.375038,49.50,1069600,3.47791
1991-05-17,50.00,50.375038,49.50,50.00,1694400,3.51304
1991-05-16,49.75,50.00,49.375038,50.00,1835200,3.51304
1991-05-15,50.624962,50.624962,49.375038,49.75,1932000,3.495475
1991-05-14,51.124962,51.124962,50.25,50.624962,1693600,3.55695
1991-05-13,51.875038,51.875038,51.124962,51.375038,1440800,3.609651
1991-05-10,52.25,52.50,51.124962,51.875038,2012000,3.644782
1991-05-09,51.50,52.375038,51.375038,52.25,2522400,3.671127
1991-05-08,50.75,51.50,50.624962,51.50,2764000,3.618431
1991-05-07,50.124962,50.75,50.124962,50.75,3559200,3.565736
1991-05-06,50.25,50.50,49.375038,49.75,2314400,3.495475
1991-05-03,50.00,51.124962,50.00,50.25,3572000,3.530605
1991-05-02,48.875038,49.875038,48.875038,49.375038,1527200,3.46913
1991-05-01,47.875038,48.75,47.875038,48.75,1036800,3.425214
1991-04-30,47.375038,48.00,47.124962,47.624962,2476000,3.346168
1991-04-29,47.50,48.50,47.375038,47.375038,1160800,3.328608
1991-04-26,47.75,47.75,47.00,47.50,833600,3.337388
1991-04-25,48.00,48.00,47.25,47.75,1717600,3.354953
1991-04-24,48.624962,48.624962,47.50,48.25,1737600,3.390084
1991-04-23,49.00,49.50,48.375038,48.75,2043200,3.425214
1991-04-22,49.50,49.875038,48.624962,49.00,2327200,3.442779
1991-04-19,50.25,50.25,49.50,49.50,1024800,3.47791
1991-04-18,49.50,51.124962,49.50,50.50,3737600,3.54817
1991-04-17,49.624962,49.875038,49.25,49.50,2335200,3.47791
1991-04-16,46.875038,49.624962,46.75,49.624962,2488800,3.48669
1991-04-15,46.875038,46.875038,46.50,46.875038,1435200,3.2724
1991-04-12,47.25,47.75,46.25,46.875038,1960800,3.2724
1991-04-11,46.875038,47.50,46.875038,47.25,2009600,3.298576
1991-04-10,47.50,47.875038,46.375038,46.875038,2554400,3.2724
1991-04-09,48.00,48.00,47.50,47.50,1406400,3.316029
1991-04-08,47.50,48.124962,47.50,48.124962,1205600,3.359658
1991-04-05,48.75,48.875038,47.50,47.50,2349600,3.316029
1991-04-04,48.75,49.50,48.75,48.75,2211200,3.403293
1991-04-03,48.00,49.50,48.00,48.50,3258400,3.38584
1991-04-02,47.624962,48.375038,47.624962,48.00,1878400,3.350935
1991-04-01,47.875038,47.875038,47.50,47.50,1438400,3.316029
1991-03-28,48.624962,49.875038,47.624962,47.875038,1659200,3.342211
1991-03-27,48.875038,49.50,48.50,48.624962,2304000,3.394564
1991-03-26,49.00,49.00,48.50,48.875038,3200800,3.412022
1991-03-25,48.25,49.124962,48.124962,49.00,2093600,3.420746
1991-03-22,49.375038,49.375038,47.875038,48.25,3663200,3.368387
1991-03-21,50.124962,50.375038,49.25,49.375038,2351200,3.446927
1991-03-20,50.375038,50.50,49.25,50.124962,3277600,3.499281
1991-03-19,51.375038,51.375038,50.124962,50.375038,4192800,3.516739
1991-03-18,53.25,53.25,51.75,52.124962,2060000,3.638903
1991-03-15,54.75,54.75,52.50,53.375038,6928000,3.726172
1991-03-14,54.875038,55.50,54.624962,54.75,2828000,3.82216
1991-03-13,54.50,55.124962,54.25,54.875038,1520000,3.830889
1991-03-12,55.50,55.875038,54.50,54.50,2921600,3.804707
1991-03-11,54.75,55.50,54.25,55.50,2101600,3.874518
1991-03-08,54.75,55.875038,54.75,54.75,1890400,3.82216
1991-03-07,54.875038,55.25,54.50,54.75,3812800,3.82216
1991-03-06,56.624962,57.624962,54.875038,54.875038,8100000,3.830889
1991-03-05,56.00,57.375038,56.00,56.624962,5410400,3.953053
1991-03-04,55.25,57.00,55.25,55.50,6124800,3.874518
1991-03-01,54.624962,55.124962,53.624962,55.00,3834400,3.839612
1991-02-28,53.624962,55.875038,53.624962,54.624962,8106400,3.813431
1991-02-27,50.375038,54.875038,50.375038,53.50,10696000,3.734896
1991-02-26,50.624962,50.624962,50.124962,50.25,1956800,3.50801
1991-02-25,50.00,50.875038,50.00,50.624962,3442400,3.534186
1991-02-22,49.75,49.875038,48.875038,49.624962,4204800,3.464375
1991-02-21,50.624962,51.25,48.75,49.75,4526400,3.473104
1991-02-20,51.00,51.00,50.00,50.624962,4236800,3.534186
1991-02-19,51.375038,52.124962,51.375038,51.75,2751200,3.612726
1991-02-15,50.75,51.25,50.25,51.124962,2853600,3.569092
1991-02-14,50.375038,51.124962,50.375038,50.75,3534400,3.542915
1991-02-13,49.875038,50.624962,49.75,50.375038,1629600,3.516739
1991-02-12,48.875038,50.00,48.124962,49.875038,6367200,3.481833
1991-02-11,47.875038,49.00,47.75,48.875038,5071200,3.412022
1991-02-08,48.50,48.624962,47.375038,47.875038,2381600,3.342211
1991-02-07,49.875038,50.00,48.25,48.50,3143200,3.38584
1991-02-06,50.875038,50.875038,49.75,49.875038,2236000,3.481833
1991-02-05,50.50,51.00,50.50,50.875038,3164000,3.551644
1991-02-04,49.375038,50.25,49.124962,50.124962,1664000,3.499281
1991-02-01,49.75,50.50,48.875038,49.375038,2251200,3.446927
1991-01-31,49.75,50.124962,49.624962,49.75,3290400,3.473104
1991-01-30,49.00,50.50,49.00,49.75,3854400,3.473104
1991-01-29,48.00,49.00,47.875038,49.00,2611200,3.420746
1991-01-28,46.75,48.00,46.624962,48.00,3550400,3.350935
1991-01-25,46.50,47.875038,46.50,46.75,2651200,3.263671
1991-01-24,44.75,46.875038,44.75,46.25,3887200,3.228765
1991-01-23,42.875038,44.00,42.624962,43.875038,2043200,3.062966
1991-01-22,43.375038,43.375038,42.75,42.875038,2828800,2.993155
1991-01-21,44.50,44.50,44.124962,44.50,591200,3.106596
1991-01-18,45.624962,45.75,44.00,44.50,3467200,3.106596
1991-01-17,44.50,45.624962,44.50,45.624962,3179200,3.18513
1991-01-16,44.875038,44.875038,43.25,43.624962,6082400,3.045508
1991-01-15,45.875038,46.00,45.25,45.875038,1581600,3.202589
1991-01-14,46.00,46.25,45.50,45.875038,1252800,3.181645
1991-01-11,45.50,46.25,45.375038,46.00,1012800,3.190312
1991-01-10,44.75,45.50,44.624962,45.50,1009600,3.155634
1991-01-09,45.375038,46.25,44.124962,44.75,2950400,3.103618
1991-01-08,44.50,45.50,44.375038,45.375038,1609600,3.146968
1991-01-07,44.75,44.75,44.124962,44.50,1822400,3.08628
1991-01-04,45.75,45.75,44.875038,45.124962,990400,3.129624
1991-01-03,46.624962,46.624962,45.875038,45.875038,1003200,3.181645
1991-01-02,47.00,47.124962,46.624962,46.624962,1411200,3.233656
1990-12-31,46.624962,47.00,45.75,47.00,1917600,3.259666
1990-12-28,46.50,47.00,46.50,46.624962,1098400,3.233656
1990-12-27,46.50,47.00,46.50,46.50,1064800,3.224989
1990-12-26,46.624962,46.75,46.375038,46.50,1209600,3.224989
1990-12-24,46.875038,46.875038,46.50,46.624962,821600,3.233656
1990-12-21,48.124962,48.25,47.00,47.124962,2540000,3.268333
1990-12-20,46.875038,48.25,45.75,48.124962,2395200,3.337688
1990-12-19,46.00,47.375038,46.00,46.875038,2508000,3.251
1990-12-18,44.624962,46.50,44.25,45.875038,2716800,3.181645
1990-12-17,45.124962,45.124962,44.375038,44.624962,955200,3.094946
1990-12-14,45.75,45.75,44.624962,45.124962,1204800,3.129624
1990-12-13,46.124962,46.124962,45.375038,45.75,1659200,3.172973
1990-12-12,45.124962,46.50,45.00,46.25,1384000,3.20765
1990-12-11,45.624962,45.624962,44.875038,45.124962,768000,3.129624
1990-12-10,45.25,46.25,45.25,45.875038,1817600,3.181645
1990-12-07,44.624962,45.624962,44.624962,45.124962,2260800,3.129624
1990-12-06,44.25,45.875038,44.25,44.624962,2690400,3.094946
1990-12-05,42.875038,44.00,42.25,44.00,1208800,3.051602
1990-12-04,42.50,43.00,41.50,42.875038,1881600,2.973581
1990-12-03,41.75,42.75,41.75,42.50,3143200,2.947571
1990-11-30,40.00,41.375038,40.00,41.124962,2613600,2.852205
1990-11-29,40.375038,40.375038,39.75,40.00,1948800,2.774184
1990-11-28,40.624962,41.00,40.375038,40.375038,2092000,2.800195
1990-11-27,40.25,40.875038,40.25,40.624962,3588000,2.817528
1990-11-26,39.375038,40.124962,39.375038,40.124962,4036000,2.782851
1990-11-23,41.00,41.00,39.25,39.375038,4577600,2.73084
1990-11-21,43.00,43.124962,42.00,42.375038,2436000,2.938904
1990-11-20,43.624962,44.00,42.25,43.00,3161600,2.982248
1990-11-19,43.124962,43.875038,43.124962,43.624962,2272000,3.025592
1990-11-16,43.124962,43.50,42.624962,43.00,739200,2.982248
1990-11-15,43.50,43.50,42.75,43.124962,1067200,2.990915
1990-11-14,43.124962,43.75,42.875038,43.624962,1023200,3.025592
1990-11-13,43.25,43.50,42.624962,43.124962,2504800,2.990915
1990-11-12,41.25,43.375038,41.25,43.25,2640000,2.999587
1990-11-09,39.75,41.25,39.624962,41.124962,2678400,2.852205
1990-11-08,39.875038,40.50,39.25,39.75,1528000,2.756845
1990-11-07,40.50,40.875038,39.75,39.875038,3255200,2.765517
1990-11-06,40.50,41.25,40.25,40.50,1444000,2.808861
1990-11-05,41.375038,41.375038,40.25,40.50,2248000,2.808861
1990-11-02,40.124962,41.50,39.875038,41.375038,2397600,2.869549
1990-11-01,40.375038,40.375038,39.624962,40.124962,2487200,2.782851
1990-10-31,40.25,41.00,40.25,40.75,1234400,2.8262
1990-10-30,40.00,40.375038,39.50,40.25,913600,2.791523
1990-10-29,40.375038,40.75,40.00,40.00,1860800,2.774184
1990-10-26,41.624962,41.624962,40.25,40.375038,847200,2.800195
1990-10-25,42.50,42.50,41.75,42.00,978400,2.912893
1990-10-24,43.25,43.25,42.50,42.624962,1229600,2.956237
1990-10-23,42.624962,43.875038,42.50,43.25,2084000,2.999587
1990-10-22,42.25,42.624962,41.75,42.624962,1761600,2.956237
1990-10-19,40.75,42.375038,40.75,42.25,2676800,2.930232
1990-10-18,39.624962,40.75,39.624962,40.375038,2463200,2.800195
1990-10-17,38.75,38.875038,38.25,38.50,3465600,2.670152
1990-10-16,39.124962,39.124962,38.124962,38.75,2320800,2.687491
1990-10-15,39.624962,40.75,39.50,39.875038,1926400,2.744711
1990-10-12,39.124962,40.00,39.00,39.624962,1552000,2.727498
1990-10-11,39.00,39.75,38.25,39.124962,2772000,2.693081
1990-10-10,39.375038,39.375038,38.75,39.00,4448800,2.68448
1990-10-09,41.875038,41.875038,39.75,39.75,4763200,2.736104
1990-10-08,42.25,42.75,41.875038,42.00,969600,2.890978
1990-10-05,42.50,42.50,41.875038,42.25,2625600,2.908186
1990-10-04,44.00,44.00,43.124962,43.124962,4704000,2.968413
1990-10-03,43.375038,44.00,43.25,44.00,2629600,3.028644
1990-10-02,43.00,44.25,43.00,43.375038,2320000,2.985626
1990-10-01,42.25,43.375038,42.124962,42.75,1793600,2.942603
1990-09-28,41.624962,42.50,40.875038,42.25,2783200,2.908186
1990-09-27,41.624962,42.124962,41.124962,41.624962,1731200,2.865163
1990-09-26,42.00,42.00,41.25,41.624962,1736000,2.865163
1990-09-25,41.50,42.25,41.50,42.124962,1309600,2.89958
1990-09-24,41.75,41.75,41.124962,41.50,2474400,2.856562
1990-09-21,42.00,42.375038,41.75,41.875038,2247200,2.882377
1990-09-20,42.124962,42.124962,41.75,42.00,1072000,2.890978
1990-09-19,42.624962,42.624962,41.875038,42.124962,1204000,2.89958
1990-09-18,42.50,42.624962,41.875038,42.624962,871200,2.933996
1990-09-17,41.624962,42.50,41.25,42.50,1546400,2.925395
1990-09-14,42.50,42.50,41.375038,41.624962,2049600,2.865163
1990-09-13,42.75,42.875038,42.50,42.75,900800,2.942603
1990-09-12,42.75,43.00,42.124962,42.75,1540000,2.942603
1990-09-11,43.50,43.50,42.50,42.75,3550400,2.942603
1990-09-10,43.875038,44.75,43.375038,43.50,3515200,2.994227
1990-09-07,43.50,44.00,43.375038,43.875038,847200,3.020042
1990-09-06,44.25,44.25,42.75,43.50,1294400,2.994227
1990-09-05,43.50,44.375038,43.00,44.25,1434400,3.045852
1990-09-04,43.00,43.875038,43.00,43.50,1190400,2.994227
1990-08-31,42.75,43.00,42.25,43.00,620000,2.959811
1990-08-30,43.75,43.75,42.75,42.75,1199200,2.942603
1990-08-29,43.875038,44.375038,43.75,43.75,1880800,3.011436
1990-08-28,44.75,45.00,43.624962,43.875038,1252000,3.020042
1990-08-27,44.75,45.75,44.75,44.75,2592800,3.080268
1990-08-24,42.624962,43.875038,42.624962,43.875038,1904000,3.020042
1990-08-23,43.00,43.124962,40.624962,42.375038,5992000,2.916793
1990-08-22,43.875038,44.25,43.00,43.00,1578400,2.959811
1990-08-21,44.624962,44.624962,43.75,43.875038,2037600,3.020042
1990-08-20,44.624962,45.375038,44.25,45.25,1668800,3.114685
1990-08-17,45.25,45.25,44.00,44.624962,2644800,3.071662
1990-08-16,46.624962,46.624962,45.875038,46.00,1291200,3.166309
1990-08-15,47.375038,47.75,46.50,46.75,2952800,3.217934
1990-08-14,46.624962,47.375038,46.375038,47.375038,1052800,3.260957
1990-08-13,46.875038,46.875038,46.50,46.624962,2027200,3.209327
1990-08-10,47.375038,47.624962,46.75,47.00,1237600,3.235142
1990-08-09,46.624962,47.375038,46.624962,47.375038,1673600,3.260957
1990-08-08,45.50,47.50,45.50,46.624962,3464800,3.209327
1990-08-07,45.25,45.875038,45.00,45.25,4390400,3.114685
1990-08-06,46.00,46.00,45.25,45.25,2733600,3.114685
1990-08-03,47.624962,47.75,46.25,47.124962,3607200,3.243744
1990-08-02,48.00,48.00,47.50,47.624962,3386400,3.27816
1990-08-01,48.875038,49.25,48.875038,49.25,1399200,3.390016
1990-07-31,48.875038,49.124962,48.50,48.875038,2137600,3.364206
1990-07-30,48.00,49.124962,48.00,48.875038,2328800,3.364206
1990-07-27,49.00,49.00,47.624962,48.00,4069600,3.303975
1990-07-26,49.875038,49.875038,48.75,49.00,5448000,3.372808
1990-07-25,51.00,51.25,48.124962,49.875038,8115200,3.433039
1990-07-24,51.875038,52.00,50.875038,51.00,3568800,3.510474
1990-07-23,52.50,52.50,51.124962,51.875038,2940800,3.570705
1990-07-20,52.50,53.124962,52.50,52.50,3292000,3.613723
1990-07-19,52.50,52.50,52.124962,52.50,2534400,3.613723
1990-07-18,52.75,53.00,52.375038,52.624962,2308800,3.622324
1990-07-17,53.375038,53.75,52.375038,52.75,4864800,3.630931
1990-07-16,52.75,53.50,52.50,53.375038,4260000,3.673954
1990-07-13,54.375038,54.50,52.624962,52.75,4672000,3.610281
1990-07-12,54.25,54.375038,53.75,54.375038,2547200,3.721501
1990-07-11,53.25,54.25,53.25,54.25,3385600,3.712943
1990-07-10,53.50,54.375038,53.25,53.25,5738400,3.644502
1990-07-09,53.00,53.624962,53.00,53.50,2110400,3.661612
1990-07-06,53.375038,53.375038,52.624962,52.875038,3207200,3.618839
1990-07-05,53.75,53.75,53.00,53.50,2619200,3.661612
1990-07-03,53.124962,54.00,53.124962,54.00,4628800,3.695833
1990-07-02,52.624962,53.25,52.25,53.00,7339200,3.627391
1990-06-29,52.375038,52.75,52.124962,52.624962,5550400,3.601723
1990-06-28,52.25,52.50,51.875038,52.375038,7788800,3.584618
1990-06-27,52.50,52.50,51.875038,52.25,11750400,3.57606
1990-06-26,52.624962,52.624962,51.50,52.50,39300800,3.593171
1990-06-25,61.375038,61.375038,58.375038,58.50,15147200,4.003819
1990-06-22,64.25,64.375038,63.50,63.50,2927200,4.346025
1990-06-21,64.50,64.50,63.75,64.25,5426400,4.397356
1990-06-20,64.375038,65.25,64.375038,65.124962,3072800,4.45724
1990-06-19,64.624962,64.875038,64.124962,64.375038,3138400,4.405914
1990-06-18,65.624962,65.624962,64.624962,64.624962,3456800,4.423019
1990-06-15,66.00,66.00,65.50,65.624962,3251200,4.491461
1990-06-14,65.75,66.00,65.25,66.00,2128800,4.517129
1990-06-13,66.00,66.50,65.624962,65.75,2272800,4.500019
1990-06-12,65.875038,66.124962,65.375038,66.00,3391200,4.517129
1990-06-11,66.375038,66.375038,65.875038,65.875038,2165600,4.508576
1990-06-08,67.124962,67.25,65.75,66.50,1494400,4.55135
1990-06-07,67.624962,67.75,67.00,67.124962,1782400,4.594123
1990-06-06,67.624962,67.624962,67.375038,67.624962,2325600,4.628343
1990-06-05,67.375038,68.50,67.375038,67.75,5160000,4.636901
1990-06-04,66.875038,67.124962,66.124962,67.124962,4615200,4.594123
1990-06-01,67.00,67.25,66.624962,66.875038,1752000,4.577018
1990-05-31,67.50,67.50,66.875038,67.00,1753600,4.58557
1990-05-30,67.624962,68.00,67.124962,67.50,3254400,4.619791
1990-05-29,67.624962,67.624962,67.375038,67.624962,2933600,4.628343
1990-05-25,67.75,67.75,67.375038,67.624962,1559200,4.628343
1990-05-24,67.75,67.875038,67.124962,67.75,3849600,4.636901
1990-05-23,67.375038,67.875038,67.00,67.75,4380000,4.636901
1990-05-22,67.00,68.375038,67.00,67.375038,8536000,4.611238
1990-05-21,66.00,67.25,65.75,67.00,6319200,4.58557
1990-05-18,66.00,66.124962,65.624962,66.00,3316800,4.517129
1990-05-17,65.624962,66.375038,65.624962,66.00,6077600,4.517129
1990-05-16,66.624962,66.75,65.50,65.624962,4322400,4.491461
1990-05-15,67.00,67.00,66.25,66.624962,4753600,4.559902
1990-05-14,66.375038,68.124962,66.375038,67.25,8752000,4.602681
1990-05-11,64.50,66.624962,64.50,66.25,5644800,4.534239
1990-05-10,65.00,65.00,63.75,63.75,3237600,4.363136
1990-05-09,64.624962,65.25,64.375038,65.00,5216000,4.448688
1990-05-08,64.375038,64.624962,64.00,64.624962,2956800,4.423019
1990-05-07,62.875038,64.624962,62.875038,64.375038,3384000,4.405914
1990-05-04,62.75,63.124962,62.25,62.875038,3759200,4.303252
1990-05-03,62.624962,63.375038,62.624962,62.75,2600000,4.294694
1990-05-02,61.25,62.624962,61.00,62.624962,4767200,4.286137
1990-05-01,61.375038,61.75,61.124962,61.25,1205600,4.192032
1990-04-30,61.75,61.875038,61.124962,61.375038,1590400,4.20059
1990-04-27,62.375038,62.375038,61.624962,61.75,2827200,4.226253
1990-04-26,62.25,62.875038,62.00,62.50,4086400,4.277584
1990-04-25,61.375038,62.50,61.375038,62.25,5344800,4.260474
1990-04-24,61.00,61.875038,61.00,61.25,4377600,4.192032
1990-04-23,60.50,61.25,60.375038,60.624962,5410400,4.149254
1990-04-20,59.875038,61.25,59.75,60.50,8148000,4.140701
1990-04-19,59.375038,60.124962,59.25,59.875038,2141600,4.097928
1990-04-18,60.124962,60.124962,59.375038,59.375038,1271200,4.063708
1990-04-17,60.124962,60.124962,59.375038,60.124962,959200,4.115033
1990-04-16,60.124962,60.624962,60.124962,60.25,2777600,4.103059
1990-04-12,60.25,60.375038,59.875038,60.124962,2324000,4.094544
1990-04-11,60.25,60.375038,60.00,60.25,903200,4.103059
1990-04-10,60.25,60.375038,60.00,60.25,1262400,4.103059
1990-04-09,60.375038,60.375038,60.00,60.25,819200,4.103059
1990-04-06,60.75,60.75,60.00,60.375038,1929600,4.111574
1990-04-05,60.624962,61.25,60.50,61.124962,1200000,4.162644
1990-04-04,60.875038,61.124962,60.624962,60.624962,1610400,4.128594
1990-04-03,60.25,61.00,60.25,60.875038,2569600,4.145624
1990-04-02,60.624962,60.624962,59.875038,60.124962,2544000,4.094544
1990-03-30,61.25,61.25,60.75,61.124962,1112000,4.162644
1990-03-29,61.25,61.25,60.75,61.25,778400,4.17116
1990-03-28,61.624962,61.75,61.25,61.25,1027200,4.17116
1990-03-27,61.875038,61.875038,61.124962,61.624962,1342400,4.196695
1990-03-26,61.624962,62.00,61.375038,61.875038,2924000,4.213725
1990-03-23,60.875038,61.624962,60.875038,61.624962,2882400,4.196695
1990-03-22,60.875038,60.875038,60.375038,60.624962,2002400,4.128594
1990-03-21,61.124962,61.375038,60.75,60.875038,1560000,4.145624
1990-03-20,61.50,62.00,61.00,61.124962,2611200,4.162644
1990-03-19,60.75,61.50,60.124962,61.50,1945600,4.188185
1990-03-16,60.624962,60.875038,60.50,60.75,2744800,4.137109
1990-03-15,60.25,60.75,60.124962,60.624962,3153600,4.128594
1990-03-14,60.25,60.25,59.624962,60.25,4519200,4.103059
1990-03-13,60.75,60.75,59.25,60.25,8483200,4.103059
1990-03-12,61.50,61.50,61.00,61.25,2052800,4.17116
1990-03-09,62.124962,62.124962,61.124962,62.00,3742400,4.222235
1990-03-08,62.375038,62.50,61.25,62.375038,3474400,4.247775
1990-03-07,62.75,62.875038,62.25,62.375038,2452000,4.247775
1990-03-06,62.375038,62.75,61.75,62.75,3267200,4.27331
1990-03-05,62.124962,62.375038,61.75,62.375038,2763200,4.247775
1990-03-02,60.375038,62.124962,60.375038,62.124962,7916800,4.230745
1990-03-01,60.50,60.50,59.875038,60.375038,2911200,4.111574
1990-02-28,60.124962,60.624962,60.00,60.624962,3759200,4.128594
1990-02-27,59.124962,60.50,58.875038,60.124962,6055200,4.094544
1990-02-26,58.124962,59.375038,58.124962,59.124962,4646400,4.026443
1990-02-23,57.50,58.00,57.124962,57.75,1857600,3.932808
1990-02-22,56.875038,58.25,56.875038,57.50,3349600,3.915782
1990-02-21,56.00,56.875038,55.00,56.75,1913600,3.864707
1990-02-20,56.00,56.00,55.624962,56.00,1002400,3.813632
1990-02-16,55.875038,56.624962,55.875038,56.25,2558400,3.830657
1990-02-15,55.50,56.25,55.375038,55.875038,1418400,3.805122
1990-02-14,55.375038,55.75,55.124962,55.50,1682400,3.779581
1990-02-13,55.375038,55.375038,54.624962,55.375038,1884800,3.771071
1990-02-12,55.50,55.50,55.00,55.375038,1288000,3.771071
1990-02-09,56.124962,56.124962,55.375038,55.75,940800,3.796606
1990-02-08,55.25,56.624962,55.25,56.124962,3035200,3.822142
1990-02-07,55.00,55.875038,54.25,55.25,1573600,3.762556
1990-02-06,55.124962,55.124962,54.624962,55.00,1142400,3.745531
1990-02-05,55.624962,55.624962,55.00,55.25,1725600,3.762556
1990-02-02,55.50,56.25,55.00,55.624962,1966400,3.788091
1990-02-01,55.50,56.00,55.50,55.50,2389600,3.779581
1990-01-31,54.624962,55.50,54.624962,55.375038,3260000,3.771071
1990-01-30,54.624962,54.75,53.875038,54.50,1355200,3.711481
1990-01-29,54.875038,55.124962,54.124962,54.624962,1153600,3.719991
1990-01-26,55.124962,55.375038,54.50,54.875038,1689600,3.737021
1990-01-25,55.75,56.00,55.124962,55.124962,1330400,3.754041
1990-01-24,55.25,56.25,54.25,55.75,3203200,3.796606
1990-01-23,54.50,55.50,54.375038,55.25,2964800,3.762556
1990-01-22,55.124962,55.25,54.124962,54.50,1825600,3.711481
1990-01-19,55.375038,55.375038,54.75,55.124962,4531200,3.754041
1990-01-18,54.875038,56.25,53.50,55.375038,6443200,3.771071
1990-01-17,56.375038,56.375038,54.50,54.875038,7724000,3.737021
1990-01-16,57.25,57.25,56.624962,57.00,2668000,3.881732
1990-01-15,57.624962,57.624962,57.25,57.50,1007200,3.895352
1990-01-12,58.624962,58.624962,57.624962,57.75,1362400,3.912288
1990-01-11,58.75,59.00,58.624962,58.75,2259200,3.980034
1990-01-10,58.624962,59.00,58.375038,58.75,2684800,3.980034
1990-01-09,59.00,59.375038,58.50,58.624962,2283200,3.971563
1990-01-08,59.375038,59.375038,58.624962,59.00,1340800,3.99697
1990-01-05,59.75,59.75,59.124962,59.375038,2043200,4.022377
1990-01-04,59.50,59.875038,59.375038,59.75,2397600,4.047779
1990-01-03,59.375038,60.124962,59.375038,59.50,5712000,4.030843
1990-01-02,57.875038,58.875038,57.75,58.875038,2910400,3.988504
1989-12-29,57.00,58.00,56.624962,57.875038,3080800,3.920759
1989-12-28,56.50,57.124962,56.50,57.00,1425600,3.861479
1989-12-27,56.25,56.875038,56.25,56.50,2595200,3.827607
1989-12-26,55.624962,56.124962,54.624962,56.124962,2673600,3.8022
1989-12-22,56.875038,56.875038,55.25,55.624962,6285600,3.768327
1989-12-21,58.25,58.25,56.50,57.624962,8433600,3.903818
1989-12-20,59.25,59.50,59.00,59.50,1408800,4.030843
1989-12-19,59.50,59.50,58.875038,59.25,1060000,4.013906
1989-12-18,60.00,60.124962,59.00,59.50,2098400,4.030843
1989-12-15,60.25,61.00,59.375038,60.00,3173600,4.064715
1989-12-14,60.50,60.50,60.124962,60.25,1057600,4.081652
1989-12-13,60.124962,60.875038,60.00,60.50,1734400,4.098588
1989-12-12,59.875038,60.25,59.75,60.124962,901600,4.073181
1989-12-11,60.00,60.00,59.624962,59.875038,1284800,4.05625
1989-12-08,59.75,60.25,59.75,60.00,1516800,4.064715
1989-12-07,59.375038,59.875038,59.25,59.375038,830400,4.022377
1989-12-06,59.624962,59.75,59.25,59.375038,775200,4.022377
1989-12-05,60.50,61.25,59.50,59.624962,2499200,4.039308
1989-12-04,59.875038,60.75,59.875038,60.50,1874400,4.098588
1989-12-01,58.624962,60.25,58.624962,59.75,3648000,4.047779
1989-11-30,59.124962,59.124962,58.624962,58.624962,2356000,3.971563
1989-11-29,59.00,59.375038,58.75,59.124962,1289600,4.005436
1989-11-28,59.00,59.375038,58.75,59.00,3493600,3.99697
1989-11-27,58.124962,59.124962,58.124962,59.00,2600000,3.99697
1989-11-24,58.25,58.624962,58.124962,58.124962,984000,3.93769
1989-11-22,57.75,59.00,57.75,58.25,2781600,3.946161
1989-11-21,57.375038,57.624962,57.124962,57.50,1446400,3.895352
1989-11-20,57.50,58.124962,57.00,57.375038,3631200,3.886887
1989-11-17,56.00,57.624962,55.875038,57.50,2532800,3.895352
1989-11-16,56.00,56.25,55.875038,56.00,1400800,3.793734
1989-11-15,55.50,56.00,55.00,56.00,1621600,3.793734
1989-11-14,56.124962,56.25,55.375038,55.50,1743200,3.759862
1989-11-13,55.00,56.375038,54.75,56.124962,4553600,3.8022
1989-11-10,54.75,55.124962,54.75,55.00,1876000,3.725989
1989-11-09,54.875038,55.624962,54.50,54.624962,4929600,3.700582
1989-11-08,53.375038,55.00,53.375038,54.875038,3429600,3.717523
1989-11-07,53.50,53.50,52.875038,53.25,3984800,3.607435
1989-11-06,54.50,54.50,53.50,53.624962,2137600,3.632837
1989-11-03,55.375038,55.75,54.25,54.50,2157600,3.692116
1989-11-02,56.50,56.50,54.875038,55.375038,1595200,3.751396
1989-11-01,57.124962,57.124962,56.375038,56.624962,2590400,3.836072
1989-10-31,56.25,57.25,56.25,57.25,2508800,3.878416
1989-10-30,55.375038,56.25,55.375038,55.875038,3102400,3.785269
1989-10-27,55.624962,55.624962,54.624962,55.375038,3139200,3.751396
1989-10-26,57.00,57.00,55.75,56.00,2584000,3.793734
1989-10-25,57.25,57.25,56.75,57.00,1139200,3.861479
1989-10-24,57.25,57.75,56.875038,57.375038,3709600,3.886887
1989-10-23,58.00,58.00,57.124962,57.25,2283200,3.878416
1989-10-20,58.25,58.25,57.75,58.00,4017600,3.929225
1989-10-19,58.124962,58.624962,56.50,58.624962,9140000,3.971563
1989-10-18,58.75,58.75,58.124962,58.124962,3825600,3.93769
1989-10-17,58.75,58.75,58.25,58.75,4766400,3.980034
1989-10-16,58.375038,60.50,58.124962,58.875038,9060800,3.968181
1989-10-13,60.624962,60.75,58.00,58.375038,3264000,3.934481
1989-10-12,60.50,60.624962,60.25,60.624962,1204000,4.086126
1989-10-11,61.00,61.00,60.50,60.50,1780000,4.077703
1989-10-10,61.50,61.624962,60.75,61.00,1584000,4.111403
1989-10-09,61.624962,62.00,61.25,61.50,456800,4.145103
1989-10-06,61.75,62.00,61.50,61.624962,1313600,4.153526
1989-10-05,61.375038,61.75,61.25,61.75,1750400,4.161953
1989-10-04,61.50,61.624962,61.124962,61.375038,2158400,4.136681
1989-10-03,61.375038,61.624962,61.25,61.50,1296800,4.145103
1989-10-02,61.00,61.50,61.00,61.375038,1104000,4.136681
1989-09-29,61.375038,61.624962,60.875038,61.00,1261600,4.111403
1989-09-28,61.00,61.50,61.00,61.375038,1207200,4.136681
1989-09-27,60.875038,61.25,60.75,61.00,1028800,4.111403
1989-09-26,61.375038,61.375038,60.875038,60.875038,1882400,4.102981
1989-09-25,61.75,61.75,61.375038,61.375038,980800,4.136681
1989-09-22,62.00,62.00,61.50,61.875038,1440800,4.170381
1989-09-21,61.75,62.124962,61.624962,62.00,2685600,4.178803
1989-09-20,61.875038,61.875038,61.624962,61.75,2251200,4.161953
1989-09-19,61.75,62.00,61.624962,62.00,1521600,4.178803
1989-09-18,62.00,62.00,61.375038,61.75,3357600,4.161953
1989-09-15,62.375038,62.375038,61.875038,62.375038,3269600,4.204081
1989-09-14,62.75,62.75,62.124962,62.375038,1532000,4.204081
1989-09-13,63.25,63.50,62.75,62.75,1969600,4.229353
1989-09-12,63.50,63.75,63.124962,63.25,1112000,4.263053
1989-09-11,63.624962,63.624962,63.25,63.50,1318400,4.279903
1989-09-08,64.375038,64.624962,63.375038,63.624962,2983200,4.288326
1989-09-07,64.50,64.875038,64.375038,64.375038,2568000,4.338881
1989-09-06,64.875038,64.875038,64.25,64.50,2575200,4.347303
1989-09-05,65.375038,65.375038,64.75,65.375038,2355200,4.406281
1989-09-01,64.25,65.375038,64.124962,65.375038,2156000,4.406281
1989-08-31,64.50,64.50,64.124962,64.25,1097600,4.330453
1989-08-30,64.75,64.875038,64.25,64.50,2728000,4.347303
1989-08-29,65.124962,65.624962,64.25,64.75,1692800,4.364153
1989-08-28,64.50,65.25,64.124962,65.124962,3653600,4.389426
1989-08-25,65.624962,65.624962,64.00,64.50,4057600,4.347303
1989-08-24,63.00,66.00,62.624962,65.875038,7480800,4.439981
1989-08-23,62.50,63.00,62.50,63.00,2188800,4.246203
1989-08-22,62.50,62.50,62.00,62.50,2736800,4.212503
1989-08-21,62.624962,62.75,62.00,62.50,2123200,4.212503
1989-08-18,62.75,62.75,62.124962,62.624962,1720800,4.220926
1989-08-17,63.00,63.124962,62.75,62.875038,1647200,4.237781
1989-08-16,63.00,63.25,63.00,63.00,2332000,4.246203
1989-08-15,63.25,63.25,62.75,63.00,2100800,4.246203
1989-08-14,63.75,63.75,63.124962,63.25,1452000,4.263053
1989-08-11,64.00,64.375038,63.50,63.75,2563200,4.296753
1989-08-10,63.75,64.00,63.624962,64.00,3076000,4.313603
1989-08-09,63.624962,64.124962,63.50,63.75,4984000,4.296753
1989-08-08,63.00,63.875038,63.00,63.624962,4412000,4.288326
1989-08-07,61.375038,63.50,61.375038,63.00,6588800,4.246203
1989-08-04,60.624962,61.75,60.50,60.75,3570400,4.094553
1989-08-03,60.375038,60.75,60.25,60.624962,2176000,4.086126
1989-08-02,60.124962,60.375038,60.00,60.375038,2148800,4.069281
1989-08-01,59.624962,60.50,59.624962,60.124962,5068800,4.052426
1989-07-31,59.25,59.50,59.124962,59.375038,1253600,4.001881
1989-07-28,59.00,59.375038,59.00,59.25,2165600,3.993453
1989-07-27,57.875038,58.75,57.624962,58.75,2802400,3.959753
1989-07-26,57.00,57.875038,56.875038,57.875038,1881600,3.900781
1989-07-25,57.375038,57.375038,56.875038,57.00,4611200,3.841803
1989-07-24,58.124962,58.124962,57.50,57.50,5313600,3.875503
1989-07-21,60.25,60.375038,58.00,58.875038,6871200,3.968181
1989-07-20,60.124962,60.875038,60.124962,60.25,1931200,4.060853
1989-07-19,59.50,60.00,59.50,60.00,3421600,4.044003
1989-07-18,59.75,59.75,59.124962,59.375038,3735200,4.001881
1989-07-17,59.50,60.124962,59.50,59.75,2058400,4.027153
1989-07-14,59.624962,59.75,59.375038,59.50,2125600,4.010303
1989-07-13,59.624962,59.875038,59.00,59.624962,2258400,3.998506
1989-07-12,59.75,59.75,59.124962,59.624962,1360800,3.998506
1989-07-11,59.50,59.875038,59.50,59.875038,2724000,4.015276
1989-07-10,58.375038,59.50,58.124962,59.25,3748800,3.97336
1989-07-07,58.375038,58.624962,58.124962,58.375038,2343200,3.914684
1989-07-06,58.124962,58.375038,58.124962,58.375038,1269600,3.914684
1989-07-05,58.124962,58.25,57.50,58.00,1884000,3.889534
1989-07-03,58.00,58.25,57.624962,58.124962,597600,3.897914
1989-06-30,58.25,58.375038,57.50,58.00,3036000,3.889534
1989-06-29,58.875038,58.875038,58.25,58.25,2861600,3.906299
1989-06-28,59.50,59.50,58.875038,59.00,2381600,3.956595
1989-06-27,59.50,59.75,59.50,59.624962,2274400,3.998506
1989-06-26,59.50,59.50,59.25,59.50,1349600,3.990125
1989-06-23,59.00,59.875038,59.00,59.50,4938400,3.990125
1989-06-22,58.624962,59.00,58.624962,58.875038,2085600,3.948215
1989-06-21,58.375038,58.624962,58.25,58.624962,4503200,3.931445
1989-06-20,59.00,59.124962,58.375038,58.375038,4579200,3.914684
1989-06-19,59.25,59.25,58.875038,59.00,1331200,3.956595
1989-06-16,59.00,59.375038,58.875038,59.25,5057600,3.97336
1989-06-15,59.00,59.25,58.75,59.00,3292800,3.956595
1989-06-14,59.75,59.75,59.00,59.00,3826400,3.956595
1989-06-13,60.00,60.00,59.50,59.875038,2126400,4.015276
1989-06-12,60.624962,60.624962,59.624962,60.00,7396800,4.023656
1989-06-09,61.50,61.50,60.624962,60.75,2803200,4.073952
1989-06-08,61.875038,61.875038,61.50,61.624962,4207200,4.132627
1989-06-07,62.00,62.25,61.50,62.00,6171200,4.157778
1989-06-06,61.50,62.00,61.50,62.00,3655200,4.157778
1989-06-05,62.124962,62.124962,61.25,61.375038,3736800,4.115867
1989-06-02,62.624962,62.875038,61.75,62.124962,11521600,4.166158
1989-06-01,63.25,63.25,62.25,62.624962,5345600,4.199688
1989-05-31,63.375038,64.00,63.25,63.875038,2910400,4.28352
1989-05-30,62.875038,63.50,62.75,63.375038,3349600,4.249989
1989-05-26,62.25,62.875038,62.25,62.875038,1850400,4.216459
1989-05-25,62.124962,62.375038,61.75,62.25,1288800,4.174543
1989-05-24,62.624962,62.624962,62.00,62.124962,2633600,4.166158
1989-05-23,63.50,63.50,62.624962,62.624962,3237600,4.199688
1989-05-22,64.25,64.624962,63.624962,63.875038,3796000,4.28352
1989-05-19,63.124962,64.375038,63.124962,64.25,3980800,4.308665
1989-05-18,63.375038,63.375038,63.00,63.124962,2962400,4.233219
1989-05-17,62.624962,63.375038,62.624962,63.375038,3710400,4.249989
1989-05-16,62.50,62.50,61.75,62.25,3840000,4.174543
1989-05-15,61.00,62.50,61.00,62.50,3233600,4.191308
1989-05-12,60.25,61.124962,60.25,61.00,5445600,4.090717
1989-05-11,58.624962,59.375038,58.624962,59.25,1834400,3.97336
1989-05-10,58.50,58.75,58.375038,58.624962,1672000,3.931445
1989-05-09,58.75,59.00,58.375038,58.50,5921600,3.923065
1989-05-08,59.00,59.124962,58.375038,58.75,2220800,3.93983
1989-05-05,59.75,60.25,58.50,59.00,3569600,3.956595
1989-05-04,60.875038,60.875038,59.624962,59.75,2750400,4.006891
1989-05-03,60.50,61.25,60.50,61.124962,1407200,4.099097
1989-05-02,60.25,60.624962,60.25,60.50,1602400,4.057186
1989-05-01,60.50,60.50,60.00,60.25,1039200,4.040421
1989-04-28,60.50,61.00,60.375038,60.50,2466400,4.057186
1989-04-27,60.25,60.75,60.124962,60.50,2906400,4.057186
1989-04-26,59.875038,60.375038,59.875038,60.25,1972800,4.040421
1989-04-25,60.624962,60.624962,59.875038,59.875038,2118400,4.015276
1989-04-24,60.50,60.75,60.50,60.624962,1894400,4.065566
1989-04-21,60.50,60.875038,60.25,60.50,2960000,4.057186
1989-04-20,60.00,61.124962,60.00,60.50,8949600,4.057186
1989-04-19,58.875038,59.25,58.875038,59.25,3564000,3.97336
1989-04-18,58.75,59.375038,58.624962,58.875038,2946400,3.948215
1989-04-17,59.00,59.00,58.50,58.75,2368000,3.919712
1989-04-14,59.00,59.375038,58.75,59.00,2572000,3.936391
1989-04-13,59.624962,59.75,58.624962,59.00,2209600,3.936391
1989-04-12,59.50,60.50,59.50,59.624962,3844800,3.978088
1989-04-11,58.375038,59.624962,58.375038,59.50,2444800,3.969751
1989-04-10,57.75,58.50,57.375038,58.375038,3428800,3.894695
1989-04-07,57.50,57.875038,57.00,57.75,5447200,3.852993
1989-04-06,57.75,57.75,57.124962,57.50,1738400,3.836314
1989-04-05,58.375038,58.375038,57.875038,57.875038,1775200,3.861336
1989-04-04,58.124962,58.75,58.00,58.375038,1689600,3.894695
1989-04-03,57.124962,58.124962,57.124962,58.124962,1682400,3.87801
1989-03-31,56.75,57.25,56.75,57.124962,2356000,3.811292
1989-03-30,56.875038,56.875038,56.50,56.75,1903200,3.786275
1989-03-29,57.00,57.25,56.75,57.00,1945600,3.802954
1989-03-28,57.25,57.25,56.875038,57.00,2204000,3.802954
1989-03-27,56.875038,57.25,56.875038,57.25,3261600,3.819634
1989-03-23,56.875038,57.25,56.875038,56.875038,4400800,3.794617
1989-03-22,57.124962,57.25,56.624962,56.75,3163200,3.786275
1989-03-21,57.124962,57.25,56.124962,57.124962,3601600,3.811292
1989-03-20,57.25,57.25,57.00,57.124962,2340000,3.811292
1989-03-17,57.75,57.75,57.124962,57.375038,5661600,3.827976
1989-03-16,58.50,58.875038,58.50,58.50,3244800,3.903032
1989-03-15,58.25,58.624962,58.00,58.50,4424800,3.903032
1989-03-14,58.25,58.50,58.00,58.25,3084000,3.886352
1989-03-13,58.25,58.375038,58.00,58.25,3366400,3.886352
1989-03-10,58.624962,58.624962,58.00,58.25,2271200,3.886352
1989-03-09,58.124962,58.75,58.124962,58.75,2336000,3.919712
1989-03-08,58.00,58.375038,58.00,58.124962,3380800,3.87801
1989-03-07,57.50,58.25,57.50,58.00,2887200,3.869673
1989-03-06,57.624962,57.75,57.375038,57.50,4720000,3.836314
1989-03-03,58.50,58.50,57.624962,57.624962,3860000,3.844651
1989-03-02,58.624962,58.75,58.375038,58.50,2790400,3.903032
1989-03-01,58.75,58.875038,58.624962,58.624962,2257600,3.911369
1989-02-28,58.875038,59.124962,58.624962,58.75,4524800,3.919712
1989-02-27,59.00,59.375038,58.875038,58.875038,2836800,3.928054
1989-02-24,59.75,59.875038,58.875038,59.00,2315200,3.936391
1989-02-23,59.624962,59.75,59.00,59.75,2829600,3.98643
1989-02-22,60.00,60.00,59.375038,59.624962,4297600,3.978088
1989-02-21,59.875038,60.124962,59.875038,60.00,4663200,4.00311
1989-02-17,59.25,59.75,59.25,59.375038,3760800,3.961413
1989-02-16,58.875038,59.25,58.875038,59.25,3679200,3.953071
1989-02-15,59.375038,59.50,58.75,58.875038,3964000,3.928054
1989-02-14,59.75,60.00,59.375038,59.375038,3391200,3.961413
1989-02-13,59.75,59.75,59.50,59.75,4748000,3.98643
1989-02-10,60.50,60.50,59.624962,59.75,5139200,3.98643
1989-02-09,61.375038,61.375038,60.624962,61.00,3313600,4.069828
1989-02-08,61.50,61.875038,61.50,61.50,3676800,4.103188
1989-02-07,61.25,61.875038,61.25,61.50,4568000,4.103188
1989-02-06,61.50,61.875038,61.00,61.25,2664000,4.086508
1989-02-03,61.50,61.50,61.00,61.50,2808000,4.103188
1989-02-02,61.375038,61.75,61.25,61.624962,3164000,4.111525
1989-02-01,61.875038,61.875038,61.25,61.375038,2952800,4.09485
1989-01-31,60.75,61.875038,60.50,61.875038,5461600,4.12821
1989-01-30,60.624962,61.00,60.50,60.75,5336800,4.053149
1989-01-27,60.00,61.124962,59.875038,60.624962,9501600,4.044806
1989-01-26,59.875038,60.124962,59.25,60.00,8960800,4.00311
1989-01-25,60.124962,60.375038,59.624962,59.875038,5034400,3.994773
1989-01-24,59.50,60.124962,59.50,60.124962,10424000,4.011447
1989-01-23,59.875038,60.375038,59.00,59.50,12180000,3.969751
1989-01-20,61.124962,61.875038,59.25,59.875038,30322400,3.994773
1989-01-19,67.75,69.00,60.00,61.124962,33908000,4.078166
1989-01-18,66.875038,67.75,66.25,67.75,2478400,4.520178
1989-01-17,67.375038,67.375038,66.75,66.875038,2636800,4.461802
1989-01-16,67.50,68.124962,67.124962,67.375038,2618400,4.495161
1989-01-13,67.375038,67.75,67.25,67.50,3982400,4.503499
1989-01-12,67.375038,67.75,67.00,67.375038,4320000,4.475146
1989-01-11,67.00,67.375038,66.75,67.375038,2368800,4.475146
1989-01-10,66.624962,67.50,66.50,67.00,3888000,4.450235
1989-01-09,66.624962,67.00,66.624962,66.624962,2604000,4.425325
1989-01-06,65.875038,66.624962,65.875038,66.50,3068800,4.417024
1989-01-05,65.00,66.00,65.00,65.875038,4021600,4.375514
1989-01-04,63.75,64.875038,63.75,64.875038,5031200,4.309092
1989-01-03,63.624962,63.624962,63.124962,63.624962,2290400,4.22606
1988-12-30,64.00,64.375038,63.624962,63.624962,1333600,4.22606
1988-12-29,63.50,64.25,63.25,64.00,1058400,4.250971
1988-12-28,63.624962,63.75,63.50,63.50,596000,4.21776
1988-12-27,63.50,63.875038,63.50,63.624962,594400,4.22606
1988-12-23,63.375038,63.75,63.375038,63.50,776000,4.21776
1988-12-22,63.875038,63.875038,63.25,63.375038,984000,4.20946
1988-12-21,63.375038,64.00,63.124962,63.875038,1935200,4.242671
1988-12-20,62.75,63.624962,62.75,63.375038,4241600,4.20946
1988-12-19,61.875038,63.00,61.875038,62.624962,2849600,4.159639
1988-12-16,62.00,62.00,61.124962,61.875038,3324000,4.109828
1988-12-15,62.50,62.50,61.875038,62.00,840800,4.118128
1988-12-14,62.375038,62.875038,61.875038,62.50,2334400,4.151339
1988-12-13,63.25,63.25,62.25,62.375038,1046400,4.143039
1988-12-12,63.00,63.50,63.00,63.25,984800,4.201155
1988-12-09,63.375038,63.75,62.75,62.875038,837600,4.176249
1988-12-08,63.75,63.875038,63.375038,63.375038,3196800,4.20946
1988-12-07,64.124962,64.124962,63.624962,63.75,1839200,4.234365
1988-12-06,63.875038,64.25,63.50,64.124962,2345600,4.259271
1988-12-05,61.875038,64.00,61.875038,63.875038,4863200,4.242671
1988-12-02,62.50,62.50,61.624962,61.875038,2534400,4.109828
1988-12-01,63.375038,63.375038,62.375038,62.624962,1776800,4.159639
1988-11-30,64.25,64.50,63.375038,63.375038,2966400,4.20946
1988-11-29,64.124962,64.75,64.124962,64.25,2291200,4.267576
1988-11-28,63.375038,64.00,63.25,63.875038,3048000,4.242671
1988-11-25,63.75,63.75,63.00,63.375038,1519200,4.20946
1988-11-23,62.00,64.00,62.00,63.75,2211200,4.234365
1988-11-22,61.75,62.25,61.375038,62.00,1000000,4.118128
1988-11-21,62.50,62.50,61.50,61.75,1427200,4.101523
1988-11-18,61.124962,62.624962,61.124962,62.624962,2044800,4.159639
1988-11-17,60.624962,61.375038,60.624962,61.124962,4149600,4.060007
1988-11-16,60.50,60.624962,59.50,60.00,2296000,3.985285
1988-11-15,60.624962,60.624962,60.25,60.50,1434400,4.018496
1988-11-14,60.124962,61.00,60.124962,60.624962,2436800,4.026796
1988-11-11,60.875038,60.875038,59.875038,60.124962,1460000,3.993585
1988-11-10,60.75,61.124962,60.75,61.00,1400000,4.051707
1988-11-09,60.875038,60.875038,60.50,60.624962,1672000,4.026796
1988-11-08,60.25,61.25,60.25,61.00,2235200,4.051707
1988-11-07,60.624962,60.624962,59.875038,60.25,1221600,4.001891
1988-11-04,61.624962,61.624962,61.00,61.00,1198400,4.051707
1988-11-03,61.124962,62.00,61.124962,61.75,1684800,4.101523
1988-11-02,61.25,61.375038,60.75,61.124962,1247200,4.060007
1988-11-01,61.75,61.75,61.124962,61.25,1588000,4.068312
1988-10-31,62.25,62.25,61.624962,61.75,1884000,4.101523
1988-10-28,61.875038,62.624962,61.875038,62.25,2118400,4.134733
1988-10-27,62.00,62.00,61.375038,61.875038,4280800,4.109828
1988-10-26,63.25,63.375038,62.375038,62.375038,2352800,4.143039
1988-10-25,63.50,63.624962,63.124962,63.25,2549600,4.201155
1988-10-24,63.624962,64.124962,63.25,63.50,4462400,4.21776
1988-10-21,61.25,63.624962,61.00,63.624962,5787200,4.22606
1988-10-20,58.75,61.50,58.50,61.25,8912800,4.068312
1988-10-19,58.875038,59.124962,58.124962,58.75,3736000,3.902258
1988-10-18,59.00,59.00,58.375038,58.875038,1559200,3.910564
1988-10-17,59.00,59.25,58.25,59.00,1696000,3.906244
1988-10-14,59.124962,59.375038,58.375038,59.00,2544000,3.906244
1988-10-13,59.00,59.375038,58.875038,59.124962,1704000,3.914517
1988-10-12,59.50,59.50,58.624962,59.00,1984800,3.906244
1988-10-11,60.124962,60.124962,59.75,60.124962,1528000,3.980725
1988-10-10,59.875038,60.50,59.875038,60.124962,1193600,3.980725
1988-10-07,58.75,60.00,58.75,59.875038,3181600,3.964178
1988-10-06,57.75,58.624962,57.375038,58.624962,3372000,3.881413
1988-10-05,58.00,58.124962,57.00,57.75,2379200,3.823484
1988-10-04,58.00,58.25,57.75,58.00,2506400,3.840036
1988-10-03,57.50,58.25,57.124962,58.00,2123200,3.840036
1988-09-30,57.25,58.00,57.124962,57.50,2517600,3.806932
1988-09-29,56.124962,57.375038,56.00,57.25,3293600,3.790381
1988-09-28,56.25,56.25,55.75,56.124962,2218400,3.715895
1988-09-27,55.875038,56.25,55.875038,56.25,1127200,3.724173
1988-09-26,56.375038,56.375038,55.75,55.75,1516000,3.691069
1988-09-23,56.375038,56.624962,56.00,56.375038,2257600,3.732452
1988-09-22,56.124962,56.624962,55.75,56.375038,1643200,3.732452
1988-09-21,56.00,56.375038,55.75,56.124962,2830400,3.715895
1988-09-20,56.124962,56.375038,55.75,56.00,1959200,3.707621
1988-09-19,56.375038,56.375038,55.50,56.124962,2270400,3.715895
1988-09-16,56.124962,56.50,56.00,56.50,2465600,3.740725
1988-09-15,56.875038,56.875038,56.124962,56.124962,1271200,3.715895
1988-09-14,57.375038,58.124962,56.75,57.00,4174400,3.773829
1988-09-13,56.124962,57.375038,56.00,57.375038,2175200,3.798659
1988-09-12,56.624962,56.624962,56.124962,56.124962,1033600,3.715895
1988-09-09,56.375038,56.875038,56.124962,56.75,1656800,3.757277
1988-09-08,56.25,56.624962,55.875038,56.375038,1521600,3.732452
1988-09-07,55.875038,56.624962,55.875038,56.25,2460000,3.724173
1988-09-06,55.624962,56.25,55.624962,55.75,3356000,3.691069
1988-09-02,54.50,55.25,54.50,55.124962,4843200,3.649687
1988-09-01,55.50,55.50,53.875038,54.124962,4997600,3.58348
1988-08-31,56.875038,56.875038,55.25,55.624962,3609600,3.682791
1988-08-30,57.00,57.00,56.75,56.875038,1021600,3.765555
1988-08-29,56.624962,57.124962,56.624962,57.00,1132800,3.773829
1988-08-26,56.875038,56.875038,56.25,56.50,1709600,3.740725
1988-08-25,56.25,57.00,56.00,57.00,1843200,3.773829
1988-08-24,55.25,56.50,55.25,56.25,3184800,3.724173
1988-08-23,55.00,55.25,54.875038,55.25,2102400,3.657966
1988-08-22,55.00,55.25,54.124962,55.00,3570400,3.641414
1988-08-19,55.375038,55.375038,54.75,55.00,2699200,3.641414
1988-08-18,55.375038,56.624962,55.25,55.375038,5463200,3.666244
1988-08-17,57.375038,57.375038,54.624962,55.375038,6424800,3.666244
1988-08-16,57.75,58.00,57.00,57.375038,3951200,3.798659
1988-08-15,58.624962,58.624962,57.624962,57.75,1516000,3.823484
1988-08-12,58.875038,59.25,58.25,58.875038,2657600,3.89797
1988-08-11,59.25,59.375038,57.75,58.875038,4185600,3.89797
1988-08-10,60.875038,60.875038,58.124962,59.25,5865600,3.922796
1988-08-09,62.75,63.00,60.624962,61.00,2840800,4.038659
1988-08-08,63.00,63.25,62.624962,62.75,1044800,4.154522
1988-08-05,63.124962,63.375038,62.875038,63.00,1533600,4.171074
1988-08-04,62.50,63.375038,62.375038,63.124962,1973600,4.179347
1988-08-03,63.00,63.124962,62.50,62.50,3060800,4.13797
1988-08-02,62.50,63.124962,62.50,63.00,1671200,4.171074
1988-08-01,62.375038,62.624962,62.375038,62.50,2537600,4.13797
1988-07-29,61.75,62.375038,61.624962,62.25,1833600,4.121418
1988-07-28,61.875038,62.375038,61.50,61.75,1412800,4.088314
1988-07-27,62.124962,62.375038,61.624962,61.875038,2164800,4.096593
1988-07-26,62.00,62.25,61.25,62.124962,2306400,4.11314
1988-07-25,61.50,62.124962,61.50,62.00,3640800,4.104866
1988-07-22,61.75,61.75,60.624962,61.00,3063200,4.038659
1988-07-21,62.124962,62.50,61.624962,61.875038,1632000,4.096593
1988-07-20,62.375038,62.875038,62.00,62.124962,2012000,4.11314
1988-07-19,63.25,63.25,61.875038,62.375038,3771200,4.129697
1988-07-18,64.00,64.00,62.75,63.50,2645600,4.204178
1988-07-15,64.124962,64.875038,64.00,64.25,1510400,4.253833
1988-07-14,64.375038,64.624962,64.124962,64.124962,2993600,4.245555
1988-07-13,64.375038,64.75,64.00,64.375038,3756000,4.249532
1988-07-12,66.50,66.50,63.624962,64.375038,5881600,4.249532
1988-07-11,66.624962,66.75,66.375038,66.50,1394400,4.389806
1988-07-08,66.75,66.875038,66.50,66.624962,1114400,4.398055
1988-07-07,67.00,67.00,66.50,66.75,1879200,4.406309
1988-07-06,66.875038,67.75,66.75,67.124962,1680000,4.431061
1988-07-05,66.50,67.25,66.25,66.875038,1469600,4.414563
1988-07-01,67.75,67.75,66.375038,66.50,2318400,4.389806
1988-06-30,66.124962,67.75,66.124962,67.75,1624000,4.472321
1988-06-29,66.25,66.624962,65.50,66.124962,1729600,4.365049
1988-06-28,65.875038,66.624962,65.25,66.25,2014400,4.373303
1988-06-27,66.375038,66.75,65.375038,65.875038,2156000,4.348551
1988-06-24,67.875038,67.875038,66.375038,66.375038,1386400,4.381557
1988-06-23,68.25,68.25,67.25,67.875038,1972000,4.480575
1988-06-22,67.25,68.50,67.25,68.375038,3092000,4.513581
1988-06-21,66.00,66.75,66.00,66.375038,3628800,4.381557
1988-06-20,65.875038,66.75,65.50,66.00,4552000,4.3568
1988-06-17,65.75,65.875038,65.124962,65.875038,5486400,4.348551
1988-06-16,65.75,65.75,65.124962,65.75,2680800,4.340297
1988-06-15,65.75,66.00,65.375038,65.875038,2026400,4.348551
1988-06-14,64.75,66.124962,64.75,65.75,8560800,4.340297
1988-06-13,64.25,65.00,64.00,64.50,2226400,4.257781
1988-06-10,64.00,64.875038,63.75,64.25,2188000,4.241278
1988-06-09,64.75,65.124962,63.875038,64.00,1945600,4.224775
1988-06-08,63.375038,64.875038,63.375038,64.75,2664000,4.274284
1988-06-07,64.00,64.00,62.624962,63.25,1946400,4.175266
1988-06-06,63.75,64.25,63.624962,64.124962,1532000,4.233024
1988-06-03,63.00,63.875038,63.00,63.75,2128000,4.208272
1988-06-02,63.375038,63.624962,62.875038,63.00,2213600,4.158763
1988-06-01,62.375038,63.875038,62.375038,63.375038,3436000,4.18352
1988-05-31,60.25,62.75,60.124962,62.00,1696800,4.092751
1988-05-27,60.624962,60.75,59.875038,60.25,949600,3.97723
1988-05-26,60.25,60.75,60.25,60.624962,2183200,4.001982
1988-05-25,60.375038,61.124962,59.875038,60.00,3165600,3.960727
1988-05-24,60.124962,60.50,60.00,60.375038,3173600,3.985484
1988-05-23,61.375038,61.375038,60.00,60.124962,1490400,3.968976
1988-05-20,61.00,61.375038,60.50,61.375038,2200800,4.051496
1988-05-19,61.875038,61.875038,60.50,61.00,2344000,4.026739
1988-05-18,63.624962,63.624962,61.375038,62.25,3640000,4.109254
1988-05-17,62.75,63.75,62.75,63.75,5916000,4.208272
1988-05-16,60.875038,62.75,60.875038,62.75,2651200,4.14226
1988-05-13,59.75,60.624962,59.75,60.624962,1621600,4.001982
1988-05-12,58.875038,59.75,58.75,59.624962,2128000,3.93597
1988-05-11,59.624962,59.624962,58.375038,58.875038,3446400,3.886466
1988-05-10,60.00,60.50,59.75,59.875038,3126400,3.952478
1988-05-09,61.624962,61.624962,60.00,60.00,1998400,3.960727
1988-05-06,61.875038,62.50,61.624962,61.75,1703200,4.076248
1988-05-05,62.50,63.00,61.624962,61.875038,1732800,4.084502
1988-05-04,62.624962,62.875038,62.25,62.50,1562400,4.125757
1988-05-03,62.25,62.875038,62.25,62.624962,1065600,4.134006
1988-05-02,62.50,62.50,62.124962,62.25,932000,4.109254
1988-04-29,63.624962,63.624962,62.50,62.75,1523200,4.14226
1988-04-28,63.124962,63.875038,62.00,63.75,1354400,4.208272
1988-04-27,63.624962,63.624962,62.375038,63.124962,1516800,4.167012
1988-04-26,63.124962,63.875038,62.25,63.75,1438400,4.208272
1988-04-25,62.875038,63.375038,62.375038,63.124962,2558400,4.167012
1988-04-22,62.375038,62.875038,62.375038,62.875038,1922400,4.150514
1988-04-21,61.375038,62.375038,61.25,61.375038,3626400,4.051496
1988-04-20,62.25,62.25,60.75,61.375038,3430400,4.051496
1988-04-19,62.124962,63.375038,62.124962,62.375038,1828800,4.117508
1988-04-18,61.75,62.124962,61.124962,62.124962,1594400,4.088653
1988-04-15,62.75,63.00,61.00,61.75,5369600,4.063976
1988-04-14,64.50,64.50,62.75,62.75,5086400,4.129789
1988-04-13,67.124962,68.50,64.50,65.25,7928800,4.294322
1988-04-12,65.875038,67.25,65.624962,67.124962,3313600,4.41772
1988-04-11,65.375038,65.875038,65.25,65.875038,1548800,4.335458
1988-04-08,64.875038,65.375038,64.124962,65.375038,1644800,4.302552
1988-04-07,64.124962,65.25,64.00,64.875038,1548800,4.269645
1988-04-06,62.875038,64.375038,62.375038,64.124962,2144000,4.22028
1988-04-05,61.875038,62.875038,61.875038,62.875038,1547200,4.138018
1988-04-04,62.375038,62.624962,61.50,61.75,786400,4.063976
1988-03-31,61.624962,62.375038,60.875038,62.375038,1727200,4.105111
1988-03-30,63.124962,63.50,61.50,61.624962,2264800,4.055746
1988-03-29,62.624962,63.50,62.624962,63.124962,2432800,4.154466
1988-03-28,62.50,62.624962,61.25,62.00,2293600,4.080429
1988-03-25,63.75,63.75,62.375038,62.50,2194400,4.113336
1988-03-24,64.124962,64.124962,62.50,63.75,3856000,4.195602
1988-03-23,65.00,65.875038,64.624962,64.624962,1432800,4.253187
1988-03-22,65.50,65.75,64.75,65.00,1578400,4.277869
1988-03-21,66.75,66.75,65.124962,65.50,2544800,4.310776
1988-03-18,67.00,67.624962,66.50,67.25,3250400,4.425949
1988-03-17,65.75,67.25,65.75,67.00,4540000,4.409496
1988-03-16,64.75,65.75,64.75,65.50,1949600,4.310776
1988-03-15,64.75,64.75,64.25,64.624962,1080800,4.253187
1988-03-14,63.75,64.75,63.75,64.75,1508000,4.261416
1988-03-11,63.25,63.75,62.25,63.50,1283200,4.179149
1988-03-10,65.25,65.25,63.25,63.25,2385600,4.162696
1988-03-09,64.75,65.624962,64.25,65.50,2737600,4.310776
1988-03-08,64.624962,65.124962,64.50,64.75,1739200,4.261416
1988-03-07,64.00,64.875038,63.875038,64.624962,1342400,4.253187
1988-03-04,65.124962,65.124962,63.50,64.00,6757600,4.212056
1988-03-03,65.00,65.25,64.75,65.124962,2661600,4.286093
1988-03-02,65.875038,66.50,64.50,65.00,3022400,4.277869
1988-03-01,65.00,65.875038,64.375038,65.875038,4396800,4.335458
1988-02-29,64.00,65.00,63.875038,65.00,2351200,4.277869
1988-02-26,64.25,64.624962,64.00,64.00,1488000,4.212056
1988-02-25,64.25,64.875038,64.00,64.25,2316800,4.228509
1988-02-24,64.124962,64.624962,64.00,64.25,1698400,4.228509
1988-02-23,63.75,64.75,63.75,64.124962,4026400,4.22028
1988-02-22,62.25,63.75,62.25,63.50,4040000,4.179149
1988-02-19,61.624962,62.75,61.624962,62.00,2111200,4.080429
1988-02-18,61.25,62.25,61.25,61.624962,2378400,4.055746
1988-02-17,61.624962,61.875038,61.00,61.25,3195200,4.031069
1988-02-16,60.25,61.75,60.00,61.624962,1852800,4.055746
1988-02-12,60.25,61.50,60.124962,60.25,3284000,3.965256
1988-02-11,59.875038,60.624962,59.75,60.25,3032000,3.965256
1988-02-10,58.75,60.25,58.75,59.875038,4784000,3.940578
1988-02-09,58.124962,58.624962,58.00,58.50,1387200,3.850082
1988-02-08,59.00,59.00,58.124962,58.124962,1696000,3.8254
1988-02-05,58.624962,59.75,58.624962,59.25,2739200,3.899442
1988-02-04,58.25,58.75,57.875038,58.375038,2880000,3.841858
1988-02-03,57.50,59.25,57.25,58.25,3675200,3.833629
1988-02-02,58.375038,58.50,57.375038,57.50,4093600,3.784269
1988-02-01,58.375038,59.375038,58.375038,58.375038,3613600,3.841858
1988-01-29,57.624962,58.375038,57.624962,58.25,3346400,3.833629
1988-01-28,57.00,58.00,57.00,57.25,2462400,3.767815
1988-01-27,57.624962,58.00,56.00,56.75,3091200,3.734909
1988-01-26,58.50,58.624962,57.50,57.624962,2200800,3.792493
1988-01-25,57.875038,59.00,57.875038,58.50,2192800,3.850082
1988-01-22,57.124962,58.00,57.124962,57.875038,3519200,3.808951
1988-01-21,58.50,58.50,55.875038,56.75,8240000,3.734909
1988-01-20,61.624962,61.624962,58.00,58.50,5877600,3.850082
1988-01-19,62.50,62.624962,61.50,62.00,2129600,4.080429
1988-01-18,61.875038,62.624962,61.624962,62.50,2009600,4.113336
1988-01-15,60.624962,61.875038,60.624962,61.875038,6036800,4.072205
1988-01-14,59.624962,60.50,59.50,59.875038,3628000,3.940578
1988-01-13,60.25,60.375038,59.50,59.624962,5371200,3.92412
1988-01-12,60.25,60.25,58.25,60.25,3736800,3.952946
1988-01-11,61.00,62.25,59.50,60.25,4544800,3.952946
1988-01-08,65.25,65.375038,61.00,61.00,5022400,4.002153
1988-01-07,65.375038,65.375038,64.75,65.25,2030400,4.280991
1988-01-06,65.00,66.124962,65.00,65.875038,8000000,4.321999
1988-01-05,63.50,64.75,63.50,64.25,6368800,4.215382
1988-01-04,62.00,62.875038,61.00,62.624962,5838400,4.108765
1987-12-31,60.75,65.00,60.50,62.00,1485600,4.067762
1987-12-30,60.124962,61.00,60.00,60.75,2294400,3.98575
1987-12-29,60.624962,61.00,60.124962,60.124962,1099200,3.944742
1987-12-28,60.624962,60.624962,59.75,60.624962,1863200,3.977547
1987-12-24,62.124962,62.50,61.624962,61.75,1261600,4.051359
1987-12-23,61.75,62.375038,61.75,62.124962,2640800,4.07596
1987-12-22,61.875038,62.50,61.624962,61.75,3879200,4.051359
1987-12-21,62.25,62.624962,61.75,61.875038,1782400,4.059563
1987-12-18,61.124962,62.25,61.124962,62.25,4580000,4.084164
1987-12-17,61.375038,61.875038,60.75,61.00,4114400,4.002153
1987-12-16,60.375038,61.50,60.375038,61.375038,3852000,4.026759
1987-12-15,60.00,61.375038,60.00,60.00,5790400,3.936544
1987-12-14,58.25,60.75,58.25,60.00,3931200,3.936544
1987-12-11,59.00,59.50,58.00,58.25,1858400,3.821728
1987-12-10,59.50,61.25,57.624962,59.00,9920000,3.870935
1987-12-09,57.25,59.50,56.00,59.50,7446400,3.903739
1987-12-08,55.75,57.25,54.75,57.25,4193600,3.756119
1987-12-07,53.75,55.875038,53.75,55.75,2949600,3.657705
1987-12-04,54.50,54.50,53.00,53.375038,4024000,3.501886
1987-12-03,56.375038,56.375038,54.624962,55.00,2311200,3.608498
1987-12-02,55.875038,56.375038,55.624962,56.375038,2893600,3.698713
1987-12-01,56.75,57.624962,55.25,55.875038,2595200,3.665909
1987-11-30,58.00,58.00,54.75,56.75,6563200,3.723314
1987-11-27,61.00,61.00,59.75,59.875038,1737600,3.928345
1987-11-25,60.25,61.25,60.25,61.00,3846400,4.002153
1987-11-24,59.50,60.375038,59.50,60.00,4832800,3.936544
1987-11-23,57.50,59.00,57.124962,58.624962,2824800,3.846329
1987-11-20,56.00,57.75,55.25,57.50,3259200,3.772521
1987-11-19,56.875038,57.25,55.124962,56.00,4333600,3.674107
1987-11-18,56.25,57.00,56.00,56.875038,4819200,3.731518
1987-11-17,56.75,56.75,55.624962,56.25,4664000,3.69051
1987-11-16,57.875038,58.624962,56.624962,57.00,4132000,3.739716
1987-11-13,57.624962,58.375038,57.375038,57.875038,4415200,3.797127
1987-11-12,56.875038,59.375038,56.875038,57.624962,8320000,3.78072
1987-11-11,54.375038,55.75,54.375038,55.375038,3288800,3.633104
1987-11-10,53.875038,54.875038,52.75,53.25,4998400,3.493682
1987-11-09,54.124962,54.25,52.50,53.875038,4929600,3.534691
1987-11-06,55.25,55.50,53.50,54.124962,5208000,3.551088
1987-11-05,51.624962,56.00,51.25,55.25,6086400,3.624901
1987-11-04,51.00,52.50,51.00,51.624962,5404000,3.387065
1987-11-03,50.75,52.00,50.00,51.00,6616800,3.346062
1987-11-02,49.75,51.00,49.50,50.75,5335200,3.32966
1987-10-30,49.50,50.624962,49.50,49.75,8240000,3.264051
1987-10-29,45.00,47.75,45.00,47.50,11520000,3.11643
1987-10-28,44.00,45.00,42.00,44.50,8000000,2.919603
1987-10-27,42.375038,44.375038,42.375038,44.00,5244800,2.886799
1987-10-26,48.00,48.00,41.50,42.00,4298400,2.755581
1987-10-23,50.00,51.25,48.00,48.124962,4751200,3.157434
1987-10-22,52.00,52.00,47.00,50.00,7572000,3.280453
1987-10-21,49.75,53.50,49.75,53.124962,7823200,3.485479
1987-10-20,50.75,59.624962,45.00,46.375038,13100000,3.042623
1987-10-19,62.75,62.75,50.00,50.75,10978400,3.321456
1987-10-16,67.50,68.624962,62.875038,64.75,7574400,4.237719
1987-10-15,68.50,69.25,67.375038,67.50,5212000,4.4177
1987-10-14,70.00,71.875038,68.25,68.50,12160000,4.483147
1987-10-13,69.124962,70.50,69.124962,70.00,3434400,4.581318
1987-10-12,69.624962,69.624962,67.75,68.124962,2563200,4.458602
1987-10-09,70.50,70.75,69.50,69.624962,1836000,4.556773
1987-10-08,70.875038,71.375038,70.00,70.50,3648800,4.614042
1987-10-07,71.75,72.00,70.50,70.875038,3940800,4.638587
1987-10-06,73.75,73.75,71.124962,71.75,2541600,4.695851
1987-10-05,73.375038,73.875038,73.375038,73.875038,2528800,4.83493
1987-10-02,73.75,73.75,73.375038,73.375038,3195200,4.802206
1987-10-01,73.50,73.75,73.124962,73.75,2823200,4.826746
1987-09-30,73.124962,73.624962,72.624962,73.50,5043200,4.810384
1987-09-29,73.00,73.75,72.375038,73.124962,2235200,4.785839
1987-09-28,72.25,73.375038,72.124962,73.00,2978400,4.777661
1987-09-25,73.00,73.00,72.00,72.25,2395200,4.728575
1987-09-24,71.50,74.75,71.50,73.375038,8080000,4.802206
1987-09-23,69.624962,71.375038,69.624962,71.375038,9120000,4.671311
1987-09-22,68.124962,69.25,67.375038,69.25,7494400,4.532233
1987-09-21,67.875038,68.875038,67.875038,68.124962,4398400,4.458602
1987-09-18,66.75,68.00,66.75,67.875038,4756800,4.442245
1987-09-17,66.75,67.375038,65.875038,66.50,2646400,4.352252
1987-09-16,67.25,67.25,66.25,66.75,3607200,4.368614
1987-09-15,68.875038,68.875038,67.50,67.624962,2416800,4.425878
1987-09-14,69.00,70.375038,68.50,69.25,4608800,4.532233
1987-09-11,67.875038,69.124962,67.875038,69.00,6943200,4.515871
1987-09-10,66.375038,67.875038,66.375038,67.50,7272000,4.4177
1987-09-09,64.50,65.75,63.75,65.75,7144000,4.303167
1987-09-08,61.624962,64.624962,61.375038,64.50,4069600,4.221358
1987-09-04,60.875038,61.875038,60.875038,61.624962,3428000,4.033194
1987-09-03,61.124962,61.624962,60.50,60.75,3142400,3.97593
1987-09-02,61.25,61.25,60.25,61.124962,3325600,4.00047
1987-09-01,61.875038,62.75,61.50,61.50,2230400,4.025015
1987-08-31,62.00,62.25,61.50,61.875038,3680800,4.049561
1987-08-28,62.624962,62.624962,61.75,62.00,3196000,4.057739
1987-08-27,64.75,64.75,62.25,62.624962,3338400,4.098641
1987-08-26,65.50,65.75,64.25,64.75,2746400,4.237719
1987-08-25,65.50,65.875038,65.25,65.50,2014400,4.286805
1987-08-24,66.375038,66.375038,65.375038,65.50,2106400,4.286805
1987-08-21,65.624962,66.75,65.624962,66.50,2472000,4.352252
1987-08-20,64.624962,65.75,64.25,65.50,3110400,4.286805
1987-08-19,65.00,65.00,63.624962,64.624962,4685600,4.229536
1987-08-18,66.25,66.25,64.375038,65.00,3345600,4.254081
1987-08-17,65.50,66.50,65.25,66.50,3884000,4.352252
1987-08-14,66.25,66.375038,64.75,65.50,6008800,4.286805
1987-08-13,66.375038,66.50,66.00,66.25,2924800,4.335891
1987-08-12,65.50,67.124962,65.50,66.375038,5291200,4.344074
1987-08-11,65.50,65.875038,65.375038,65.50,3150400,4.286805
1987-08-10,65.375038,65.624962,64.875038,65.50,3525600,4.286805
1987-08-07,64.25,65.75,63.875038,65.375038,5540000,4.278627
1987-08-06,63.875038,64.25,63.75,64.25,2624000,4.204996
1987-08-05,63.75,64.50,63.75,63.875038,4514400,4.180455
1987-08-04,64.75,64.75,63.50,63.75,4918400,4.172272
1987-08-03,64.875038,65.00,63.624962,64.75,4690400,4.237719
1987-07-31,65.00,65.124962,64.75,64.875038,2407200,4.245903
1987-07-30,64.624962,65.875038,64.624962,65.00,4213600,4.254081
1987-07-29,65.124962,65.25,64.50,64.624962,3815200,4.229536
1987-07-28,64.75,65.50,64.25,65.124962,5774400,4.26226
1987-07-27,63.00,64.875038,62.75,64.75,4386400,4.237719
1987-07-24,62.75,63.00,62.50,63.00,1394400,4.123187
1987-07-23,62.75,62.875038,62.375038,62.75,3453600,4.106825
1987-07-22,61.50,63.00,61.25,62.75,4660000,4.106825
1987-07-21,62.25,62.375038,61.50,61.50,3280000,4.025015
1987-07-20,62.75,62.75,61.50,62.25,2980800,4.074101
1987-07-17,60.375038,63.25,60.375038,63.00,6289600,4.123187
1987-07-16,59.00,59.75,58.875038,59.75,4301600,3.910482
1987-07-15,60.124962,60.124962,58.75,59.00,4092000,3.861397
1987-07-14,59.875038,61.00,59.00,60.124962,5979200,3.935023
1987-07-13,59.25,60.00,59.25,59.875038,10160000,3.910483
1987-07-10,55.00,58.75,55.00,58.25,9520000,3.80435
1987-07-09,53.25,54.75,53.25,54.624962,2452000,3.567596
1987-07-08,51.75,53.375038,51.25,53.25,4943200,3.477796
1987-07-07,51.875038,52.624962,51.624962,51.75,6180000,3.37983
1987-07-06,52.75,53.00,51.124962,51.875038,2257600,3.387997
1987-07-02,52.624962,53.375038,52.50,52.75,2197600,3.445141
1987-07-01,53.50,53.624962,52.375038,52.624962,1808800,3.436975
1987-06-30,54.375038,54.375038,53.50,53.50,1380000,3.494124
1987-06-29,55.50,55.50,53.875038,54.375038,1836800,3.551274
1987-06-26,56.00,56.00,55.624962,55.624962,3240800,3.632907
1987-06-25,55.124962,56.00,55.124962,56.00,2531200,3.657401
1987-06-24,55.124962,55.124962,54.50,54.875038,1165600,3.583929
1987-06-23,55.375038,55.50,55.00,55.25,1643200,3.608418
1987-06-22,55.00,55.50,54.875038,55.375038,2363200,3.616584
1987-06-19,54.124962,55.375038,54.124962,55.00,3007200,3.59209
1987-06-18,54.124962,54.124962,53.50,54.124962,1280800,3.534941
1987-06-17,54.25,54.875038,54.25,54.50,3063200,3.559435
1987-06-16,53.875038,54.375038,53.50,54.25,1847200,3.543107
1987-06-15,54.624962,54.624962,53.75,53.875038,2473600,3.518618
1987-06-12,54.124962,54.875038,54.124962,54.75,1517600,3.575763
1987-06-11,53.624962,54.25,53.624962,54.124962,2111200,3.534941
1987-06-10,53.875038,54.75,52.00,53.50,2989600,3.494124
1987-06-09,53.124962,53.875038,53.124962,53.875038,2408000,3.518618
1987-06-08,52.25,53.25,51.875038,53.124962,2632000,3.46963
1987-06-05,52.75,52.75,52.124962,52.25,373600,3.412486
1987-06-04,52.875038,53.375038,52.375038,53.00,2203200,3.461469
1987-06-03,52.875038,53.25,52.75,52.875038,2484000,3.453307
1987-06-02,52.875038,53.624962,52.124962,52.875038,1150400,3.453307
1987-06-01,52.25,53.50,52.25,52.875038,2272000,3.453307
1987-05-29,53.875038,54.00,51.50,51.875038,1372000,3.387997
1987-05-28,53.875038,54.624962,53.25,53.875038,1740800,3.518618
1987-05-27,53.375038,54.00,53.375038,53.875038,2587200,3.518618
1987-05-26,51.75,52.875038,51.75,52.875038,1748000,3.453307
1987-05-22,51.25,52.375038,51.124962,51.50,1647200,3.363503
1987-05-21,51.124962,51.875038,51.124962,51.25,3044000,3.347175
1987-05-20,52.375038,52.375038,50.75,51.00,2672800,3.330847
1987-05-19,54.00,54.375038,52.375038,53.00,2497600,3.461469
1987-05-18,54.124962,54.124962,53.25,54.00,2164800,3.52678
1987-05-15,54.25,54.375038,53.75,54.25,3612000,3.543107
1987-05-14,55.50,55.624962,54.25,54.25,1869600,3.543107
1987-05-13,56.25,56.50,54.75,55.50,2720800,3.624746
1987-05-12,56.75,57.124962,55.375038,56.25,5012800,3.673729
1987-05-11,56.75,57.25,56.624962,56.75,7892800,3.706384
1987-05-08,55.124962,57.00,55.124962,56.75,9200000,3.706384
1987-05-07,54.25,57.00,54.25,55.124962,14400000,3.600252
1987-05-06,50.50,53.375038,50.375038,52.875038,9600000,3.453307
1987-05-05,48.875038,50.50,48.875038,50.50,6358400,3.298192
1987-05-04,48.50,48.875038,48.375038,48.75,1662400,3.183898
1987-05-01,48.124962,48.75,48.00,48.50,2348800,3.16757
1987-04-30,47.124962,48.124962,47.00,48.124962,2212000,3.143076
1987-04-29,46.25,47.25,46.25,47.124962,1870400,3.077766
1987-04-28,45.624962,46.00,45.624962,45.624962,1572000,2.9798
1987-04-27,46.624962,46.75,44.875038,45.624962,5864000,2.9798
1987-04-24,47.25,47.25,46.00,46.624962,1488000,3.04511
1987-04-23,47.624962,47.75,46.25,47.25,1324000,3.085932
1987-04-22,48.624962,48.624962,47.25,47.624962,2008000,3.110421
1987-04-21,46.75,48.624962,46.25,48.624962,4292800,3.175732
1987-04-20,47.25,47.375038,46.624962,46.75,910400,3.053277
1987-04-16,47.124962,47.50,47.124962,47.25,1793600,3.085932
1987-04-15,46.50,47.124962,46.50,47.00,3305600,3.069604
1987-04-14,47.00,47.00,45.375038,46.50,3308000,3.036949
1987-04-13,47.624962,47.624962,46.875038,47.00,1405600,3.069604
1987-04-10,47.75,48.375038,47.50,47.75,6176800,3.110421
1987-04-09,49.25,49.25,47.75,47.75,4612800,3.110421
1987-04-08,50.50,50.50,49.375038,49.75,2125600,3.2407
1987-04-07,50.624962,52.375038,50.50,50.75,5931200,3.30584
1987-04-06,50.375038,50.75,50.375038,50.624962,3037600,3.297695
1987-04-03,48.50,50.00,48.50,50.00,4361600,3.256985
1987-04-02,48.50,48.875038,48.00,48.375038,2436800,3.151136
1987-04-01,48.25,48.50,47.75,48.50,2427200,3.159276
1987-03-31,47.75,48.375038,47.75,48.25,2514400,3.142991
1987-03-30,47.875038,49.25,46.624962,47.75,2402400,3.110421
1987-03-27,48.124962,49.375038,47.875038,47.875038,1969600,3.118566
1987-03-26,48.00,48.50,48.00,48.124962,1428800,3.134846
1987-03-25,48.00,48.25,47.875038,47.875038,1534400,3.118566
1987-03-24,48.00,48.375038,48.00,48.00,5354400,3.126706
1987-03-23,47.124962,48.25,46.875038,48.00,3774400,3.126706
1987-03-20,46.624962,47.124962,46.50,47.124962,3525600,3.069706
1987-03-19,46.124962,46.624962,46.124962,46.624962,2848800,3.037136
1987-03-18,46.375038,46.624962,45.375038,45.75,2095200,2.980141
1987-03-17,46.25,46.624962,45.75,46.375038,2318400,3.020856
1987-03-16,46.624962,46.624962,46.25,46.25,1228000,3.012711
1987-03-13,46.75,46.75,46.375038,46.75,944000,3.045281
1987-03-12,47.00,47.25,46.50,46.75,2903200,3.045281
1987-03-11,47.00,47.624962,46.75,47.00,4449600,3.061566
1987-03-10,46.00,47.124962,46.00,47.00,9600000,3.061566
1987-03-09,45.25,45.875038,45.124962,45.75,2535200,2.980141
1987-03-06,45.25,45.375038,44.624962,45.25,3068000,2.947572
1987-03-05,45.75,45.875038,45.124962,45.25,2956800,2.947572
1987-03-04,45.50,45.875038,45.50,45.75,3424000,2.980141
1987-03-03,45.75,45.75,45.25,45.25,1312000,2.947572
1987-03-02,45.875038,46.375038,45.50,45.875038,1812000,2.988286
1987-02-27,46.00,46.375038,45.25,45.875038,2080000,2.988286
1987-02-26,46.25,46.375038,45.50,46.00,1793600,2.996426
1987-02-25,45.50,46.50,45.124962,46.25,2534400,3.012711
1987-02-24,46.50,49.124962,45.375038,45.50,2585600,2.963857
1987-02-23,46.75,46.75,44.875038,46.50,1835200,3.028996
1987-02-20,47.375038,47.375038,46.75,46.875038,1971200,3.053426
1987-02-19,47.875038,48.124962,47.50,47.624962,1596000,3.102276
1987-02-18,48.124962,48.624962,47.124962,47.875038,2323200,3.118566
1987-02-17,47.375038,48.375038,47.375038,48.124962,4298400,3.134846
1987-02-13,46.50,47.50,46.375038,47.375038,2876800,3.085996
1987-02-12,46.375038,46.624962,46.00,46.50,2710400,3.028996
1987-02-11,45.75,48.00,45.50,46.375038,2383200,3.020856
1987-02-10,45.875038,45.875038,43.375038,45.75,2005600,2.980141
1987-02-09,46.624962,46.624962,46.00,46.124962,808000,3.004566
1987-02-06,47.25,47.375038,46.50,46.624962,3001600,3.037136
1987-02-05,46.50,47.25,46.50,47.25,7890400,3.077851
1987-02-04,46.25,46.50,45.624962,46.375038,2350400,3.020856
1987-02-03,45.375038,46.875038,45.375038,46.25,5892000,3.012711
1987-02-02,43.50,45.00,43.25,44.50,3381600,2.898717
1987-01-30,43.00,43.624962,42.624962,43.50,2845600,2.833577
1987-01-29,42.75,43.75,42.75,43.00,1888800,2.801007
1987-01-28,42.75,43.25,42.375038,42.624962,1752800,2.776577
1987-01-27,41.875038,43.375038,41.875038,42.75,2623200,2.784722
1987-01-26,41.875038,42.25,41.124962,41.75,3844800,2.719583
1987-01-23,43.75,44.00,41.00,41.875038,7718400,2.727728
1987-01-22,44.00,44.124962,42.50,43.75,5700000,2.849862
1987-01-21,44.50,44.50,43.50,44.00,2720800,2.866147
1987-01-20,44.875038,45.50,44.50,44.875038,3493600,2.923147
1987-01-19,44.375038,44.875038,44.124962,44.875038,2082400,2.923147
1987-01-16,44.124962,44.375038,43.624962,44.375038,3828000,2.890577
1987-01-15,43.375038,44.875038,43.375038,44.124962,4642400,2.874287
1987-01-14,42.375038,43.875038,42.25,43.00,3803200,2.801007
1987-01-13,42.00,42.624962,41.624962,42.375038,2230400,2.760297
1987-01-12,41.75,42.124962,41.624962,42.00,2314400,2.727722
1987-01-09,40.875038,41.875038,40.75,41.75,3112000,2.711486
1987-01-08,40.875038,40.875038,40.375038,40.875038,2195200,2.654661
1987-01-07,41.375038,41.75,41.00,41.00,2188000,2.662777
1987-01-06,41.375038,41.375038,41.124962,41.375038,1206400,2.687134
1987-01-05,40.25,41.50,40.124962,41.375038,1752000,2.687134
1987-01-02,40.124962,40.75,39.875038,40.25,1218400,2.614067
1986-12-31,39.875038,40.375038,39.875038,40.124962,1442400,2.605947
1986-12-30,40.00,40.00,39.624962,39.75,1515200,2.581594
1986-12-29,40.375038,40.375038,39.75,40.124962,971200,2.605947
1986-12-26,40.50,40.624962,40.25,40.375038,309600,2.622188
1986-12-24,40.25,40.624962,40.25,40.50,757600,2.630304
1986-12-23,40.50,40.624962,40.00,40.124962,2175200,2.605947
1986-12-22,41.124962,41.124962,40.25,40.50,2005600,2.630304
1986-12-19,40.00,41.75,39.50,41.75,3968000,2.711486
1986-12-18,39.75,40.375038,39.75,40.00,2132800,2.597831
1986-12-17,40.124962,40.25,39.75,39.75,1728800,2.581594
1986-12-16,39.75,40.124962,39.50,40.124962,3074400,2.605947
1986-12-15,39.124962,39.75,38.75,39.75,1972000,2.581594
1986-12-12,39.375038,39.375038,38.875038,39.124962,1083200,2.541001
1986-12-11,39.25,39.624962,38.875038,39.624962,1456800,2.573474
1986-12-10,39.875038,39.875038,39.124962,39.25,1682400,2.549122
1986-12-09,40.00,40.124962,39.124962,40.00,1132800,2.597831
1986-12-08,40.624962,40.624962,39.375038,40.00,1993600,2.597831
1986-12-05,40.624962,41.25,40.375038,40.75,2844800,2.64654
1986-12-04,40.25,41.25,40.00,40.624962,2175200,2.63842
1986-12-03,39.00,40.875038,39.00,40.25,3661600,2.614067
1986-12-02,39.25,39.50,38.124962,38.875038,3005600,2.524769
1986-12-01,39.624962,39.624962,38.875038,39.25,2327200,2.549122
1986-11-28,39.50,39.75,39.50,39.624962,1216000,2.573474
1986-11-26,39.624962,39.75,39.25,39.25,1656000,2.549122
1986-11-25,39.75,39.875038,39.375038,39.624962,2707200,2.573474
1986-11-24,39.375038,40.50,39.375038,39.75,3236000,2.581594
1986-11-21,38.50,39.50,38.50,39.375038,2110400,2.557242
1986-11-20,37.50,38.624962,37.50,38.50,2104000,2.500412
1986-11-19,37.50,37.50,37.124962,37.25,4252800,2.41923
1986-11-18,37.875038,38.124962,37.375038,37.50,2695200,2.435466
1986-11-17,38.375038,38.375038,37.624962,37.875038,2092000,2.459824
1986-11-14,37.25,38.624962,37.25,38.375038,4514400,2.492296
1986-11-13,38.25,38.50,37.25,37.25,6509600,2.41923
1986-11-12,38.624962,38.624962,38.00,38.25,1440800,2.484176
1986-11-11,38.75,38.875038,38.25,38.875038,1750400,2.524769
1986-11-10,39.124962,39.124962,38.624962,38.75,3965600,2.516649
1986-11-07,39.25,39.375038,38.875038,39.124962,1052000,2.541001
1986-11-06,39.375038,39.50,38.25,39.25,2842400,2.549122
1986-11-05,40.00,40.00,39.375038,39.375038,3877600,2.557242
1986-11-04,40.124962,40.124962,39.75,40.00,1870400,2.597831
1986-11-03,39.875038,40.124962,39.50,40.124962,4227200,2.605947
1986-10-31,38.50,39.875038,38.375038,39.875038,3644000,2.589715
1986-10-30,38.124962,38.50,38.124962,38.50,2021600,2.500412
1986-10-29,37.00,38.124962,37.00,37.75,2199200,2.451703
1986-10-28,37.00,37.124962,36.875038,37.00,2110400,2.402994
1986-10-27,36.875038,37.25,36.75,37.00,2216000,2.402994
1986-10-24,37.00,37.00,36.624962,36.875038,3884800,2.394878
1986-10-23,36.75,37.124962,36.624962,37.00,2830400,2.402994
1986-10-22,37.25,37.375038,36.624962,36.75,3563200,2.386757
1986-10-21,37.25,37.375038,36.75,37.25,1599200,2.41923
1986-10-20,37.375038,37.375038,36.624962,37.25,2684000,2.41923
1986-10-17,37.875038,38.00,37.25,37.75,3360800,2.451703
1986-10-16,37.624962,38.00,37.375038,37.875038,3523200,2.459824
1986-10-15,37.75,37.75,37.25,37.624962,2088800,2.443582
1986-10-14,37.50,37.875038,37.375038,37.75,1036000,2.451703
1986-10-13,37.875038,38.00,37.50,37.50,1102400,2.427346
1986-10-10,38.00,38.25,37.624962,37.875038,1456000,2.451622
1986-10-09,37.50,38.875038,37.50,38.00,3948800,2.45971
1986-10-08,37.375038,37.50,37.124962,37.50,3616800,2.427346
1986-10-07,37.375038,37.50,37.124962,37.375038,2752000,2.419257
1986-10-06,37.25,37.50,37.25,37.375038,1920000,2.419257
1986-10-03,37.375038,37.75,37.124962,37.25,5944000,2.411163
1986-10-02,38.50,38.624962,37.375038,37.375038,6522400,2.419257
1986-10-01,37.875038,38.875038,37.50,38.50,4323200,2.492075
1986-09-30,37.25,38.50,37.124962,37.875038,3463200,2.451622
1986-09-29,38.75,38.875038,37.124962,37.25,3865600,2.411163
1986-09-26,39.75,39.75,38.50,38.75,3548800,2.508257
1986-09-25,40.50,40.50,39.50,39.75,8328000,2.572987
1986-09-24,41.25,41.25,40.25,40.624962,25920000,2.629622
1986-09-23,45.124962,46.00,45.00,45.75,1928800,2.961362
1986-09-22,44.50,45.124962,44.375038,45.124962,1695200,2.920904
1986-09-19,45.50,45.50,44.25,44.50,2631200,2.88045
1986-09-18,47.124962,47.25,45.875038,46.00,2053600,2.977544
1986-09-17,47.124962,47.375038,46.75,47.124962,890400,3.050362
1986-09-16,47.00,47.124962,46.375038,47.124962,2100800,3.050362
1986-09-15,46.624962,47.25,46.50,47.00,3070400,3.042273
1986-09-12,46.75,47.124962,45.50,46.624962,3977600,3.017997
1986-09-11,49.124962,49.124962,46.25,46.75,7408800,3.026091
1986-09-10,49.75,50.124962,49.50,49.75,3568000,3.220279
1986-09-09,49.124962,50.00,49.124962,49.75,2604000,3.220279
1986-09-08,49.875038,49.875038,49.00,49.124962,2184000,3.179821
1986-09-05,50.50,51.375038,49.75,49.875038,4101600,3.228372
1986-09-04,50.25,50.624962,49.875038,50.50,2254400,3.268826
1986-09-03,50.00,50.50,49.624962,50.25,1950400,3.252643
1986-09-02,50.00,51.00,50.00,50.00,2039200,3.236461
1986-08-29,49.875038,50.375038,49.75,49.875038,1566400,3.228372
1986-08-28,49.624962,49.875038,48.875038,49.875038,2031200,3.228372
1986-08-27,49.624962,49.875038,49.375038,49.624962,1821600,3.212185
1986-08-26,48.375038,49.875038,48.375038,49.624962,2298400,3.212185
1986-08-25,47.375038,48.25,47.375038,48.124962,2348800,3.115091
1986-08-22,47.25,47.624962,47.00,47.375038,1356000,3.066549
1986-08-21,46.00,47.25,45.875038,47.25,2559200,3.058456
1986-08-20,45.124962,46.124962,45.124962,46.00,1864000,2.977544
1986-08-19,45.375038,45.375038,45.00,45.124962,1648000,2.920904
1986-08-18,45.00,45.375038,44.75,45.375038,2355200,2.937091
1986-08-15,45.75,45.75,44.75,45.00,2652000,2.912815
1986-08-14,47.124962,47.50,45.75,46.25,2133600,2.993726
1986-08-13,46.875038,47.375038,46.624962,47.124962,2172800,3.050362
1986-08-12,46.75,47.00,46.25,46.875038,3203200,3.034185
1986-08-11,46.124962,46.875038,46.124962,46.75,1703200,3.026091
1986-08-08,46.375038,47.25,46.00,46.124962,2697600,2.985633
1986-08-07,44.75,46.75,44.75,46.375038,2264800,3.00182
1986-08-06,45.124962,45.124962,44.624962,44.75,1676800,2.896633
1986-08-05,45.875038,45.875038,44.875038,45.624962,2126400,2.953268
1986-08-04,45.375038,46.124962,45.00,45.875038,2012800,2.969455
1986-08-01,44.624962,46.00,44.25,45.375038,2479200,2.937091
1986-07-31,43.00,45.25,43.00,44.624962,5350400,2.888539
1986-07-30,42.875038,42.875038,41.00,42.124962,4888000,2.726716
1986-07-29,44.50,44.50,43.00,43.25,3156000,2.799539
1986-07-28,45.375038,45.624962,44.25,44.50,1200000,2.88045
1986-07-25,45.624962,45.624962,45.124962,45.375038,1784800,2.937091
1986-07-24,45.25,45.624962,44.875038,45.624962,1522400,2.953268
1986-07-23,45.624962,45.75,45.00,45.25,2248800,2.928997
1986-07-22,46.124962,46.25,45.624962,45.624962,2225600,2.953268
1986-07-21,46.124962,46.25,45.50,46.124962,2542400,2.985633
1986-07-18,45.624962,46.50,45.624962,46.124962,2854400,2.985633
1986-07-17,44.375038,45.624962,44.375038,45.624962,3179200,2.953268
1986-07-16,44.25,44.75,43.875038,44.25,5484000,2.864268
1986-07-15,46.50,46.50,44.124962,44.25,4432800,2.864268
1986-07-14,48.75,48.75,46.25,46.75,2717600,3.017997
1986-07-11,50.50,50.875038,48.875038,49.00,10520000,3.163249
1986-07-10,51.00,51.25,50.375038,50.50,4775200,3.260083
1986-07-09,50.875038,51.124962,50.624962,51.00,3425600,3.292361
1986-07-08,50.624962,50.875038,50.124962,50.875038,1986400,3.284294
1986-07-07,52.00,52.124962,50.624962,50.624962,4491200,3.26815
1986-07-03,50.75,52.875038,50.75,52.00,5883200,3.356917
1986-07-02,50.00,51.00,50.00,50.75,6544800,3.276222
1986-07-01,49.75,50.00,49.375038,50.00,2658400,3.227805
1986-06-30,49.25,49.875038,49.124962,49.75,1171200,3.211666
1986-06-27,49.375038,49.624962,48.875038,49.25,2704000,3.179388
1986-06-26,49.75,50.25,49.25,49.375038,3015200,3.18746
1986-06-25,49.624962,50.375038,49.50,49.75,3181600,3.211666
1986-06-24,50.124962,50.25,49.624962,49.624962,2100800,3.203594
1986-06-23,51.124962,51.875038,50.00,50.124962,1908000,3.235872
1986-06-20,51.00,51.124962,50.375038,51.124962,1725600,3.300428
1986-06-19,52.124962,52.124962,51.00,51.00,3632800,3.292361
1986-06-18,52.00,52.50,51.375038,52.124962,1789600,3.364984
1986-06-17,51.624962,52.00,50.875038,52.00,1946400,3.356917
1986-06-16,52.00,52.875038,51.624962,51.624962,1188800,3.332706
1986-06-13,50.75,52.50,50.75,52.00,3404000,3.356917
1986-06-12,51.375038,51.375038,50.124962,50.50,2375200,3.260083
1986-06-11,51.375038,51.50,51.00,51.375038,786400,3.316572
1986-06-10,51.875038,51.875038,51.00,51.375038,1712000,3.316572
1986-06-09,52.624962,52.75,51.624962,52.00,1991200,3.356917
1986-06-06,52.875038,53.124962,52.624962,52.624962,1260000,3.397262
1986-06-05,52.624962,52.875038,52.124962,52.875038,2019200,3.413406
1986-06-04,52.875038,53.124962,52.50,52.624962,1404800,3.397262
1986-06-03,53.124962,53.124962,52.50,52.875038,1376000,3.413406
1986-06-02,54.00,54.00,52.875038,53.375038,1305600,3.445684
1986-05-30,54.624962,54.624962,53.624962,54.25,3256000,3.502168
1986-05-29,54.875038,54.875038,54.124962,54.875038,2797600,3.542518
1986-05-28,54.75,55.124962,54.624962,55.00,3674400,3.550585
1986-05-27,53.875038,54.75,53.624962,54.75,2784800,3.534446
1986-05-23,52.875038,54.00,52.624962,53.875038,4208800,3.477962
1986-05-22,52.124962,52.875038,52.124962,52.875038,1912000,3.413406
1986-05-21,51.00,52.124962,51.00,52.124962,2994400,3.364984
1986-05-20,51.00,51.00,49.875038,51.00,3326400,3.292361
1986-05-19,50.25,51.00,50.25,51.00,2721600,3.292361
1986-05-16,50.124962,50.124962,49.624962,50.00,4626400,3.227805
1986-05-15,51.25,51.50,49.75,50.124962,2532000,3.235872
1986-05-14,51.375038,51.50,50.875038,51.25,2014400,3.3085
1986-05-13,52.124962,52.124962,51.124962,51.375038,1015200,3.316572
1986-05-12,52.124962,52.624962,51.875038,52.124962,1860000,3.364984
1986-05-09,51.50,52.25,51.50,52.124962,1656000,3.364984
1986-05-08,51.375038,52.00,51.375038,51.50,2095200,3.324639
1986-05-07,51.50,51.624962,50.75,51.124962,3865600,3.300428
1986-05-06,51.75,51.875038,50.875038,51.50,986400,3.324639
1986-05-05,52.00,52.375038,51.624962,51.75,1512800,3.340778
1986-05-02,53.00,53.624962,52.00,52.00,1922400,3.356917
1986-05-01,53.00,53.25,52.25,53.00,2027200,3.421473
1986-04-30,54.50,54.75,52.75,53.00,2744800,3.421473
1986-04-29,55.25,55.375038,54.25,54.50,2428800,3.518307
1986-04-28,55.25,55.375038,54.75,55.25,3441600,3.566724
1986-04-25,54.124962,55.375038,54.00,55.25,4845600,3.566724
1986-04-24,52.875038,54.25,52.875038,54.124962,4016000,3.494096
1986-04-23,52.25,53.00,52.00,52.75,1904800,3.405334
1986-04-22,52.875038,52.875038,52.00,52.25,1372800,3.373056
1986-04-21,53.00,53.25,52.50,52.875038,1083200,3.413406
1986-04-18,53.124962,53.25,49.00,53.00,1711200,3.421473
1986-04-17,51.75,53.75,51.75,53.124962,3472800,3.42954
1986-04-16,49.75,52.124962,49.75,51.375038,3726400,3.316572
1986-04-15,49.624962,49.875038,48.75,49.00,3154400,3.163249
1986-04-14,49.624962,49.75,49.25,49.624962,1108800,3.195522
1986-04-11,50.50,50.624962,49.50,49.624962,1923200,3.195522
1986-04-10,49.875038,50.624962,49.875038,50.50,1847200,3.251868
1986-04-09,49.375038,50.50,49.375038,49.875038,4370400,3.211625
1986-04-08,49.00,49.375038,48.375038,49.00,4991200,3.155278
1986-04-07,49.25,49.25,47.50,49.00,3268800,3.155278
1986-04-04,51.375038,51.75,49.375038,49.50,3313600,3.187475
1986-04-03,51.75,52.25,51.124962,51.375038,2286400,3.308215
1986-04-02,51.75,51.75,51.375038,51.75,2404000,3.33236
1986-04-01,52.624962,52.75,51.25,52.124962,2750400,3.356505
1986-03-31,52.875038,52.875038,52.124962,52.624962,1516000,3.388702
1986-03-27,52.50,53.50,52.50,53.00,2835200,3.412852
1986-03-26,52.50,53.25,52.00,52.25,1476800,3.364557
1986-03-25,53.00,53.00,52.375038,52.50,1317600,3.380655
1986-03-24,51.50,53.25,51.50,53.25,2916000,3.42895
1986-03-21,52.875038,53.624962,51.50,51.50,4316000,3.316262
1986-03-20,51.50,52.875038,51.50,52.875038,1802400,3.404805
1986-03-19,52.25,52.25,51.375038,51.50,2637600,3.316262
1986-03-18,50.124962,52.375038,50.124962,52.25,3685600,3.364557
1986-03-17,51.624962,51.624962,50.00,50.124962,2048000,3.227718
1986-03-14,51.00,51.75,50.624962,51.624962,3680800,3.324308
1986-03-13,51.624962,51.624962,50.50,51.00,2235200,3.284065
1986-03-12,52.00,52.50,51.375038,51.624962,2990400,3.324308
1986-03-11,50.25,52.50,50.124962,52.00,6468000,3.348458
1986-03-10,50.75,50.875038,50.124962,50.25,855200,3.23577
1986-03-07,51.875038,51.875038,50.375038,50.75,1860000,3.267967
1986-03-06,51.875038,52.75,51.875038,51.875038,2438400,3.340412
1986-03-05,52.875038,52.875038,51.25,51.875038,4914400,3.340412
1986-03-04,50.875038,53.25,50.875038,53.00,8880000,3.412852
1986-03-03,50.75,51.124962,50.50,50.75,3374400,3.267967
1986-02-28,50.25,51.124962,50.25,50.75,7047200,3.267967
1986-02-27,48.624962,50.00,48.624962,50.00,4664800,3.219672
1986-02-26,48.00,48.75,47.75,48.50,3966400,3.123081
1986-02-25,48.624962,48.624962,47.375038,48.00,2102400,3.090885
1986-02-24,48.75,48.875038,48.25,48.75,1778400,3.13918
1986-02-21,48.124962,48.875038,48.124962,48.75,4652000,3.13918
1986-02-20,48.00,48.25,47.624962,47.875038,2961600,3.082838
1986-02-19,48.875038,49.124962,48.00,48.00,2330400,3.090885
1986-02-18,49.50,49.50,48.75,48.875038,3053600,3.147231
1986-02-14,49.75,49.875038,49.375038,49.624962,3719200,3.195522
1986-02-13,49.624962,50.124962,49.50,49.75,7156800,3.203573
1986-02-12,49.00,49.875038,48.875038,49.624962,2777600,3.195522
1986-02-11,48.624962,49.00,48.25,49.00,3137600,3.155278
1986-02-10,47.875038,48.624962,47.75,48.624962,2754400,3.131128
1986-02-07,47.00,47.875038,46.75,47.875038,3704800,3.082838
1986-02-06,46.00,47.124962,46.00,47.00,4155200,3.026491
1986-02-05,45.75,46.00,45.25,46.00,2116800,2.962098
1986-02-04,46.75,47.25,44.875038,45.75,6975200,2.945999
1986-02-03,45.75,46.875038,45.624962,46.75,2825600,3.010393
1986-01-31,45.624962,46.375038,45.624962,45.75,4423200,2.945999
1986-01-30,46.875038,46.875038,45.25,45.624962,2885600,2.937948
1986-01-29,45.624962,47.00,45.624962,46.875038,5414400,3.018445
1986-01-28,45.25,45.75,45.124962,45.624962,1700800,2.937948
1986-01-27,44.624962,45.50,44.50,45.25,3672000,2.913803
1986-01-24,43.50,44.75,43.50,44.624962,3592800,2.873554
1986-01-23,43.124962,43.624962,43.124962,43.50,1319200,2.801114
1986-01-22,43.25,43.75,43.124962,43.124962,2371200,2.776964
1986-01-21,43.00,44.124962,43.00,43.25,3157600,2.785016
1986-01-20,43.124962,43.75,42.875038,43.00,3844800,2.768918
1986-01-17,42.75,43.624962,42.75,43.124962,2200000,2.776964
1986-01-16,43.00,43.124962,42.375038,42.375038,1553600,2.728674
1986-01-15,42.50,43.25,42.50,43.00,1578400,2.768918
1986-01-14,41.875038,42.50,41.875038,42.50,1900800,2.736721
1986-01-13,41.124962,41.624962,41.00,41.624962,1553600,2.680374
1986-01-10,40.624962,41.75,40.624962,41.124962,2022400,2.640126
1986-01-09,39.75,40.75,39.50,40.375038,4045600,2.591982
1986-01-08,42.00,42.75,39.25,39.75,2477600,2.551856
1986-01-07,42.00,43.124962,42.00,42.00,2422400,2.696301
1986-01-06,41.50,41.875038,41.50,41.875038,772000,2.688279
1986-01-03,41.50,42.00,41.375038,41.50,925600,2.664202
1986-01-02,42.00,42.00,41.25,41.50,865600,2.664202
1985-12-31,41.875038,42.375038,41.624962,42.00,979200,2.696301
1985-12-30,41.375038,41.875038,41.375038,41.875038,2283200,2.688279
1985-12-27,39.75,41.25,39.75,41.25,2073600,2.648153
1985-12-26,39.75,39.875038,39.624962,39.75,944800,2.551856
1985-12-24,40.00,40.25,39.624962,39.75,2493600,2.551856
1985-12-23,41.875038,41.875038,39.75,40.00,2582400,2.567906
1985-12-20,42.124962,42.375038,40.50,41.875038,2986400,2.688279
1985-12-19,42.50,42.624962,42.00,42.124962,2468800,2.704323
1985-12-18,42.75,42.75,42.50,42.50,1382400,2.7284
1985-12-17,42.875038,43.124962,42.75,42.75,3770400,2.744449
1985-12-16,42.375038,43.124962,42.00,42.875038,4887200,2.752476
1985-12-13,41.375038,42.375038,41.375038,42.375038,4763200,2.720378
1985-12-12,40.875038,41.50,40.875038,41.375038,4208800,2.65618
1985-12-11,40.50,40.875038,40.50,40.875038,2554400,2.624081
1985-12-10,40.25,40.875038,40.00,40.50,2573600,2.600005
1985-12-09,40.124962,40.624962,40.124962,40.25,2286400,2.583955
1985-12-06,40.124962,40.124962,39.375038,40.00,2065600,2.567906
1985-12-05,40.75,41.00,40.124962,40.124962,3347200,2.575928
1985-12-04,40.00,40.875038,40.00,40.75,5692000,2.616054
1985-12-03,39.624962,40.124962,39.50,39.75,1532000,2.551856
1985-12-02,39.875038,40.00,39.50,39.624962,1392000,2.543829
1985-11-29,39.875038,39.875038,39.25,39.875038,2138400,2.559884
1985-11-27,39.624962,40.124962,39.624962,39.875038,3660800,2.559884
1985-11-26,39.875038,39.875038,39.50,39.624962,1592800,2.543829
1985-11-25,39.624962,40.00,39.375038,39.875038,2071200,2.559884
1985-11-22,38.75,39.875038,38.75,39.624962,4380000,2.543829
1985-11-21,38.50,39.124962,38.25,38.624962,3320800,2.479632
1985-11-20,39.00,39.00,38.375038,38.50,2840000,2.471609
1985-11-19,38.50,39.375038,38.50,39.00,5688800,2.503708
1985-11-18,38.375038,38.375038,37.624962,38.25,1915200,2.45556
1985-11-15,37.624962,39.124962,37.624962,38.375038,3732800,2.463587
1985-11-14,37.00,37.75,37.00,37.624962,1504000,2.415434
1985-11-13,37.875038,37.875038,36.875038,37.00,2330400,2.375313
1985-11-12,38.25,38.375038,37.75,37.875038,2632800,2.431488
1985-11-11,37.75,38.375038,37.624962,38.25,3135200,2.45556
1985-11-08,36.375038,37.875038,36.124962,37.75,4726400,2.423461
1985-11-07,35.75,36.375038,35.624962,36.375038,3857600,2.335192
1985-11-06,36.25,36.375038,35.624962,35.75,2616800,2.295066
1985-11-05,36.50,36.50,36.00,36.25,1381600,2.327165
1985-11-04,36.00,36.50,35.875038,36.50,2100000,2.343214
1985-11-01,35.50,36.124962,35.25,36.00,2577600,2.311115
1985-10-31,35.25,35.50,35.124962,35.50,1646400,2.279016
1985-10-30,35.00,35.375038,35.00,35.25,1866400,2.262967
1985-10-29,34.75,35.124962,34.624962,35.00,1523200,2.246918
1985-10-28,34.75,34.875038,34.624962,34.75,252000,2.230868
1985-10-25,34.875038,34.875038,34.375038,34.75,383200,2.230868
1985-10-24,34.624962,35.25,34.624962,35.124962,1235200,2.25494
1985-10-23,34.75,34.875038,34.375038,34.375038,532800,2.206796
1985-10-22,34.75,35.124962,34.624962,34.75,1426400,2.230868
1985-10-21,35.00,35.00,34.50,34.75,772000,2.230868
1985-10-18,35.624962,35.75,35.00,35.00,803200,2.246918
1985-10-17,36.624962,36.875038,35.624962,35.624962,3624000,2.287039
1985-10-16,36.875038,37.624962,36.00,36.624962,3584000,2.351236
1985-10-15,36.75,37.124962,36.624962,36.875038,2554400,2.367291
1985-10-14,36.875038,37.124962,36.50,36.75,1380800,2.351236
1985-10-11,36.50,37.00,36.124962,36.875038,1523200,2.359236
1985-10-10,36.25,36.624962,36.25,36.50,647200,2.335241
1985-10-09,35.624962,36.375038,35.624962,36.25,1154400,2.319247
1985-10-08,35.50,35.875038,35.25,35.624962,872000,2.279257
1985-10-07,35.75,36.00,35.375038,35.50,795200,2.271262
1985-10-04,36.375038,36.375038,35.75,35.75,1228800,2.287257
1985-10-03,36.50,36.624962,36.124962,36.375038,1982400,2.327246
1985-10-02,36.375038,36.75,36.375038,36.50,2293600,2.335241
1985-10-01,35.375038,36.375038,35.124962,36.375038,1224800,2.327246
1985-09-30,35.624962,35.75,35.25,35.375038,1244000,2.263267
1985-09-26,35.25,35.624962,35.00,35.624962,1014400,2.279257
1985-09-25,36.124962,36.124962,35.124962,35.25,1165600,2.255267
1985-09-24,36.25,36.624962,36.00,36.124962,2530400,2.311247
1985-09-23,35.50,36.25,35.50,36.25,3416000,2.319247
1985-09-20,34.75,35.00,34.124962,34.124962,1375200,2.183288
1985-09-19,34.375038,34.875038,34.375038,34.75,462400,2.223278
1985-09-18,34.25,34.25,33.875038,34.124962,957600,2.183288
1985-09-17,33.75,34.375038,33.624962,34.375038,969600,2.199288
1985-09-16,33.50,33.875038,33.50,33.75,604800,2.159299
1985-09-13,33.875038,34.124962,33.00,33.50,988800,2.143304
1985-09-12,35.375038,35.375038,33.875038,33.875038,1884000,2.167298
1985-09-11,36.00,36.25,34.875038,35.375038,976800,2.263267
1985-09-10,36.875038,36.875038,36.00,36.00,848000,2.303252
1985-09-09,36.25,37.00,36.25,37.00,2108800,2.367231
1985-09-06,35.75,36.124962,35.624962,36.124962,574400,2.311247
1985-09-05,35.624962,35.875038,35.624962,35.75,633600,2.287257
1985-09-04,35.50,35.75,35.50,35.624962,652000,2.279257
1985-09-03,36.00,36.124962,35.375038,35.50,1036000,2.271262
1985-08-30,36.124962,36.375038,36.00,36.00,873600,2.303252
1985-08-29,36.25,36.375038,36.00,36.124962,839200,2.311247
1985-08-28,36.375038,36.375038,36.124962,36.25,1025600,2.319247
1985-08-27,36.25,36.50,36.25,36.375038,457600,2.327246
1985-08-26,36.124962,36.375038,36.00,36.25,1370400,2.319247
1985-08-23,36.124962,36.124962,35.75,36.124962,2163200,2.311247
1985-08-22,36.75,36.75,36.124962,36.124962,588800,2.311247
1985-08-21,36.00,36.75,36.00,36.75,1329600,2.351236
1985-08-20,36.00,36.25,35.75,36.00,1249600,2.303252
1985-08-19,35.624962,36.124962,35.624962,36.00,698400,2.303252
1985-08-16,35.875038,35.875038,35.50,35.624962,1946400,2.279257
1985-08-15,35.75,36.00,35.624962,35.875038,448000,2.295257
1985-08-14,35.624962,36.124962,35.624962,35.75,801600,2.287257
1985-08-13,35.875038,35.875038,35.50,35.624962,2248000,2.279257
1985-08-12,35.875038,36.00,35.624962,35.875038,1236000,2.295257
1985-08-09,36.00,36.124962,35.624962,35.875038,730400,2.295257
1985-08-08,36.25,36.75,35.875038,36.00,1701600,2.303252
1985-08-07,35.624962,36.25,35.624962,36.25,3567200,2.319247
1985-08-06,36.75,36.75,35.50,35.624962,1088800,2.279257
1985-08-05,37.25,37.50,36.624962,36.75,478400,2.351236
1985-08-02,37.624962,37.624962,37.25,37.25,1278400,2.383226
1985-08-01,37.375038,37.875038,37.375038,37.75,1712000,2.415215
1985-07-31,36.375038,36.875038,36.375038,36.875038,2411200,2.359236
1985-07-30,36.875038,36.875038,35.50,36.00,1671200,2.303252
1985-07-29,38.00,38.00,36.875038,37.00,1024000,2.367231
1985-07-26,37.75,38.25,37.624962,38.124962,2597600,2.439205
1985-07-25,37.375038,38.25,37.375038,37.75,2813600,2.415215
1985-07-24,37.00,37.375038,37.00,37.375038,3004800,2.391226
1985-07-23,36.624962,37.375038,36.624962,37.00,4596000,2.367231
1985-07-22,36.50,36.624962,36.25,36.624962,706400,2.343236
1985-07-19,36.25,36.50,36.25,36.50,642400,2.335241
1985-07-18,36.124962,36.75,36.00,36.25,3250400,2.319247
1985-07-17,36.375038,36.375038,35.875038,36.124962,1834400,2.311247
1985-07-16,36.50,36.50,35.75,36.375038,2212000,2.327246
1985-07-15,36.75,36.875038,36.50,36.50,1136800,2.327241
1985-07-12,36.75,36.875038,36.50,36.75,2881600,2.343181
1985-07-11,37.50,37.50,36.375038,36.75,5133600,2.343181
1985-07-10,35.75,37.624962,35.75,37.50,9496000,2.391001
1985-07-09,35.25,36.25,35.25,35.75,3412000,2.279421
1985-07-08,35.375038,35.375038,35.00,35.25,1394400,2.247541
1985-07-05,34.624962,35.50,34.624962,35.50,1424000,2.263481
1985-07-03,34.25,34.75,34.25,34.50,1853600,2.199721
1985-07-02,33.624962,34.25,33.624962,34.124962,1040000,2.175809
1985-07-01,33.124962,33.75,33.124962,33.624962,1926400,2.143929
1985-06-28,33.25,33.25,32.75,33.124962,933600,2.112049
1985-06-27,33.25,33.25,33.00,33.25,1289600,2.120021
1985-06-26,33.375038,33.375038,33.00,33.25,852800,2.120021
1985-06-25,33.624962,33.875038,33.375038,33.50,2897600,2.135961
1985-06-24,33.624962,33.624962,33.375038,33.624962,1528000,2.143929
1985-06-21,33.50,33.875038,33.25,33.875038,2183200,2.159874
1985-06-20,33.624962,33.875038,33.25,33.50,1621600,2.135961
1985-06-19,33.624962,33.75,33.50,33.624962,1334400,2.143929
1985-06-18,33.50,33.875038,33.50,33.624962,1808000,2.143929
1985-06-17,33.75,33.75,33.50,33.50,450400,2.135961
1985-06-14,33.50,33.875038,33.50,33.75,1597600,2.151901
1985-06-13,33.624962,33.875038,33.375038,33.50,724000,2.135961
1985-06-12,33.75,33.75,33.50,33.624962,939200,2.143929
1985-06-11,34.00,34.124962,33.75,33.75,785600,2.151901
1985-06-10,34.00,34.00,33.75,34.00,971200,2.167841
1985-06-07,34.50,34.50,34.00,34.00,2058400,2.167841
1985-06-06,35.25,35.25,34.50,34.50,5049600,2.199721
1985-06-05,35.75,36.00,35.375038,35.375038,3457600,2.255514
1985-06-04,35.375038,36.00,35.375038,35.75,3568800,2.279421
1985-06-03,34.75,35.124962,34.75,35.124962,1594400,2.239569
1985-05-31,34.50,34.875038,34.375038,34.624962,1889600,2.207689
1985-05-30,34.75,34.875038,34.375038,34.50,1735200,2.199721
1985-05-29,34.75,34.875038,34.50,34.75,905600,2.215661
1985-05-28,34.624962,35.00,34.50,34.75,1246400,2.215661
1985-05-24,34.375038,34.75,34.375038,34.624962,1196000,2.207689
1985-05-23,34.624962,34.75,34.25,34.375038,1123200,2.191754
1985-05-22,34.75,34.75,34.50,34.624962,1617600,2.207689
1985-05-21,34.624962,35.375038,34.50,35.00,4822400,2.231601
1985-05-20,34.124962,34.75,34.124962,34.624962,3351200,2.207689
1985-05-17,32.624962,33.875038,32.375038,33.875038,6963200,2.159874
1985-05-16,32.624962,32.75,32.375038,32.624962,688800,2.080169
1985-05-15,32.624962,32.875038,32.25,32.624962,1203200,2.080169
1985-05-14,32.75,33.124962,32.50,32.624962,1260800,2.080169
1985-05-13,32.624962,32.875038,32.624962,32.75,948800,2.088141
1985-05-10,31.37504,32.624962,31.37504,32.50,1762400,2.072201
1985-05-09,31.25,31.50,31.12496,31.37504,1522400,2.000474
1985-05-08,31.25,31.50,31.25,31.25,914400,1.992501
1985-05-07,30.87504,31.25,30.75,31.12496,2597600,1.984529
1985-05-06,31.00,31.50,30.75,30.87504,1525600,1.968594
1985-05-03,31.12496,31.12496,30.75,31.00,2264000,1.976561
1985-05-02,31.37504,31.37504,31.00,31.12496,669600,1.984529
1985-05-01,31.62496,31.75,31.25,31.37504,1500000,2.000474
1985-04-30,32.75,32.75,31.62496,31.62496,1231200,2.016409
1985-04-29,32.75,32.875038,32.375038,32.75,733600,2.088141
1985-04-26,32.75,33.00,32.75,32.75,1638400,2.088141
1985-04-25,32.875038,33.00,32.624962,32.75,1230400,2.088141
1985-04-24,32.875038,32.875038,32.624962,32.875038,996800,2.096114
1985-04-23,32.624962,32.875038,32.50,32.875038,1257600,2.096114
1985-04-22,32.624962,32.875038,32.624962,32.624962,1048800,2.080169
1985-04-19,32.75,33.00,32.50,32.624962,1332000,2.080169
1985-04-18,33.124962,33.25,32.50,32.75,1774400,2.088141
1985-04-17,32.75,33.375038,31.75,33.124962,4517600,2.112049
1985-04-16,32.25,33.124962,32.124962,32.75,4111200,2.088141
1985-04-15,32.00,32.50,32.00,32.25,1972000,2.048289
1985-04-12,31.87504,32.124962,31.62496,31.87504,552000,2.024474
1985-04-11,31.00,32.00,31.00,31.87504,2472000,2.024474
1985-04-10,30.75,30.75,30.00,30.50,1731200,1.937141
1985-04-09,31.62496,31.62496,30.62496,30.75,2126400,1.953019
1985-04-08,31.62496,31.87504,31.37504,31.62496,876800,2.008591
1985-04-04,32.00,32.00,31.50,31.62496,959200,2.008591
1985-04-03,32.75,32.75,31.62496,32.00,1053600,2.03241
1985-04-02,32.875038,33.124962,32.624962,32.75,1632800,2.080045
1985-04-01,32.124962,33.00,32.124962,32.875038,1041600,2.087987
1985-03-29,31.62496,32.124962,31.50,31.87504,1075200,2.024474
1985-03-28,31.25,32.00,31.12496,31.62496,2058400,2.008591
1985-03-27,30.75,31.25,30.75,31.25,1144000,1.984776
1985-03-26,30.12496,30.75,30.00,30.62496,602400,1.945078
1985-03-25,30.00,30.25,29.87504,30.12496,1016800,1.913321
1985-03-22,29.75,30.25,29.62496,30.00,2747200,1.905385
1985-03-21,30.00,30.00,29.62496,29.75,921600,1.889507
1985-03-20,29.75,30.12496,29.75,30.00,4013600,1.905385
1985-03-19,29.37504,30.00,29.00,29.75,2697600,1.889507
1985-03-18,30.62496,30.75,29.37504,29.37504,1736000,1.865692
1985-03-15,31.12496,31.12496,30.62496,30.62496,1693600,1.945078
1985-03-14,31.12496,31.25,31.00,31.12496,494400,1.976834
1985-03-13,31.37504,31.50,30.75,31.12496,942400,1.976834
1985-03-12,31.37504,31.75,31.25,31.37504,1356000,1.992717
1985-03-11,31.50,31.75,31.37504,31.37504,662400,1.992717
1985-03-08,31.00,31.75,31.00,31.50,1194400,2.000654
1985-03-07,31.75,31.75,30.75,30.87504,1924000,1.960961
1985-03-06,32.124962,32.124962,31.62496,31.75,1097600,2.016532
1985-03-05,32.25,32.375038,32.00,32.25,884800,2.048289
1985-03-04,32.75,32.75,32.124962,32.25,1028000,2.048289
1985-03-01,32.875038,33.124962,32.624962,32.75,2152000,2.080045
1985-02-28,32.75,32.875038,32.624962,32.875038,997600,2.087987
1985-02-27,33.00,33.00,32.50,32.75,1815200,2.080045
1985-02-26,32.00,33.00,31.12496,33.00,2028000,2.095923
1985-02-25,31.87504,32.25,31.50,32.00,1429600,2.03241
1985-02-22,31.50,32.25,31.50,31.87504,1609600,2.024474
1985-02-21,31.75,31.75,31.37504,31.37504,2565600,1.992717
1985-02-20,31.75,32.50,31.50,31.87504,1710400,2.024474
1985-02-19,31.87504,31.87504,31.50,31.75,960000,2.016532
1985-02-15,32.25,32.624962,31.87504,32.00,1547200,2.03241
1985-02-14,32.75,32.875038,32.25,32.25,1999200,2.048289
1985-02-13,32.624962,33.124962,32.50,32.75,1465600,2.080045
1985-02-12,33.624962,33.624962,32.624962,32.624962,1604000,2.072103
1985-02-11,34.50,34.50,33.50,33.75,1764800,2.143558
1985-02-08,33.25,34.624962,33.25,34.624962,2283200,2.199129
1985-02-07,33.124962,33.375038,32.875038,33.25,1504000,2.111801
1985-02-06,33.124962,33.375038,32.875038,33.124962,988000,2.10386
1985-02-05,33.624962,33.75,32.875038,33.124962,1562400,2.10386
1985-02-04,33.624962,33.875038,33.375038,33.624962,1399200,2.135616
1985-02-01,33.375038,33.75,33.25,33.624962,1059200,2.135616
1985-01-31,33.75,33.75,33.25,33.375038,2156000,2.119743
1985-01-30,34.25,34.50,33.375038,33.75,2970400,2.143558
1985-01-29,33.50,34.25,33.50,34.25,2579200,2.175314
1985-01-28,33.624962,33.875038,33.25,33.375038,1528000,2.119743
1985-01-25,33.50,34.00,33.375038,33.624962,1487200,2.135616
1985-01-24,33.25,34.50,33.124962,33.50,2698400,2.12768
1985-01-23,32.25,33.50,32.124962,33.25,4086400,2.111801
1985-01-22,32.00,32.624962,31.37504,32.25,3175200,2.048289
1985-01-21,30.37504,32.124962,30.37504,32.00,2363200,2.03241
1985-01-18,30.50,30.50,29.50,30.37504,4954400,1.929205
1985-01-17,30.00,30.62496,30.00,30.50,1796800,1.937141
1985-01-16,30.00,30.25,29.75,30.00,4868800,1.905385
1985-01-15,29.87504,30.25,29.50,30.00,2012000,1.905385
1985-01-14,29.37504,30.00,29.00,29.87504,2863200,1.897448
1985-01-11,30.00,30.00,29.25,29.37504,1860000,1.85775
1985-01-10,30.37504,30.37504,29.75,30.00,2642400,1.897274
1985-01-09,30.00,30.62496,30.00,30.50,1042400,1.928895
1985-01-08,30.75,31.00,30.00,30.00,1854400,1.897274
1985-01-07,31.00,31.62496,30.75,30.75,2008000,1.944706
1985-01-04,30.87504,31.00,30.75,31.00,1180800,1.960517
1985-01-03,31.00,31.25,30.75,30.87504,1972000,1.952614
1985-01-02,31.00,31.12496,30.75,31.00,1180800,1.960517
1984-12-31,31.00,31.37504,30.75,31.00,2172800,1.960517
1984-12-28,30.62496,31.00,30.62496,31.00,2751200,1.960517
1984-12-27,30.37504,30.87504,30.37504,30.62496,2879200,1.936798
1984-12-26,30.87504,31.00,30.37504,30.37504,1914400,1.920993
1984-12-24,29.50,30.87504,29.37504,30.87504,2708800,1.952614
1984-12-21,30.12496,30.12496,29.00,29.50,1798400,1.865653
1984-12-20,31.00,31.00,30.00,30.12496,1238400,1.905177
1984-12-19,30.87504,31.25,30.75,31.00,2528800,1.960517
1984-12-18,30.00,30.87504,30.00,30.87504,6269600,1.952614
1984-12-17,28.87504,29.87504,28.12496,29.50,2724800,1.865653
1984-12-14,28.62496,29.25,28.62496,28.87504,2973600,1.826129
1984-12-13,29.75,29.75,28.37504,28.62496,2271200,1.810313
1984-12-12,30.00,30.00,29.12496,29.75,1265600,1.881464
1984-12-11,29.87504,30.12496,29.75,30.00,802400,1.897274
1984-12-10,30.25,30.25,29.62496,29.87504,1088800,1.889371
1984-12-07,30.62496,30.62496,30.12496,30.25,981600,1.913085
1984-12-06,29.87504,30.62496,29.62496,30.62496,2182400,1.936798
1984-12-05,30.37504,30.50,29.62496,29.87504,1295200,1.889371
1984-12-04,30.37504,30.75,30.25,30.37504,1556000,1.920993
1984-12-03,30.87504,30.87504,30.12496,30.37504,1809600,1.920993
1984-11-30,31.00,31.12496,30.50,30.87504,1695200,1.952614
1984-11-29,31.12496,31.50,30.87504,31.00,1757600,1.960517
1984-11-28,31.62496,31.75,30.87504,31.12496,1335200,1.968419
1984-11-27,31.12496,31.87504,31.12496,31.62496,1268800,2.000041
1984-11-26,30.87504,31.50,30.62496,31.12496,2872000,1.968419
1984-11-23,30.87504,31.00,30.75,30.87504,2404000,1.952614
1984-11-21,31.25,31.25,30.37504,30.87504,2195200,1.952614
1984-11-20,31.37504,31.62496,31.25,31.37504,1059200,1.984235
1984-11-19,32.124962,32.25,31.37504,31.37504,1232000,1.984235
1984-11-16,32.50,32.75,32.124962,32.124962,1070400,2.031662
1984-11-15,32.875038,32.875038,32.25,32.50,1718400,2.05538
1984-11-14,33.25,33.375038,32.624962,33.124962,1168000,2.094904
1984-11-13,33.375038,33.624962,33.124962,33.25,929600,2.102812
1984-11-12,33.375038,33.624962,33.124962,33.375038,898400,2.11072
1984-11-09,33.75,34.124962,33.375038,33.375038,880000,2.11072
1984-11-08,33.75,34.25,33.624962,33.75,2616000,2.134433
1984-11-07,33.375038,34.00,33.124962,33.75,2608800,2.134433
1984-11-06,32.75,33.375038,32.624962,33.375038,4427200,2.11072
1984-11-05,31.87504,32.75,31.87504,32.75,3049600,2.071191
1984-11-02,31.00,32.375038,31.00,31.87504,3514400,2.015856
1984-11-01,31.00,31.25,30.75,30.87504,2469600,1.952614
1984-10-31,30.75,31.00,30.62496,31.00,1008000,1.960517
1984-10-30,30.87504,30.87504,30.50,30.75,1486400,1.944706
1984-10-29,31.00,31.25,30.75,31.00,1700000,1.960517
1984-10-26,31.75,31.75,30.62496,31.00,4584800,1.960517
1984-10-25,32.75,33.00,31.62496,31.75,2245600,2.007949
1984-10-24,32.124962,32.875038,32.00,32.75,2892000,2.071191
1984-10-23,31.87504,32.124962,31.75,32.124962,1612800,2.031662
1984-10-22,32.124962,32.375038,31.75,31.87504,1824800,2.015856
1984-10-19,32.00,33.75,31.75,32.124962,2078400,2.031662
1984-10-18,29.75,32.00,29.37504,32.00,5104800,2.023759
1984-10-17,30.12496,30.12496,29.25,29.75,3480800,1.881464
1984-10-16,30.87504,30.87504,30.00,30.12496,3094400,1.905177
1984-10-15,30.87504,31.25,30.75,30.87504,2568800,1.944706
1984-10-12,31.50,31.75,30.62496,30.87504,4603200,1.944706
1984-10-11,31.00,32.124962,31.00,31.50,5710400,1.98407
1984-10-10,30.75,32.875038,29.00,30.50,5532800,1.921084
1984-10-09,31.25,31.50,30.62496,30.75,3687200,1.93683
1984-10-08,31.50,31.50,30.62496,31.25,3567200,1.968323
1984-10-05,33.875038,34.00,31.12496,31.62496,8416000,1.991941
1984-10-04,34.375038,34.50,33.75,33.875038,4064000,2.133665
1984-10-03,34.624962,34.624962,34.25,34.375038,1876000,2.165158
1984-10-02,34.75,35.00,34.50,34.75,1946400,2.188776
1984-10-01,34.875038,34.875038,34.50,34.75,1498400,2.188776
1984-09-28,35.624962,35.624962,34.624962,35.00,1941600,2.204522
1984-09-27,35.50,35.75,35.50,35.624962,1174400,2.243886
1984-09-26,35.124962,35.75,35.124962,35.375038,1481600,2.228145
1984-09-25,35.50,35.875038,35.124962,35.124962,2055200,2.212393
1984-09-24,34.875038,35.624962,34.875038,35.50,1770400,2.236015
1984-09-21,34.25,36.375038,34.25,34.75,6680800,2.188776
1984-09-20,34.00,34.375038,33.875038,34.25,4232800,2.157283
1984-09-19,34.50,34.624962,34.00,34.00,4512000,2.141536
1984-09-18,34.75,34.75,34.375038,34.50,3052000,2.173029
1984-09-17,34.624962,35.124962,34.624962,34.75,4433600,2.188776
1984-09-14,34.75,34.75,34.00,34.50,13056000,2.173029
1984-09-13,38.50,39.375038,38.375038,39.375038,1099200,2.48009
1984-09-12,37.25,38.50,37.25,38.50,972000,2.424975
1984-09-11,37.00,37.75,37.00,37.25,1115200,2.346242
1984-09-10,36.875038,37.124962,36.124962,37.00,1652000,2.330495
1984-09-07,38.25,38.25,36.75,36.875038,1919200,2.322624
1984-09-06,38.25,38.25,38.00,38.25,1716800,2.409228
1984-09-05,39.00,39.00,38.124962,38.25,1655200,2.409228
1984-09-04,39.00,39.375038,39.00,39.25,712800,2.472214
1984-08-31,38.875038,39.124962,38.75,38.875038,494400,2.448597
1984-08-30,38.875038,39.25,38.75,38.875038,813600,2.448597
1984-08-29,39.50,39.50,38.875038,38.875038,2697600,2.448597
1984-08-28,40.00,40.00,39.124962,39.50,993600,2.487961
1984-08-27,39.00,40.00,38.875038,40.00,617600,2.519454
1984-08-24,39.124962,39.25,38.75,39.00,586400,2.456468
1984-08-23,39.25,39.50,39.00,39.124962,928000,2.464339
1984-08-22,39.25,39.624962,39.00,39.25,2405600,2.472214
1984-08-21,38.75,39.375038,38.75,39.25,2092000,2.472214
1984-08-20,38.124962,38.624962,38.124962,38.624962,869600,2.432845
1984-08-17,38.375038,38.875038,37.75,38.00,712000,2.393481
1984-08-16,37.624962,38.624962,37.375038,38.375038,1846400,2.417104
1984-08-15,37.875038,38.375038,37.50,37.624962,1451200,2.369859
1984-08-14,39.00,39.375038,37.75,37.875038,1219200,2.38561
1984-08-13,39.00,39.124962,38.375038,39.00,1017600,2.456468
1984-08-10,38.875038,40.124962,38.75,39.00,2259200,2.456468
1984-08-09,35.875038,39.25,35.875038,38.875038,3132800,2.448597
1984-08-08,37.00,37.375038,35.00,35.875038,1268800,2.259638
1984-08-07,38.50,38.624962,37.00,37.00,1888000,2.330495
1984-08-06,39.00,39.75,38.124962,38.50,2106400,2.424975
1984-08-03,38.875038,40.25,38.875038,39.00,5188800,2.456468
1984-08-02,35.875038,38.375038,35.875038,38.25,4544800,2.409228
1984-08-01,34.75,35.75,34.75,35.624962,1666400,2.243886
1984-07-31,33.875038,34.624962,33.875038,34.375038,1247200,2.165158
1984-07-30,34.25,34.50,33.875038,33.875038,1176000,2.133665
1984-07-27,34.124962,34.25,33.875038,34.25,1864000,2.157283
1984-07-26,33.875038,34.25,33.50,34.124962,5225600,2.149407
1984-07-25,34.25,34.75,33.875038,33.875038,2826400,2.133665
1984-07-24,34.75,35.25,34.124962,34.25,818400,2.157283
1984-07-23,34.50,34.75,33.75,34.75,2009600,2.188776
1984-07-20,36.124962,36.124962,34.25,34.50,1646400,2.173029
1984-07-19,36.375038,36.50,36.00,36.124962,516000,2.27538
1984-07-18,36.50,37.25,36.00,36.375038,628000,2.291131
1984-07-17,37.50,37.50,36.50,36.50,840800,2.299002
1984-07-16,37.25,37.75,36.75,37.624962,1416000,2.369859
1984-07-13,37.00,37.375038,37.00,37.25,1077600,2.322619
1984-07-12,37.124962,37.375038,36.875038,37.00,1059200,2.307031
1984-07-11,37.75,37.75,37.124962,37.124962,670400,2.314823
1984-07-10,38.50,38.50,37.624962,38.00,1372800,2.369383
1984-07-09,36.875038,38.50,36.124962,38.50,1192000,2.400559
1984-07-06,37.375038,37.375038,36.875038,36.875038,1331200,2.299239
1984-07-05,37.50,38.00,37.25,37.375038,1312800,2.330415
1984-07-03,36.875038,37.50,36.875038,37.50,811200,2.338207
1984-07-02,37.50,37.875038,36.624962,36.875038,1837600,2.299239
1984-06-29,37.25,37.875038,37.25,37.50,1584800,2.338207
1984-06-28,35.624962,37.375038,35.50,37.00,1780000,2.307031
1984-06-27,36.00,36.50,35.25,35.624962,3037600,2.221294
1984-06-26,37.00,37.124962,36.00,36.00,4860000,2.244679
1984-06-25,38.25,38.25,36.875038,37.00,3448000,2.307031
1984-06-22,38.75,38.875038,37.624962,38.25,1876000,2.384971
1984-06-21,38.375038,39.124962,38.124962,38.75,3048800,2.416147
1984-06-20,38.875038,38.875038,37.75,38.375038,2067200,2.392768
1984-06-19,39.25,39.50,38.75,39.00,1071200,2.431735
1984-06-18,39.00,39.25,38.50,39.25,4403200,2.447323
1984-06-15,39.375038,40.00,39.00,39.00,2522400,2.431735
1984-06-14,39.25,39.624962,38.875038,39.375038,813600,2.45512
1984-06-13,39.124962,39.50,39.00,39.25,1693600,2.447323
1984-06-12,39.624962,39.875038,39.124962,39.124962,2779200,2.439527
1984-06-11,40.00,40.375038,39.624962,39.624962,2770400,2.470703
1984-06-08,41.50,41.50,40.00,40.00,1892000,2.494088
1984-06-07,42.50,42.50,41.375038,41.50,3600000,2.587616
1984-06-06,42.875038,43.124962,42.25,42.50,1771200,2.649968
1984-06-05,42.50,42.875038,42.375038,42.875038,1889600,2.673352
1984-06-04,41.875038,42.624962,41.875038,42.50,2378400,2.649968
1984-06-01,41.00,41.75,41.00,41.75,1341600,2.603204
1984-05-31,40.624962,40.875038,40.00,40.75,1207200,2.540852
1984-05-30,39.875038,41.00,39.25,40.624962,2218400,2.533055
1984-05-29,40.875038,41.25,39.50,39.875038,965600,2.486296
1984-05-25,41.00,41.624962,40.50,40.875038,1345600,2.548648
1984-05-24,41.624962,41.875038,40.50,41.00,1597600,2.55644
1984-05-23,41.624962,42.00,41.50,41.624962,2128800,2.595407
1984-05-22,42.50,42.50,41.50,41.624962,3040800,2.595407
1984-05-21,44.375038,44.375038,42.75,42.75,1826400,2.665556
1984-05-18,44.375038,44.624962,44.00,44.375038,2035200,2.766881
1984-05-17,44.75,44.75,43.875038,44.375038,2908000,2.766881
1984-05-16,45.124962,45.375038,44.75,45.124962,2017600,2.81364
1984-05-15,45.124962,45.375038,44.624962,45.124962,3180800,2.81364
1984-05-14,46.00,46.00,45.124962,45.124962,2040800,2.81364
1984-05-11,46.75,46.75,45.624962,46.00,1990400,2.868201
1984-05-10,46.75,47.25,46.375038,46.75,2415200,2.914965
1984-05-09,47.375038,47.375038,46.624962,46.75,1445600,2.914965
1984-05-08,46.50,47.375038,46.50,47.375038,2069600,2.953937
1984-05-07,46.124962,46.624962,46.124962,46.50,1585600,2.899377
1984-05-04,46.00,46.50,45.75,46.00,3210400,2.868201
1984-05-03,46.375038,46.375038,45.75,46.00,1508800,2.868201
1984-05-02,46.50,46.624962,46.124962,46.375038,2726400,2.891585
1984-05-01,47.00,47.25,46.25,46.50,1900000,2.899377
1984-04-30,47.375038,47.50,46.375038,47.00,3899200,2.930553
1984-04-27,48.875038,48.875038,47.375038,47.375038,1456000,2.953937
1984-04-26,49.124962,49.50,48.875038,48.875038,3445600,3.047466
1984-04-25,48.00,49.124962,48.00,49.124962,3027200,3.063049
1984-04-24,47.00,48.375038,47.00,48.00,2441600,2.992905
1984-04-23,47.00,47.50,47.00,47.00,1366400,2.930553
1984-04-19,46.624962,47.25,46.624962,46.875038,2348000,2.922761
1984-04-18,46.624962,47.00,46.50,46.624962,1533600,2.907168
1984-04-17,45.75,46.75,45.75,46.624962,2934400,2.907168
1984-04-16,45.75,45.75,45.25,45.75,1592000,2.852613
1984-04-13,46.875038,47.375038,45.50,46.00,4112000,2.844816
1984-04-12,46.00,46.875038,44.875038,46.875038,12210400,2.898932
1984-04-11,50.124962,50.375038,46.00,46.00,10356800,2.844816
1984-04-10,49.624962,50.624962,49.624962,50.124962,2069600,3.09992
1984-04-09,51.25,51.25,49.624962,49.624962,2318400,3.068998
1984-04-06,50.624962,51.50,50.624962,51.25,2636800,3.169496
1984-04-05,51.375038,51.50,50.624962,50.624962,1296000,3.130842
1984-04-04,51.00,51.624962,51.00,51.375038,934400,3.177229
1984-04-03,51.25,51.25,50.75,50.875038,1687200,3.146307
1984-04-02,51.25,51.624962,50.50,51.25,1817600,3.169496
1984-03-30,52.50,52.50,50.875038,51.25,1508800,3.169496
1984-03-29,52.50,52.75,52.00,52.624962,2960000,3.254529
1984-03-28,50.00,52.50,49.875038,52.50,4538400,3.246801
1984-03-27,50.124962,50.375038,49.875038,50.00,1434400,3.092192
1984-03-26,49.624962,50.75,49.624962,50.124962,4644000,3.09992
1984-03-23,49.124962,49.375038,48.624962,49.375038,2867200,3.053542
1984-03-22,49.875038,49.875038,48.75,49.124962,1688800,3.038076
1984-03-21,50.00,50.375038,49.624962,50.124962,1928800,3.09992
1984-03-20,49.75,50.00,49.624962,50.00,2974400,3.092192
1984-03-19,49.50,49.75,49.00,49.75,1404000,3.076731
1984-03-16,49.00,49.875038,49.00,49.50,5571200,3.06127
1984-03-15,49.00,49.124962,48.25,48.375038,1132800,2.991698
1984-03-14,48.25,49.50,48.25,49.00,3114400,3.030348
1984-03-13,48.50,48.875038,48.25,48.25,2577600,2.983965
1984-03-12,45.75,48.75,45.75,48.50,3299200,2.999426
1984-03-09,45.624962,45.75,45.25,45.50,1324000,2.813894
1984-03-08,46.00,46.00,45.50,45.624962,1834400,2.821622
1984-03-07,46.124962,46.25,45.75,46.124962,1364000,2.852544
1984-03-06,45.124962,46.50,45.124962,46.124962,1369600,2.852544
1984-03-05,45.375038,45.50,45.00,45.124962,1443200,2.790701
1984-03-02,44.624962,45.75,44.624962,45.375038,1371200,2.806166
1984-03-01,45.375038,45.875038,44.624962,44.624962,1680800,2.759779
1984-02-29,45.124962,45.75,45.00,45.375038,1298400,2.806166
1984-02-28,46.25,46.25,44.624962,45.124962,1858400,2.790701
1984-02-27,46.75,46.75,46.00,46.375038,1388800,2.86801
1984-02-24,45.25,47.00,45.00,47.00,2709600,2.90666
1984-02-23,44.875038,45.50,44.624962,45.25,2625600,2.798433
1984-02-22,44.50,45.375038,44.375038,44.875038,1625600,2.775244
1984-02-21,45.124962,45.375038,44.375038,44.50,549600,2.75205
1984-02-17,46.124962,46.124962,45.124962,45.124962,1169600,2.790701
1984-02-16,46.00,46.124962,45.624962,46.124962,932000,2.852544
1984-02-15,46.25,47.00,45.875038,46.00,3499200,2.844816
1984-02-14,45.124962,46.25,45.124962,46.25,1441600,2.860277
1984-02-13,44.875038,45.25,44.50,45.124962,1903200,2.790701
1984-02-10,44.75,45.25,44.75,44.875038,1344000,2.775244
1984-02-09,45.25,45.875038,44.75,44.75,3448000,2.767511
1984-02-08,47.00,47.00,44.875038,45.25,4138400,2.798433
1984-02-07,46.624962,47.00,45.624962,47.00,3761600,2.90666
1984-02-06,47.25,47.25,46.25,46.624962,1816800,2.883466
1984-02-03,48.624962,48.75,47.50,47.50,2480800,2.937582
1984-02-02,47.50,48.75,47.50,48.624962,2800000,3.007154
1984-02-01,48.375038,49.00,47.375038,47.375038,2438400,2.929854
1984-01-31,47.75,48.75,47.624962,48.375038,1294400,2.991698
1984-01-30,49.00,49.124962,47.624962,47.75,1537600,2.953043
1984-01-27,49.124962,49.124962,48.375038,49.00,1770400,3.030348
1984-01-26,49.124962,50.124962,48.875038,49.124962,2643200,3.038076
1984-01-25,49.124962,50.00,49.124962,49.124962,3543200,3.038076
1984-01-24,48.875038,49.75,48.875038,49.00,3474400,3.030348
1984-01-23,48.75,49.375038,48.25,48.875038,2400800,3.02262
1984-01-20,48.124962,48.875038,47.25,48.75,4487200,3.014887
1984-01-19,49.25,49.50,48.124962,48.124962,2153600,2.976232
1984-01-18,49.75,49.875038,48.124962,49.25,4591200,3.045809
1984-01-17,49.75,49.875038,49.375038,49.75,1148000,3.076731
1984-01-16,50.375038,50.375038,49.25,49.75,3152000,3.076731
1984-01-13,50.124962,50.75,50.00,50.375038,3139200,3.092191
1984-01-12,49.375038,50.50,49.375038,50.124962,2403200,3.076841
1984-01-11,49.375038,49.75,49.00,49.375038,1858400,3.030808
1984-01-10,49.124962,50.124962,48.875038,49.375038,2710400,3.030808
1984-01-09,48.624962,49.50,48.50,49.124962,2581600,3.015457
1984-01-06,49.00,49.00,48.375038,48.624962,1853600,2.984766
1984-01-05,48.75,49.875038,48.75,49.00,3994400,3.007787
1984-01-04,46.00,48.75,46.00,48.50,2516000,2.977095
1984-01-03,47.124962,47.124962,45.875038,45.875038,1042400,2.815966
1983-12-30,47.375038,47.75,47.124962,47.25,669600,2.900366
1983-12-29,47.375038,47.624962,47.124962,47.375038,872000,2.908041
1983-12-28,48.50,48.50,47.375038,47.375038,794400,2.908041
1983-12-27,48.25,48.50,48.124962,48.50,880000,2.977095
1983-12-23,48.375038,48.375038,48.124962,48.25,1348800,2.961749
1983-12-22,48.00,48.50,48.00,48.375038,2510400,2.969425
1983-12-21,47.624962,48.124962,47.124962,47.875038,2216000,2.938733
1983-12-20,47.75,48.25,47.375038,47.624962,1276000,2.923382
1983-12-19,47.00,48.25,47.00,47.75,1256800,2.931058
1983-12-16,47.25,47.25,46.375038,47.00,2064800,2.88502
1983-12-15,47.50,47.624962,47.375038,47.50,2280800,2.915712
1983-12-14,47.75,48.00,47.375038,47.50,1179200,2.915712
1983-12-13,46.875038,48.00,46.75,47.75,2517600,2.931058
1983-12-12,47.50,47.50,46.624962,46.875038,1173600,2.877349
1983-12-09,47.75,47.75,47.25,47.50,2382400,2.915712
1983-12-08,47.75,48.75,47.50,48.124962,4588800,2.954074
1983-12-07,46.375038,47.75,46.375038,47.75,3550400,2.931058
1983-12-06,46.375038,47.00,46.375038,46.375038,2259200,2.846658
1983-12-05,45.375038,46.50,45.00,46.124962,2247200,2.831307
1983-12-02,44.50,45.50,44.375038,45.375038,1451200,2.785274
1983-12-01,44.75,45.124962,44.375038,44.50,1651200,2.731561
1983-11-30,44.375038,45.00,44.124962,44.75,2271200,2.746907
1983-11-29,43.875038,44.375038,43.875038,44.375038,1155200,2.723891
1983-11-28,44.375038,44.375038,43.75,43.875038,1642400,2.693199
1983-11-25,44.00,44.375038,44.00,44.375038,1280800,2.723891
1983-11-23,44.00,44.00,43.624962,43.875038,1944800,2.693199
1983-11-22,44.00,44.25,43.75,44.00,2688800,2.70087
1983-11-21,43.25,44.00,42.50,44.00,3096000,2.70087
1983-11-18,43.50,43.50,42.75,43.25,1098400,2.654832
1983-11-17,42.75,43.875038,42.375038,43.75,3701600,2.685524
1983-11-16,42.75,43.124962,42.50,42.75,1009600,2.624141
1983-11-15,43.50,43.50,42.124962,42.75,1552800,2.624141
1983-11-14,44.00,44.375038,43.50,43.624962,1722400,2.677849
1983-11-11,43.50,44.124962,43.50,44.00,888800,2.70087
1983-11-10,43.25,43.75,43.25,43.50,1102400,2.670178
1983-11-09,42.50,43.50,42.375038,43.00,1207200,2.639486
1983-11-08,43.25,43.25,42.25,42.50,1619200,2.608795
1983-11-07,42.25,43.50,42.25,43.25,2104800,2.654832
1983-11-04,40.624962,41.75,40.25,41.75,1184000,2.562757
1983-11-03,40.75,41.124962,40.624962,40.624962,1344000,2.493698
1983-11-02,39.25,40.875038,39.25,40.75,2856000,2.501374
1983-11-01,39.124962,39.375038,38.75,39.00,3066400,2.393953
1983-10-31,39.624962,39.624962,38.75,39.124962,2611200,2.401623
1983-10-28,39.624962,39.875038,39.124962,39.624962,1020800,2.432315
1983-10-27,40.875038,41.124962,39.50,39.624962,2366400,2.432315
1983-10-26,41.25,41.50,40.75,40.875038,808000,2.509049
1983-10-25,40.624962,41.50,40.624962,41.25,1357600,2.532065
1983-10-24,41.124962,41.124962,40.375038,40.624962,828800,2.493698
1983-10-21,42.124962,42.124962,40.75,41.25,1476000,2.532065
1983-10-20,42.875038,42.875038,42.124962,42.25,705600,2.593449
1983-10-19,42.50,43.50,42.124962,43.00,1534400,2.639486
1983-10-18,43.25,43.375038,42.25,42.50,1211200,2.608795
1983-10-17,43.124962,43.624962,43.00,43.25,540800,2.631811
1983-10-14,43.25,43.25,42.75,43.124962,1068000,2.624202
1983-10-13,43.00,43.25,42.624962,43.25,2435200,2.631811
1983-10-12,43.00,43.25,42.624962,43.00,666400,2.616598
1983-10-11,44.00,44.00,42.875038,43.00,1013600,2.616598
1983-10-10,44.25,44.25,43.75,44.25,652000,2.692662
1983-10-07,45.124962,45.624962,44.50,44.624962,1913600,2.715479
1983-10-06,44.25,45.124962,44.25,45.124962,1780000,2.745905
1983-10-05,43.624962,44.25,43.375038,44.25,1250400,2.692662
1983-10-04,43.624962,43.875038,43.375038,43.624962,731200,2.654628
1983-10-03,43.624962,43.624962,43.00,43.624962,966400,2.654628
1983-09-30,43.75,43.875038,43.25,43.624962,507200,2.654628
1983-09-29,44.124962,44.375038,43.50,43.75,489600,2.662237
1983-09-28,44.624962,44.624962,43.875038,44.124962,1558400,2.685053
1983-09-27,45.875038,46.00,44.75,45.00,2679200,2.738301
1983-09-26,45.624962,46.25,45.25,45.875038,2567200,2.791548
1983-09-23,45.50,46.00,44.124962,45.624962,3642400,2.77633
1983-09-22,44.75,45.875038,44.624962,45.50,3552000,2.768726
1983-09-21,44.75,45.00,44.124962,44.75,1468000,2.723088
1983-09-20,44.375038,45.124962,44.375038,44.75,1483200,2.723088
1983-09-19,43.25,44.50,43.124962,44.124962,1609600,2.685053
1983-09-16,42.00,43.624962,42.00,43.25,1229600,2.631811
1983-09-15,41.624962,42.25,41.624962,41.875038,819200,2.548143
1983-09-14,41.50,42.00,41.50,41.624962,1027200,2.532926
1983-09-13,42.00,42.124962,41.50,41.50,1156000,2.525322
1983-09-12,41.75,43.50,41.75,42.00,2544000,2.555747
1983-09-09,41.50,44.624962,41.124962,41.50,854400,2.525322
1983-09-08,40.25,41.50,40.00,41.50,1746400,2.525322
1983-09-07,40.124962,40.875038,40.124962,40.25,3188000,2.449258
1983-09-06,40.00,40.75,39.75,40.00,4553600,2.434045
1983-09-02,39.875038,40.124962,39.375038,40.00,1672000,2.434045
1983-09-01,39.25,39.875038,39.25,39.875038,1744000,2.426441
1983-08-31,38.875038,39.375038,38.50,39.25,1397600,2.388407
1983-08-30,39.375038,39.50,38.50,38.875038,4498400,2.36559
1983-08-29,39.75,39.75,38.50,39.375038,2115200,2.396015
1983-08-26,40.00,40.00,39.375038,39.875038,2066400,2.426441
1983-08-25,40.124962,40.624962,39.624962,40.00,3384800,2.434045
1983-08-24,40.124962,40.875038,39.875038,40.124962,2568800,2.441649
1983-08-23,39.624962,40.624962,39.624962,40.124962,2944800,2.441649
1983-08-22,38.624962,39.624962,38.624962,39.624962,4096800,2.411223
1983-08-19,37.50,38.00,37.375038,37.50,2955200,2.281917
1983-08-18,37.875038,38.00,37.375038,37.50,3856000,2.281917
1983-08-17,38.25,38.624962,37.624962,37.875038,3980800,2.304739
1983-08-16,39.00,39.00,38.25,38.25,6952800,2.327555
1983-08-15,40.25,41.624962,39.875038,40.00,4734400,2.434045
1983-08-12,39.875038,40.375038,39.124962,40.25,2419200,2.449258
1983-08-11,41.624962,41.624962,39.25,39.875038,4849600,2.426441
1983-08-10,41.624962,41.624962,41.00,41.624962,1247200,2.532926
1983-08-09,40.624962,41.624962,40.375038,41.624962,969600,2.532926
1983-08-08,40.875038,40.875038,40.124962,40.624962,2020800,2.472075
1983-08-05,42.375038,42.50,41.50,41.624962,5078400,2.532926
1983-08-04,44.124962,44.25,42.124962,42.375038,3344000,2.578569
1983-08-03,44.25,44.375038,43.25,44.124962,2652000,2.685053
1983-08-02,43.75,44.75,43.375038,44.25,976800,2.692662
1983-08-01,44.00,44.124962,43.75,43.75,668800,2.662237
1983-07-29,44.124962,44.50,43.75,44.00,550400,2.677449
1983-07-28,43.875038,44.25,43.624962,44.124962,802400,2.685053
1983-07-27,44.624962,45.00,43.75,43.875038,1048800,2.669845
1983-07-26,44.75,44.75,44.25,44.624962,1160800,2.715479
1983-07-25,44.875038,44.875038,44.124962,44.75,743200,2.723088
1983-07-22,44.25,45.00,43.624962,44.875038,1604800,2.730696
1983-07-21,44.50,44.75,43.624962,44.25,2560000,2.692662
1983-07-20,44.375038,45.00,44.00,44.50,3195200,2.707875
1983-07-19,43.875038,44.624962,43.875038,44.375038,1205600,2.700271
1983-07-18,44.25,44.25,43.25,43.624962,1302400,2.654628
1983-07-15,45.124962,45.25,44.25,44.375038,1078400,2.700271
1983-07-14,44.875038,45.624962,44.75,45.124962,1033600,2.745905
1983-07-13,44.50,45.124962,44.50,44.875038,814400,2.707875
1983-07-12,45.124962,45.50,44.375038,44.50,2317600,2.685244
1983-07-11,45.624962,45.624962,44.875038,45.124962,1744800,2.722956
1983-07-08,46.00,46.25,45.75,46.00,437600,2.775758
1983-07-07,46.124962,46.25,45.624962,46.00,778400,2.775758
1983-07-06,46.25,46.375038,45.75,46.124962,2016800,2.783298
1983-07-05,46.624962,46.624962,45.875038,46.25,2399200,2.790843
1983-07-01,47.00,47.00,46.25,46.875038,1001600,2.82856
1983-06-30,46.375038,47.25,46.124962,47.25,1284000,2.851186
1983-06-29,46.25,46.624962,46.124962,46.375038,852000,2.798389
1983-06-28,46.75,47.124962,46.124962,46.25,1279200,2.790843
1983-06-27,47.00,47.00,46.25,46.75,1107200,2.821015
1983-06-24,46.75,47.124962,46.624962,47.00,1481600,2.8361
1983-06-23,46.50,46.875038,46.375038,46.75,1178400,2.821015
1983-06-22,47.124962,47.375038,46.50,46.50,2806400,2.805929
1983-06-21,47.50,47.50,46.75,47.124962,1119200,2.843641
1983-06-20,47.75,48.00,47.50,47.50,748000,2.866272
1983-06-17,48.50,48.624962,47.50,47.75,1701600,2.881357
1983-06-16,48.25,49.00,48.25,48.50,2640000,2.926614
1983-06-15,46.25,47.624962,46.00,47.624962,3198400,2.873812
1983-06-14,46.25,47.124962,46.124962,46.25,2406400,2.790843
1983-06-13,45.624962,46.624962,45.50,46.25,3388000,2.790843
1983-06-10,46.124962,46.50,45.375038,45.624962,1664800,2.753127
1983-06-09,45.75,46.375038,45.50,46.124962,489600,2.783298
1983-06-08,46.375038,46.375038,45.75,45.75,1120000,2.760672
1983-06-07,46.75,47.25,46.25,46.375038,1476000,2.798389
1983-06-06,47.00,47.00,46.25,46.75,760800,2.821015
1983-06-03,47.00,47.124962,46.75,47.00,1088000,2.8361
1983-06-02,47.124962,47.25,46.624962,47.00,1036000,2.8361
1983-06-01,46.75,47.25,46.50,47.124962,1056000,2.843641
1983-05-31,47.50,47.875038,46.50,46.75,1420800,2.821015
1983-05-27,47.375038,48.00,47.375038,47.50,1528000,2.866272
1983-05-26,46.50,47.624962,46.50,47.375038,3021600,2.858731
1983-05-25,45.875038,46.624962,45.75,46.375038,2380000,2.798389
1983-05-24,44.624962,45.875038,44.50,45.875038,3871200,2.768217
1983-05-23,45.25,45.375038,44.50,44.624962,3458400,2.692785
1983-05-20,45.50,45.50,44.624962,45.25,1819200,2.730501
1983-05-19,46.124962,46.624962,45.50,45.624962,1702400,2.753127
1983-05-18,46.50,46.875038,46.00,46.124962,2132000,2.783298
1983-05-17,46.25,46.50,46.00,46.50,1715200,2.805929
1983-05-16,47.00,47.00,46.25,46.25,5484800,2.790843
1983-05-13,47.124962,47.124962,47.00,47.124962,3965600,2.843641
1983-05-12,48.124962,48.124962,47.00,47.25,1115200,2.851186
1983-05-11,48.875038,49.00,48.00,48.124962,1456000,2.903983
1983-05-10,48.75,49.124962,48.50,48.875038,1636000,2.949245
1983-05-09,49.00,49.375038,48.00,48.75,1149600,2.9417
1983-05-06,46.875038,49.50,46.875038,49.00,2148800,2.956786
1983-05-05,46.25,46.875038,46.25,46.875038,1433600,2.82856
1983-05-04,45.875038,46.375038,45.875038,46.124962,1536800,2.783298
1983-05-03,46.124962,46.25,45.624962,45.875038,2213600,2.768217
1983-05-02,46.50,47.124962,46.00,46.124962,1708000,2.783298
1983-04-29,45.50,46.875038,45.50,46.50,961600,2.805929
1983-04-28,44.875038,45.75,44.624962,45.50,1391200,2.745587
1983-04-27,44.875038,45.124962,44.624962,44.875038,1300800,2.707875
1983-04-26,45.624962,45.624962,44.124962,44.875038,1635200,2.707875
1983-04-25,46.00,46.25,45.375038,45.624962,2050400,2.753127
1983-04-22,46.00,46.624962,45.375038,46.00,3676800,2.775758
1983-04-21,45.624962,47.00,45.624962,46.00,4831200,2.775758
1983-04-20,44.25,45.50,44.25,45.25,3205600,2.730501
1983-04-19,44.00,45.00,43.75,44.124962,3612000,2.662613
1983-04-18,43.624962,44.50,42.50,44.00,2020000,2.632442
1983-04-15,42.75,44.50,42.50,43.624962,1736800,2.610004
1983-04-14,40.75,42.875038,40.75,42.75,2983200,2.557657
1983-04-13,39.875038,40.75,39.875038,40.50,2310400,2.423043
1983-04-12,40.375038,40.50,39.50,39.75,1708800,2.378172
1983-04-11,40.00,40.875038,40.00,40.375038,2144000,2.415567
1983-04-08,39.875038,39.875038,39.50,39.75,2314400,2.378172
1983-04-07,40.25,40.25,39.50,39.875038,4329600,2.385653
1983-04-06,42.00,42.00,40.624962,41.00,2959200,2.452957
1983-04-05,42.75,43.124962,42.124962,42.25,1179200,2.527743
1983-04-04,42.624962,43.25,42.50,42.75,692000,2.557657
1983-03-31,43.50,44.00,42.50,42.624962,1397600,2.550176
1983-03-30,43.25,43.75,43.124962,43.50,1458400,2.602528
1983-03-29,44.25,44.50,43.124962,43.25,1052800,2.587571
1983-03-28,44.75,44.75,43.624962,44.25,1272000,2.647399
1983-03-25,44.875038,45.124962,44.624962,44.875038,2412000,2.684794
1983-03-24,45.00,45.624962,44.50,44.875038,2029600,2.684794
1983-03-23,42.375038,45.25,42.375038,45.00,3158400,2.69227
1983-03-22,41.624962,42.50,41.624962,42.124962,805600,2.520262
1983-03-21,40.124962,41.50,40.124962,41.50,1275200,2.482871
1983-03-18,40.124962,40.624962,40.00,40.00,1902400,2.393129
1983-03-17,40.25,40.375038,40.00,40.124962,1260000,2.400605
1983-03-16,41.75,41.875038,40.124962,40.25,1954400,2.408086
1983-03-15,42.124962,42.124962,41.375038,41.75,1244000,2.497828
1983-03-14,42.624962,42.624962,41.875038,42.25,1672000,2.527743
1983-03-11,43.124962,43.124962,42.624962,42.624962,1163200,2.550176
1983-03-10,44.25,44.375038,43.25,43.25,1439200,2.587571
1983-03-09,43.75,44.25,43.624962,44.25,1156000,2.647399
1983-03-08,44.624962,44.624962,43.75,43.75,1755200,2.617485
1983-03-07,44.624962,44.75,44.25,44.624962,928800,2.669832
1983-03-04,44.875038,44.875038,44.25,44.624962,1200800,2.669832
1983-03-03,44.624962,45.124962,44.375038,44.875038,3214400,2.684794
1983-03-02,44.75,44.75,43.50,44.624962,2152800,2.669832
1983-03-01,44.375038,45.25,44.375038,45.00,2692800,2.69227
1983-02-28,44.875038,44.875038,44.124962,44.25,1103200,2.647399
1983-02-25,45.124962,46.00,44.875038,45.00,2268800,2.69227
1983-02-24,44.624962,45.50,44.624962,45.124962,1114400,2.699746
1983-02-23,44.375038,44.375038,43.75,44.25,886400,2.647399
1983-02-22,44.875038,45.124962,44.624962,44.624962,1468000,2.669832
1983-02-18,45.124962,45.50,44.75,44.875038,2113600,2.684794
1983-02-17,45.75,45.75,44.624962,45.124962,1473600,2.699746
1983-02-16,46.375038,46.50,45.624962,45.75,1603200,2.737141
1983-02-15,46.25,46.624962,46.124962,46.375038,1669600,2.774536
1983-02-14,45.50,46.50,45.50,46.25,1432800,2.767055
1983-02-11,45.375038,45.875038,45.25,45.50,955200,2.722184
1983-02-10,44.875038,45.375038,44.875038,45.375038,1503200,2.714708
1983-02-09,44.624962,45.124962,44.50,44.875038,1844000,2.684794
1983-02-08,44.875038,45.124962,44.50,44.624962,1224800,2.669832
1983-02-07,43.25,45.25,43.25,44.875038,1511200,2.684794
1983-02-04,41.75,43.124962,41.75,42.75,1316000,2.557657
1983-02-03,41.50,42.124962,41.50,41.75,1773600,2.497828
1983-02-02,41.875038,41.875038,41.00,41.375038,1784800,2.475395
1983-02-01,42.75,43.25,41.75,42.00,2014400,2.512785
1983-01-31,42.75,42.875038,42.124962,42.75,722400,2.557657
1983-01-28,42.875038,44.124962,42.50,42.75,2843200,2.557657
1983-01-27,41.124962,43.50,41.124962,42.875038,1064800,2.565137
1983-01-26,42.75,43.124962,40.624962,40.875038,1404800,2.445481
1983-01-25,43.124962,43.375038,42.00,42.75,1698400,2.557657
1983-01-24,43.25,43.25,42.375038,43.124962,2336800,2.58009
1983-01-21,44.375038,44.375038,43.25,44.124962,1196800,2.639918
1983-01-20,44.124962,44.624962,43.375038,44.375038,2182400,2.65488
1983-01-19,45.50,45.624962,43.50,44.124962,2192000,2.639918
1983-01-18,45.875038,46.25,45.124962,45.50,1186400,2.722184
1983-01-17,46.25,46.75,45.624962,45.875038,1230400,2.744622
1983-01-14,46.875038,47.00,46.00,46.25,1490400,2.767055
1983-01-13,47.124962,47.75,46.75,46.875038,2132800,2.782012
1983-01-12,46.624962,48.00,46.624962,47.124962,3594400,2.796845
1983-01-11,47.124962,47.124962,45.75,46.50,2718400,2.759754
1983-01-10,46.75,48.00,46.00,47.75,2647200,2.833941
1983-01-07,45.375038,48.624962,45.25,46.75,4279200,2.774591
1983-01-06,42.875038,46.00,42.875038,45.375038,5636800,2.692988
1983-01-05,40.75,43.25,40.75,42.50,4223200,2.522356
1983-01-04,40.624962,40.75,40.00,40.624962,1417600,2.411073
1983-01-03,40.50,41.124962,40.50,40.624962,736000,2.411073
1982-12-31,40.00,40.50,39.875038,40.124962,712800,2.381398
1982-12-30,40.75,41.25,40.00,40.00,1025600,2.373982
1982-12-29,39.875038,41.624962,39.875038,40.75,2185600,2.418494
1982-12-28,39.50,40.375038,39.50,39.624962,1688000,2.351724
1982-12-27,38.124962,39.375038,38.124962,39.375038,1716000,2.336891
1982-12-23,37.75,38.25,37.75,38.00,1154400,2.255283
1982-12-22,38.25,38.875038,37.50,37.624962,1436800,2.233024
1982-12-21,37.75,38.50,37.75,38.25,2160000,2.27012
1982-12-20,38.00,38.875038,37.624962,37.624962,1289600,2.233024
1982-12-17,37.25,38.25,37.25,38.00,1204000,2.255283
1982-12-16,36.875038,38.375038,36.624962,37.124962,1624000,2.20335
1982-12-15,37.75,37.75,36.75,36.875038,1531200,2.188517
1982-12-14,37.624962,39.375038,37.624962,37.75,2952000,2.240445
1982-12-13,37.50,38.00,37.50,37.624962,1425600,2.233024
1982-12-10,37.375038,37.50,37.124962,37.124962,1396800,2.20335
1982-12-09,37.75,37.75,37.124962,37.375038,1442400,2.218192
1982-12-08,39.00,39.124962,38.25,38.25,1498400,2.27012
1982-12-07,39.00,40.25,38.75,39.00,2084800,2.314632
1982-12-06,39.50,39.50,37.50,39.00,1843200,2.314632
1982-12-03,39.624962,40.375038,39.624962,39.75,1906400,2.359145
1982-12-02,39.00,39.875038,39.00,39.624962,2056800,2.351724
1982-12-01,39.25,39.50,38.624962,39.00,1653600,2.314632
1982-11-30,39.124962,39.875038,39.00,39.25,2821600,2.32947
1982-11-29,39.75,39.75,38.75,39.124962,812000,2.322049
1982-11-26,39.75,40.124962,39.75,39.75,553600,2.359145
1982-11-24,40.124962,40.124962,39.375038,39.75,1869600,2.359145
1982-11-23,40.875038,41.25,40.25,40.375038,1580000,2.39624
1982-11-22,42.50,42.75,40.875038,40.875038,1929600,2.425915
1982-11-19,42.50,43.124962,42.25,42.50,1112800,2.522356
1982-11-18,42.25,43.124962,42.00,42.50,1130400,2.522356
1982-11-17,42.875038,43.624962,41.875038,42.25,1386400,2.507518
1982-11-16,43.25,43.25,42.00,42.875038,1832000,2.544614
1982-11-15,44.624962,44.624962,43.75,44.00,2237600,2.61138
1982-11-12,45.00,46.375038,45.00,45.124962,2348800,2.678146
1982-11-11,44.25,44.875038,43.00,44.875038,2072800,2.663313
1982-11-10,45.00,46.375038,44.00,44.25,4987200,2.626218
1982-11-09,42.50,46.25,42.50,45.00,3396800,2.67073
1982-11-08,41.00,43.124962,40.624962,42.50,1759200,2.522356
1982-11-05,40.50,41.00,40.00,41.00,1720800,2.433331
1982-11-04,39.624962,42.25,39.50,40.50,3524800,2.403657
1982-11-03,37.624962,39.75,37.375038,39.624962,3002400,2.351724
1982-11-02,37.50,38.124962,37.375038,37.624962,1545600,2.233024
1982-11-01,37.75,37.75,37.124962,37.50,1495200,2.225608
1982-10-29,37.50,38.00,37.124962,37.75,1052800,2.240445
1982-10-28,37.75,38.00,37.50,37.50,1368800,2.225608
1982-10-27,37.875038,38.25,37.50,37.75,1376800,2.240445
1982-10-26,37.75,38.124962,37.375038,37.875038,1233600,2.247866
1982-10-25,39.375038,39.50,37.75,37.75,1237600,2.240445
1982-10-22,39.375038,39.624962,38.875038,39.375038,1368800,2.336891
1982-10-21,39.50,39.624962,38.624962,39.375038,1150400,2.336891
1982-10-20,39.124962,39.50,39.00,39.50,860800,2.344307
1982-10-19,39.25,39.50,38.875038,39.124962,1783200,2.322049
1982-10-18,38.875038,39.75,38.875038,39.25,1356000,2.307211
1982-10-15,39.124962,39.25,38.25,38.875038,2000000,2.28517
1982-10-14,39.50,40.75,39.00,39.124962,3781600,2.299861
1982-10-13,37.875038,40.25,37.75,39.50,6034400,2.321907
1982-10-12,37.50,38.624962,37.50,37.875038,4179200,2.226388
1982-10-11,35.00,36.875038,35.00,36.75,5067200,2.160255
1982-10-08,34.124962,34.75,34.124962,34.75,3820800,2.04269
1982-10-07,34.00,35.00,34.00,34.124962,3307200,2.005949
1982-10-06,33.50,34.00,33.124962,33.875038,2594400,1.991258
1982-10-05,33.50,34.00,33.50,33.50,1231200,1.969212
1982-10-04,34.00,34.00,33.375038,33.50,1564800,1.969212
1982-10-01,33.75,34.25,33.124962,34.124962,2016800,2.005949
1982-09-30,34.50,34.50,33.50,33.75,4860000,1.983908
1982-09-29,37.25,37.25,34.25,34.75,4732800,2.04269
1982-09-28,39.375038,39.75,39.00,39.00,718400,2.292516
1982-09-27,39.50,39.75,39.00,39.375038,567200,2.314561
1982-09-24,39.75,39.75,39.25,39.50,1151200,2.321907
1982-09-23,40.75,40.75,39.624962,39.875038,738400,2.343953
1982-09-22,40.875038,42.00,40.875038,41.25,1173600,2.424776
1982-09-21,40.375038,41.00,40.375038,40.624962,1008000,2.388035
1982-09-20,41.00,41.00,40.25,40.375038,503200,2.373344
1982-09-17,42.00,42.00,41.124962,41.124962,962400,2.417426
1982-09-16,42.75,42.875038,42.00,42.124962,1145600,2.476209
1982-09-15,42.25,42.75,41.875038,42.75,935200,2.51295
1982-09-14,42.25,42.875038,42.124962,42.25,1480800,2.483559
1982-09-13,41.624962,42.624962,41.375038,42.25,1199200,2.483559
1982-09-10,41.875038,41.875038,41.25,41.624962,1297600,2.446817
1982-09-09,41.00,42.25,40.875038,41.875038,2492000,2.461518
1982-09-08,41.00,41.25,40.875038,41.00,580000,2.410081
1982-09-07,41.375038,41.375038,40.75,41.00,1038400,2.410081
1982-09-03,40.75,42.25,40.75,41.375038,3597600,2.432126
1982-09-02,39.50,40.25,39.25,40.124962,2110400,2.358644
1982-09-01,40.25,40.624962,39.50,39.50,1432800,2.321907
1982-08-31,38.50,40.375038,38.50,40.25,2230400,2.365994
1982-08-30,37.75,38.375038,37.375038,38.375038,1680000,2.255779
1982-08-27,38.50,38.875038,37.75,37.75,2816800,2.219038
1982-08-26,38.75,38.875038,38.00,38.50,3598400,2.263125
1982-08-25,39.00,39.875038,38.75,38.75,2042400,2.27782
1982-08-24,39.624962,40.00,39.00,39.00,2544800,2.292516
1982-08-23,39.00,39.875038,38.875038,39.624962,3587200,2.329253
1982-08-20,37.375038,39.124962,37.375038,39.00,1727200,2.292516
1982-08-19,37.875038,38.00,36.875038,37.25,3718400,2.189646
1982-08-18,38.00,39.50,37.75,37.875038,2349600,2.226388
1982-08-17,36.25,38.00,36.25,38.00,1024800,2.233733
1982-08-16,35.50,36.375038,35.50,36.00,1031200,2.116168
1982-08-13,34.75,35.50,34.75,35.50,645600,2.086777
1982-08-12,35.25,35.624962,34.75,34.75,904800,2.04269
1982-08-11,35.375038,35.624962,35.25,35.25,1175200,2.072082
1982-08-10,35.624962,36.124962,35.375038,35.375038,1609600,2.079432
1982-08-09,35.75,35.75,35.124962,35.624962,773600,2.094123
1982-08-06,35.75,36.00,35.75,35.75,466400,2.101473
1982-08-05,35.50,35.875038,35.375038,35.75,485600,2.101473
1982-08-04,35.50,35.624962,35.00,35.50,1609600,2.086777
1982-08-03,36.624962,36.624962,35.50,35.50,749600,2.086777
1982-08-02,36.624962,37.124962,36.624962,36.75,828800,2.160255
1982-07-30,36.75,36.875038,36.50,36.624962,268000,2.152905
1982-07-29,36.75,36.875038,36.375038,36.75,641600,2.160255
1982-07-28,38.124962,38.124962,36.25,36.75,988800,2.160255
1982-07-27,37.624962,38.124962,37.624962,38.124962,420000,2.241079
1982-07-26,37.875038,37.875038,37.50,37.624962,715200,2.211688
1982-07-23,38.375038,39.00,37.875038,37.875038,1283200,2.226388
1982-07-22,37.00,39.00,37.00,38.375038,1677600,2.255779
1982-07-21,36.75,37.375038,36.75,37.00,1173600,2.174951
1982-07-20,36.624962,36.875038,36.50,36.75,629600,2.160255
1982-07-19,37.25,37.75,36.50,36.624962,776000,2.152905
1982-07-16,37.624962,37.624962,37.124962,37.25,903200,2.189646
1982-07-15,37.25,37.875038,37.25,37.75,1463200,2.219038
1982-07-14,37.25,37.25,37.00,37.124962,1662400,2.182296
1982-07-13,36.875038,37.375038,36.75,37.375038,1061600,2.157316
1982-07-12,35.875038,36.875038,35.875038,36.875038,1607200,2.128456
1982-07-09,37.124962,37.124962,34.624962,35.875038,2709600,2.070735
1982-07-08,37.375038,37.375038,37.00,37.124962,1147200,2.142881
1982-07-07,37.50,37.624962,37.375038,37.50,1153600,2.164529
1982-07-06,37.75,37.75,37.25,37.50,824000,2.164529
1982-07-02,37.25,37.75,36.875038,37.75,1118400,2.178959
1982-07-01,37.124962,37.50,37.00,37.25,831200,2.150099
1982-06-30,37.124962,37.75,36.75,37.124962,1987200,2.142881
1982-06-29,37.50,37.50,37.124962,37.124962,572000,2.142881
1982-06-28,37.25,37.50,37.124962,37.50,1604000,2.164529
1982-06-25,37.50,37.50,37.124962,37.25,830400,2.150099
1982-06-24,37.375038,37.624962,37.375038,37.50,594400,2.164529
1982-06-23,36.124962,37.25,36.124962,37.25,739200,2.150099
1982-06-22,35.375038,36.124962,35.375038,36.00,1288000,2.077948
1982-06-21,34.75,35.624962,34.50,35.25,1191200,2.034657
1982-06-18,34.75,34.75,34.50,34.75,950400,2.005797
1982-06-17,35.75,35.75,34.75,34.875038,1772000,2.013014
1982-06-16,37.50,37.50,36.00,36.00,4107200,2.077948
1982-06-15,37.624962,37.875038,37.375038,37.50,796000,2.164529
1982-06-14,38.25,38.25,37.50,37.624962,1689600,2.171742
1982-06-11,38.00,38.50,38.00,38.25,3135200,2.207819
1982-06-10,38.124962,38.124962,37.75,38.00,696000,2.193389
1982-06-09,37.624962,38.25,37.50,38.124962,632000,2.200602
1982-06-08,37.375038,37.75,37.375038,37.624962,725600,2.171742
1982-06-07,37.00,37.75,36.75,37.375038,731200,2.157316
1982-06-04,37.875038,37.875038,36.875038,37.00,1222400,2.135668
1982-06-03,38.00,38.25,38.00,38.124962,944800,2.200602
1982-06-02,37.25,37.75,36.75,37.624962,1340000,2.171742
1982-06-01,36.875038,37.624962,36.875038,37.25,754400,2.150099
1982-05-28,38.624962,38.624962,36.50,36.75,2556800,2.121238
1982-05-27,39.25,39.375038,38.50,38.624962,2445600,2.229463
1982-05-26,39.375038,39.375038,39.00,39.25,1213600,2.26554
1982-05-25,40.124962,40.124962,39.375038,39.375038,1521600,2.272757
1982-05-24,40.50,40.875038,40.00,40.25,948000,2.323261
1982-05-21,40.25,40.50,39.875038,40.50,686400,2.337691
1982-05-20,40.00,40.875038,40.00,40.25,1480000,2.323261
1982-05-19,40.624962,40.624962,39.875038,40.00,876800,2.308831
1982-05-18,40.25,40.624962,39.75,40.624962,874400,2.344904
1982-05-17,41.375038,41.375038,40.00,40.25,1804800,2.323261
1982-05-14,43.00,43.00,41.50,41.50,2540000,2.395412
1982-05-13,43.75,44.375038,43.00,43.25,2309600,2.496423
1982-05-12,43.75,44.375038,43.624962,43.75,1379200,2.525284
1982-05-11,44.124962,44.25,43.75,43.75,1471200,2.525284
1982-05-10,44.00,44.375038,44.00,44.124962,622400,2.546927
1982-05-07,43.624962,44.25,43.375038,44.00,1173600,2.539714
1982-05-06,43.50,44.50,43.50,43.624962,1327200,2.518066
1982-05-05,42.50,43.624962,42.375038,43.375038,1840000,2.503641
1982-05-04,45.00,45.25,42.375038,42.50,2384800,2.453133
1982-05-03,45.875038,45.875038,45.00,45.00,701600,2.597435
1982-04-30,45.75,46.00,45.50,45.875038,418400,2.647942
1982-04-29,46.00,46.00,45.375038,45.75,668800,2.640725
1982-04-28,46.75,46.75,45.75,46.375038,594400,2.676803
1982-04-27,47.375038,47.624962,46.624962,46.75,1033600,2.698446
1982-04-26,46.50,47.75,46.50,47.375038,879200,2.734524
1982-04-23,45.875038,46.50,45.875038,46.375038,823200,2.676803
1982-04-22,45.00,45.875038,45.00,45.75,1492800,2.640725
1982-04-21,44.75,45.00,44.375038,45.00,1178400,2.597435
1982-04-20,45.75,45.75,44.50,44.75,2552000,2.583004
1982-04-19,46.624962,47.00,46.50,46.50,1288000,2.645052
1982-04-16,46.50,46.875038,46.124962,46.624962,1735200,2.65216
1982-04-15,47.375038,47.375038,46.375038,46.50,2323200,2.645052
1982-04-14,48.624962,48.75,47.375038,47.624962,925600,2.709043
1982-04-13,48.124962,48.75,48.124962,48.624962,628800,2.765926
1982-04-12,48.25,48.50,48.00,48.124962,863200,2.737484
1982-04-08,48.375038,48.624962,48.25,48.25,585600,2.744597
1982-04-07,48.375038,48.875038,48.375038,48.375038,866400,2.751709
1982-04-06,48.75,48.75,48.375038,48.375038,525600,2.751709
1982-04-05,49.75,49.75,48.75,48.75,453600,2.773038
1982-04-02,49.00,49.75,49.00,49.75,1244000,2.829921
1982-04-01,48.375038,48.875038,48.124962,48.75,1252800,2.773038
1982-03-31,48.124962,48.50,48.124962,48.375038,428800,2.751709
1982-03-30,48.375038,48.50,48.00,48.124962,484000,2.737484
1982-03-29,48.25,48.50,47.624962,48.375038,1153600,2.751709
1982-03-26,49.75,49.75,48.124962,48.25,794400,2.744597
1982-03-25,49.624962,49.75,49.375038,49.75,468800,2.829921
1982-03-24,49.75,49.75,49.375038,49.624962,252000,2.822809
1982-03-23,48.75,50.25,48.75,49.875038,1280800,2.837034
1982-03-22,48.124962,48.875038,48.124962,48.50,2057600,2.758818
1982-03-19,48.25,48.25,47.875038,48.124962,498400,2.737484
1982-03-18,47.875038,48.25,47.75,48.25,654400,2.744597
1982-03-17,48.00,48.25,47.875038,47.875038,374400,2.723268
1982-03-16,47.75,48.124962,47.50,48.00,703200,2.730376
1982-03-15,47.624962,47.875038,47.25,47.75,284000,2.716155
1982-03-12,47.50,47.624962,47.00,47.624962,908800,2.709043
1982-03-11,47.624962,48.00,47.50,47.50,644000,2.701935
1982-03-10,47.00,47.875038,47.00,47.624962,487200,2.709043
1982-03-09,45.875038,47.00,45.50,46.75,1946400,2.659273
1982-03-08,46.124962,46.624962,45.624962,45.875038,478400,2.609502
1982-03-05,46.624962,46.624962,46.00,46.124962,862400,2.623719
1982-03-04,47.375038,47.624962,46.50,46.75,986400,2.659273
1982-03-03,47.624962,47.624962,47.124962,47.375038,248000,2.694827
1982-03-02,47.75,48.124962,47.75,47.75,364800,2.716155
1982-03-01,47.124962,47.875038,47.00,47.75,622400,2.716155
1982-02-26,48.00,48.25,47.124962,47.124962,975200,2.680601
1982-02-25,48.00,48.25,48.00,48.00,428000,2.730376
1982-02-24,47.624962,48.00,47.375038,48.00,905600,2.730376
1982-02-23,48.25,48.375038,47.50,47.624962,1004800,2.709043
1982-02-22,48.25,49.124962,48.25,48.25,726400,2.744597
1982-02-19,49.25,49.25,48.00,48.00,1660000,2.730376
1982-02-18,49.75,49.875038,49.124962,49.50,639200,2.8157
1982-02-17,49.624962,49.875038,49.50,49.75,330400,2.829921
1982-02-16,49.624962,49.75,48.75,49.624962,951200,2.822809
1982-02-12,49.75,50.00,49.624962,49.624962,228800,2.822809
1982-02-11,49.875038,50.00,49.375038,49.75,730400,2.829921
1982-02-10,48.75,50.00,48.75,49.875038,530400,2.837034
1982-02-09,48.00,49.25,48.00,48.624962,680800,2.765926
1982-02-08,50.875038,50.875038,47.50,47.50,1204000,2.701935
1982-02-05,51.124962,51.50,51.124962,51.375038,352000,2.922358
1982-02-04,51.50,51.50,51.124962,51.124962,352800,2.908133
1982-02-03,52.00,52.375038,51.50,51.624962,424800,2.936574
1982-02-02,51.875038,52.375038,51.624962,52.00,383200,2.957907
1982-02-01,52.375038,52.375038,51.50,51.875038,582400,2.950799
1982-01-29,52.124962,52.624962,52.124962,52.50,1329600,2.986349
1982-01-28,48.50,50.75,48.50,50.75,1217600,2.886804
1982-01-27,48.00,48.50,47.875038,48.50,837600,2.758818
1982-01-26,48.375038,48.624962,48.00,48.00,896000,2.730376
1982-01-25,48.50,48.50,47.875038,48.375038,940800,2.751709
1982-01-22,50.00,50.00,48.624962,48.624962,2256800,2.765926
1982-01-21,50.75,50.75,50.00,50.00,1530400,2.844142
1982-01-20,51.875038,51.875038,50.875038,50.875038,985600,2.893916
1982-01-19,51.875038,52.375038,51.875038,51.875038,1143200,2.950799
1982-01-18,51.75,51.875038,51.00,51.75,396800,2.943687
1982-01-15,51.124962,51.75,51.124962,51.75,265600,2.943687
1982-01-14,52.124962,52.124962,51.00,51.00,1094400,2.901025
1982-01-13,53.50,53.75,52.875038,52.875038,646400,2.969284
1982-01-12,53.124962,53.50,52.875038,53.50,439200,3.00438
1982-01-11,54.50,54.50,53.124962,53.124962,632000,2.983319
1982-01-08,54.375038,55.25,54.375038,54.50,540000,3.060536
1982-01-07,53.875038,54.375038,53.75,54.124962,360000,3.039476
1982-01-06,54.00,54.25,53.375038,53.875038,964800,3.025441
1982-01-05,54.25,54.25,53.75,54.00,671200,3.032458
1982-01-04,55.25,55.25,54.25,54.375038,1277600,3.053519
1981-12-31,56.00,56.00,55.50,55.50,218400,3.116693
1981-12-30,56.124962,56.124962,55.624962,56.124962,517600,3.151789
1981-12-29,56.624962,56.624962,56.25,56.50,372800,3.17285
1981-12-28,56.25,57.00,56.124962,56.75,312000,3.186889
1981-12-24,55.50,56.375038,55.375038,56.25,442400,3.158811
1981-12-23,56.375038,56.375038,55.375038,55.50,384800,3.116693
1981-12-22,56.50,56.624962,56.375038,56.50,684800,3.17285
1981-12-21,57.00,57.00,56.375038,56.50,246400,3.17285
1981-12-18,56.00,57.00,55.875038,57.00,688000,3.200928
1981-12-17,55.75,56.00,55.624962,56.00,380000,3.144771
1981-12-16,56.25,56.375038,55.75,55.75,559200,3.130732
1981-12-15,55.75,56.25,55.75,56.25,666400,3.158811
1981-12-14,56.375038,56.375038,55.75,55.75,402400,3.130732
1981-12-11,57.00,57.00,56.50,56.624962,428800,3.179867
1981-12-10,56.375038,57.375038,56.375038,57.00,476000,3.200928
1981-12-09,55.624962,56.75,55.624962,56.375038,518400,3.165832
1981-12-08,55.25,55.50,54.875038,55.50,541600,3.116693
1981-12-07,55.624962,55.624962,55.00,55.25,695200,3.102654
1981-12-04,56.624962,57.00,55.50,55.624962,913600,3.12371
1981-12-03,57.00,57.00,56.50,56.624962,288800,3.179867
1981-12-02,57.375038,57.375038,56.75,57.00,676800,3.200928
1981-12-01,57.00,57.50,56.75,57.375038,1143200,3.221989
1981-11-30,55.375038,57.00,55.375038,57.00,992000,3.200928
1981-11-27,54.375038,55.124962,54.375038,55.00,904800,3.088615
1981-11-25,52.75,54.124962,52.75,54.124962,728000,3.039476
1981-11-24,52.00,52.50,52.00,52.375038,444800,2.941206
1981-11-23,52.00,52.25,52.00,52.00,556800,2.920145
1981-11-20,52.00,52.624962,52.00,52.00,932000,2.920145
1981-11-19,51.75,51.75,51.375038,51.624962,518400,2.899084
1981-11-18,52.124962,52.124962,51.75,51.75,780000,2.906106
1981-11-17,53.124962,53.25,52.00,52.124962,1615200,2.927162
1981-11-16,53.50,53.50,53.00,53.124962,484000,2.983319
1981-11-13,54.124962,54.124962,53.624962,53.624962,720800,3.011397
1981-11-12,54.375038,54.624962,54.25,54.25,1120800,3.046497
1981-11-11,53.50,54.375038,53.50,54.375038,427200,3.053519
1981-11-10,53.124962,53.624962,53.124962,53.375038,847200,2.997362
1981-11-09,52.75,53.124962,52.75,53.124962,552000,2.983319
1981-11-06,52.875038,53.00,52.624962,52.75,385600,2.962262
1981-11-05,52.375038,53.25,52.375038,52.875038,1501600,2.969284
1981-11-04,52.124962,52.375038,52.00,52.124962,590400,2.927162
1981-11-03,52.124962,52.50,51.75,52.124962,1081600,2.927162
1981-11-02,51.375038,52.124962,51.375038,52.124962,808800,2.927162
1981-10-30,50.00,50.50,49.75,50.25,308800,2.821871
1981-10-29,51.124962,51.124962,50.00,50.00,608800,2.807832
1981-10-28,50.75,52.00,50.75,51.375038,647200,2.885049
1981-10-27,50.00,51.25,50.00,50.75,1455200,2.849949
1981-10-26,50.00,50.124962,49.624962,50.00,1449600,2.807832
1981-10-23,52.00,52.00,49.75,50.00,1303200,2.807832
1981-10-22,52.75,52.75,52.00,52.124962,349600,2.927162
1981-10-21,53.00,53.00,52.624962,53.00,740800,2.976301
1981-10-20,53.25,53.25,52.875038,53.124962,1494400,2.983319
1981-10-19,54.375038,54.375038,53.875038,53.875038,684000,3.025441
1981-10-16,54.875038,55.124962,54.375038,54.375038,709600,3.053519
1981-10-15,55.375038,55.50,54.875038,54.875038,352000,3.081597
1981-10-14,55.75,56.124962,55.375038,55.375038,256800,3.109676
1981-10-13,55.00,55.75,55.00,55.75,370400,3.130732
1981-10-12,54.875038,54.875038,54.50,54.75,630400,3.074576
1981-10-09,55.624962,55.624962,54.875038,54.875038,924000,3.081597
1981-10-08,55.25,56.375038,55.25,55.624962,819200,3.12371
1981-10-07,54.375038,55.00,54.375038,55.00,340000,3.088615
1981-10-06,54.25,54.624962,53.50,54.25,308000,3.046497
1981-10-05,54.375038,54.75,54.124962,54.25,776000,3.046497
1981-10-02,53.75,54.375038,53.75,54.375038,839200,3.053519
1981-10-01,53.624962,53.875038,53.375038,53.75,1769600,3.018419
1981-09-30,53.624962,54.00,53.50,53.624962,260000,3.011397
1981-09-29,54.00,54.375038,53.624962,53.624962,411200,3.011397
1981-09-28,54.124962,54.25,53.50,54.00,921600,3.032458
1981-09-25,54.50,54.50,53.75,54.124962,421600,3.039476
1981-09-24,54.875038,55.375038,54.75,54.75,285600,3.074576
1981-09-23,55.25,55.25,53.25,54.875038,879200,3.081597
1981-09-22,56.75,56.75,55.50,55.50,333600,3.116693
1981-09-21,56.375038,57.25,56.375038,56.75,824800,3.186889
1981-09-18,58.00,58.00,56.25,56.25,910400,3.158811
1981-09-17,58.00,58.375038,58.00,58.00,420000,3.257085
1981-09-16,58.624962,58.624962,57.875038,58.00,655200,3.257085
1981-09-15,58.624962,59.124962,58.624962,58.75,291200,3.299202
1981-09-14,58.375038,58.75,58.124962,58.50,251200,3.285163
1981-09-11,57.624962,58.375038,57.624962,58.375038,345600,3.278146
1981-09-10,57.875038,58.00,57.50,57.50,543200,3.229006
1981-09-09,57.50,58.00,57.50,57.875038,430400,3.250067
1981-09-08,57.50,57.624962,57.25,57.50,528000,3.229006
1981-09-04,57.624962,57.75,57.375038,57.50,678400,3.229006
1981-09-03,57.875038,58.375038,57.624962,57.624962,572800,3.236024
1981-09-02,57.75,58.25,57.75,57.875038,582400,3.250067
1981-09-01,57.875038,57.875038,57.375038,57.75,476000,3.243045
1981-08-31,58.25,58.624962,58.124962,58.124962,595200,3.264102
1981-08-28,58.375038,58.75,58.25,58.25,1002400,3.271124
1981-08-27,59.375038,59.375038,58.25,58.375038,678400,3.278146
1981-08-26,60.375038,60.50,59.50,59.50,589600,3.34132
1981-08-25,60.124962,60.375038,59.75,60.375038,520800,3.390459
1981-08-24,61.00,61.00,60.00,60.124962,322400,3.376415
1981-08-21,62.50,62.624962,61.25,61.25,345600,3.439594
1981-08-20,62.50,62.875038,62.375038,62.50,232800,3.509789
1981-08-19,62.375038,62.50,62.25,62.50,165600,3.509789
1981-08-18,62.75,62.75,62.25,62.375038,794400,3.502772
1981-08-17,63.124962,63.124962,62.875038,62.875038,447200,3.53085
1981-08-14,64.25,64.624962,63.25,63.25,294400,3.551907
1981-08-13,64.50,64.624962,64.124962,64.25,160800,3.608064
1981-08-12,64.124962,64.875038,64.124962,64.50,192000,3.622103
1981-08-11,63.875038,64.00,63.75,64.00,163200,3.594024
1981-08-10,63.624962,64.00,63.624962,63.875038,491200,3.587007
1981-08-07,63.50,63.624962,63.25,63.624962,664800,3.572964
1981-08-06,62.875038,63.75,62.75,63.50,575200,3.565946
1981-08-05,62.50,62.875038,62.375038,62.875038,896000,3.53085
1981-08-04,62.50,62.50,62.25,62.50,320800,3.509789
1981-08-03,62.50,62.50,62.375038,62.50,263200,3.509789
1981-07-31,62.375038,62.624962,62.25,62.50,902400,3.509789
1981-07-30,62.124962,62.50,62.00,62.375038,325600,3.502772
1981-07-29,61.75,62.124962,61.75,62.124962,346400,3.488729
1981-07-28,61.124962,61.75,61.124962,61.624962,276800,3.46065
1981-07-27,61.124962,61.375038,61.124962,61.124962,300800,3.432572
1981-07-24,61.75,61.875038,61.124962,61.124962,425600,3.432572
1981-07-23,62.124962,62.124962,61.75,61.75,386400,3.467672
1981-07-22,62.375038,62.50,62.25,62.25,401600,3.49575
1981-07-21,61.75,62.50,61.624962,62.375038,294400,3.502772
1981-07-20,63.25,63.25,61.624962,61.75,298400,3.467672
1981-07-17,63.375038,63.75,63.124962,63.25,936800,3.551907
1981-07-16,62.875038,63.375038,62.875038,63.375038,402400,3.558929
1981-07-15,62.375038,62.875038,62.124962,62.624962,355200,3.516807
1981-07-14,62.375038,62.375038,62.00,62.375038,178400,3.502772
1981-07-13,63.00,63.00,62.375038,62.624962,261600,3.516807
1981-07-10,62.50,63.25,62.25,63.00,614400,3.537868
1981-07-09,62.624962,62.624962,61.375038,62.50,715200,3.509789
1981-07-08,63.375038,63.375038,62.25,62.75,840800,3.523829
1981-07-07,64.375038,64.75,63.25,63.75,532000,3.579985
1981-07-06,65.00,65.00,64.375038,64.375038,484000,3.615085
1981-07-02,65.75,65.75,65.00,65.25,436800,3.66422
1981-07-01,65.624962,66.00,65.25,65.75,661600,3.692299
1981-06-30,64.75,65.875038,64.75,65.624962,582400,3.685277
1981-06-29,64.75,65.624962,64.624962,64.75,294400,3.636142
1981-06-26,65.75,65.75,64.624962,64.75,344800,3.636142
1981-06-25,65.75,66.50,65.75,65.75,243200,3.692299
1981-06-24,65.875038,66.375038,65.624962,65.75,744000,3.692299
1981-06-23,65.75,65.875038,64.624962,65.875038,725600,3.69932
1981-06-22,68.25,68.375038,65.75,65.75,393600,3.692299
1981-06-19,70.00,70.00,68.25,68.25,671200,3.83269
1981-06-18,69.75,70.375038,69.75,70.375038,472000,3.952025
1981-06-17,69.75,69.75,69.124962,69.50,544000,3.902886
1981-06-16,69.624962,69.75,69.375038,69.75,512000,3.916925
1981-06-15,69.25,70.25,69.124962,69.624962,1077600,3.909903
1981-06-12,68.875038,69.50,68.875038,69.25,1076000,3.888847
1981-06-11,68.124962,68.624962,68.124962,68.624962,201600,3.853747
1981-06-10,68.375038,68.50,68.00,68.00,289600,3.818651
1981-06-09,69.624962,69.75,68.375038,68.375038,306400,3.839712
1981-06-08,69.75,70.00,69.50,69.624962,375200,3.909903
1981-06-05,68.75,69.875038,68.50,69.75,709600,3.916925
1981-06-04,68.624962,69.00,68.25,68.75,827200,3.860768
1981-06-03,69.375038,69.375038,68.375038,68.624962,294400,3.853747
1981-06-02,70.00,70.00,69.375038,69.624962,749600,3.909903
1981-06-01,69.00,70.50,69.00,70.00,1380000,3.930964
1981-05-29,67.75,68.124962,67.50,68.00,488000,3.818651
1981-05-28,67.624962,68.124962,67.624962,67.75,459200,3.804612
1981-05-27,67.50,68.00,67.50,67.624962,720800,3.79759
1981-05-26,68.00,68.00,67.25,67.25,764800,3.776533
1981-05-22,68.00,68.375038,67.50,68.00,304000,3.818651
1981-05-21,69.75,69.875038,68.00,68.00,668000,3.818651
1981-05-20,69.25,69.875038,69.25,69.75,670400,3.916925
1981-05-19,69.50,69.50,68.50,69.124962,724800,3.881825
1981-05-18,69.75,69.875038,69.50,69.75,643200,3.916925
1981-05-15,70.00,70.375038,69.75,69.75,976800,3.916925
1981-05-14,69.624962,70.124962,69.624962,70.00,362400,3.930964
1981-05-13,69.25,69.875038,69.25,69.375038,1089600,3.895868
1981-05-12,69.124962,69.25,68.875038,69.124962,517600,3.881825
1981-05-11,69.624962,69.75,69.124962,69.124962,632000,3.881825
1981-05-08,69.624962,69.624962,69.375038,69.624962,560800,3.909903
1981-05-07,69.50,69.624962,69.25,69.624962,722400,3.909903
1981-05-06,69.624962,70.50,69.375038,69.50,1202400,3.902886
1981-05-05,70.375038,70.375038,69.624962,69.624962,746400,3.909903
1981-05-04,71.375038,71.375038,69.875038,70.375038,608800,3.952025
1981-05-01,71.875038,72.25,71.25,71.50,521600,4.015199
1981-04-30,71.25,71.875038,71.25,71.875038,770400,4.03626
1981-04-29,71.50,71.50,70.875038,71.124962,708800,3.994138
1981-04-28,72.00,72.50,71.624962,71.624962,908000,4.022217
1981-04-27,72.75,73.00,72.00,72.00,452800,4.043277
1981-04-24,72.124962,73.00,72.00,72.75,999200,4.085395
1981-04-23,69.75,73.25,69.75,72.124962,1959200,4.050295
1981-04-22,68.50,69.75,68.50,69.75,1481600,3.916925
1981-04-21,68.375038,69.00,68.25,68.25,604800,3.83269
1981-04-20,67.75,68.624962,67.50,68.375038,588800,3.839712
1981-04-16,67.25,67.75,67.25,67.75,578400,3.804612
1981-04-15,67.375038,67.375038,66.624962,67.25,832800,3.776533
1981-04-14,67.875038,68.00,67.124962,67.375038,520800,3.783555
1981-04-13,68.25,68.25,67.50,67.875038,979200,3.811634
1981-04-10,68.50,69.50,68.00,68.875038,821600,3.86779
1981-04-09,65.50,69.25,65.375038,68.50,1284800,3.846729
1981-04-08,62.25,65.50,61.624962,65.50,1450400,3.678259
1981-04-07,61.624962,62.624962,61.375038,62.25,839200,3.49575
1981-04-06,61.75,61.75,61.124962,61.624962,192800,3.46065
1981-04-03,63.624962,63.624962,62.00,62.00,1174400,3.481711
1981-04-02,64.25,64.624962,63.25,64.00,509600,3.594024
1981-04-01,64.624962,64.624962,64.124962,64.25,340800,3.608064
1981-03-31,64.624962,64.875038,64.624962,64.624962,389600,3.62912
1981-03-30,64.875038,64.875038,64.124962,64.375038,719200,3.615085
1981-03-27,65.50,66.25,64.875038,64.875038,575200,3.643164
1981-03-26,65.75,66.00,65.50,65.50,820000,3.678259
1981-03-25,65.75,65.75,65.25,65.75,455200,3.692299
1981-03-24,66.50,67.00,65.624962,65.75,925600,3.692299
1981-03-23,66.75,67.00,66.25,66.50,544000,3.734416
1981-03-20,67.00,67.00,66.75,66.75,720800,3.748455
1981-03-19,67.375038,67.50,67.00,67.00,429600,3.762494
1981-03-18,66.50,67.75,66.375038,67.375038,1027200,3.783555
1981-03-17,67.75,68.00,66.00,66.50,1252800,3.734416
1981-03-16,64.124962,67.875038,64.124962,67.75,819200,3.804612
1981-03-13,64.25,64.50,63.75,64.00,908000,3.594024
1981-03-12,63.875038,64.25,63.624962,64.25,591200,3.608064
1981-03-11,63.875038,64.50,63.624962,63.875038,1484000,3.587007
1981-03-10,64.124962,64.50,63.75,63.875038,1648800,3.587007
1981-03-09,64.124962,64.375038,63.875038,64.124962,632000,3.601042
1981-03-06,64.124962,64.50,64.00,64.124962,781600,3.601042
1981-03-05,64.124962,64.75,63.875038,64.124962,831200,3.601042
1981-03-04,63.75,64.124962,63.75,64.124962,438400,3.601042
1981-03-03,64.00,64.50,63.75,63.75,1106400,3.579985
1981-03-02,64.124962,64.124962,63.75,64.00,837600,3.594024
1981-02-27,64.25,64.25,63.50,64.25,1042400,3.608064
1981-02-26,62.00,65.00,62.00,64.25,1612000,3.608064
1981-02-25,61.00,61.875038,61.00,61.624962,1141600,3.46065
1981-02-24,58.875038,60.75,58.875038,60.624962,1254400,3.404494
1981-02-23,57.875038,58.624962,57.875038,58.624962,726400,3.29218
1981-02-20,57.875038,58.25,57.75,57.875038,1441600,3.250067
1981-02-19,58.00,58.375038,57.624962,57.875038,1571200,3.250067
1981-02-18,57.124962,58.124962,57.124962,58.00,850400,3.257085
1981-02-17,56.624962,57.375038,56.624962,56.75,1083200,3.186889
1981-02-13,55.75,56.25,55.75,56.124962,302400,3.151789
1981-02-12,55.25,56.00,55.25,55.75,451200,3.130732
1981-02-11,55.375038,55.50,55.124962,55.124962,504800,3.095632
1981-02-10,55.375038,55.50,55.124962,55.375038,464800,3.109676
1981-02-09,55.50,55.50,55.00,55.375038,315200,3.109676
1981-02-06,55.00,55.875038,54.75,55.875038,854400,3.137754
1981-02-05,54.875038,55.375038,54.875038,55.00,531200,3.088615
1981-02-04,55.00,55.25,54.624962,54.75,424800,3.074576
1981-02-03,55.00,55.124962,54.624962,55.00,475200,3.088615
1981-02-02,55.50,55.624962,55.00,55.00,495200,3.088615
1981-01-30,55.375038,55.75,55.124962,55.50,210400,3.116693
1981-01-29,55.875038,55.875038,55.124962,55.375038,423200,3.109676
1981-01-28,56.124962,56.124962,55.875038,56.00,300800,3.144771
1981-01-27,55.624962,56.375038,55.624962,56.124962,423200,3.151789
1981-01-26,55.375038,55.75,55.25,55.624962,215200,3.12371
1981-01-23,55.375038,55.75,55.00,55.375038,720800,3.109676
1981-01-22,55.75,55.75,55.124962,55.375038,1068800,3.109676
1981-01-21,56.00,56.124962,55.50,55.75,829600,3.130732
1981-01-20,57.00,57.124962,56.00,56.00,561600,3.144771
1981-01-19,57.25,57.375038,57.00,57.00,272800,3.200928
1981-01-16,57.124962,57.50,57.00,57.25,464800,3.214967
1981-01-15,57.50,57.624962,57.00,57.124962,701600,3.207945
1981-01-14,57.75,57.75,57.50,57.50,344000,3.229006
1981-01-13,59.00,59.25,58.00,58.25,740800,3.271124
1981-01-12,58.50,59.124962,58.50,59.00,572800,3.313241
1981-01-09,58.124962,58.75,58.00,58.50,732000,3.285163
1981-01-08,58.50,58.875038,58.00,58.124962,526400,3.264102
1981-01-07,58.75,59.00,57.124962,58.50,934400,3.285163
1981-01-06,59.00,59.375038,58.50,58.75,683200,3.299202
1981-01-05,58.124962,59.375038,58.124962,59.00,531200,3.313241
1981-01-02,58.00,58.124962,58.00,58.00,435200,3.257085
1980-12-31,57.00,58.00,57.00,58.00,204800,3.257085
1980-12-30,57.124962,57.25,56.75,57.00,192800,3.200928
1980-12-29,57.00,57.25,56.75,57.124962,472000,3.207945
1980-12-26,56.124962,57.00,56.124962,57.00,136800,3.200928
1980-12-24,57.50,57.75,56.00,56.124962,892800,3.151789
1980-12-23,57.624962,58.375038,57.50,57.50,725600,3.229006
1980-12-22,57.375038,57.75,56.375038,57.624962,584000,3.236024
1980-12-19,58.25,58.25,57.00,57.375038,418400,3.221989
1980-12-18,58.50,58.875038,57.875038,58.25,628800,3.271124
1980-12-17,58.624962,59.00,58.50,58.50,704800,3.285163
1980-12-16,58.875038,58.875038,58.624962,58.624962,490400,3.29218
1980-12-15,58.75,59.124962,58.75,59.00,697600,3.313241
1980-12-12,57.124962,58.875038,57.124962,58.75,652800,3.299202
1980-12-11,57.875038,57.875038,56.50,56.875038,1018400,3.193911
1980-12-10,59.25,59.375038,58.124962,58.25,343200,3.271124
1980-12-09,60.00,60.00,59.00,59.25,1125600,3.32728
1980-12-08,60.624962,60.624962,60.00,60.00,1227200,3.369398
1980-12-05,61.50,62.25,61.25,61.375038,848800,3.446615
1980-12-04,61.50,61.875038,61.124962,61.50,860800,3.453633
1980-12-03,61.50,62.00,61.50,61.50,784800,3.453633
1980-12-02,61.875038,61.875038,61.25,61.50,960800,3.453633
1980-12-01,62.75,62.75,62.00,62.124962,447200,3.488729
1980-11-28,62.75,63.00,62.124962,62.75,425600,3.523829
1980-11-26,62.624962,62.875038,62.25,62.75,649600,3.523829
1980-11-25,63.375038,63.624962,62.624962,62.624962,610400,3.516807
1980-11-24,63.624962,63.624962,63.00,63.375038,716000,3.558929
1980-11-21,63.624962,64.00,63.624962,64.00,603200,3.594024
1980-11-20,61.624962,63.375038,61.25,63.375038,999200,3.558929
1980-11-19,61.375038,62.00,61.375038,61.624962,913600,3.46065
1980-11-18,60.25,61.25,60.25,60.875038,816000,3.418537
1980-11-17,60.00,60.25,59.375038,59.875038,539200,3.36238
1980-11-14,59.50,60.375038,59.50,60.00,761600,3.369398
1980-11-13,58.375038,59.375038,58.375038,59.124962,768000,3.320259
1980-11-12,58.124962,58.75,58.124962,58.124962,387200,3.264102
1980-11-11,58.00,58.25,58.00,58.00,379200,3.257085
1980-11-10,58.00,58.375038,57.75,58.00,503200,3.257085
1980-11-07,58.00,58.50,58.00,58.00,864000,3.257085
1980-11-06,58.375038,58.50,57.75,58.00,1241600,3.257085
1980-11-05,58.375038,59.75,58.375038,58.375038,1234400,3.278146
1980-11-03,57.124962,57.624962,56.75,57.375038,503200,3.221989
1980-10-31,56.624962,57.25,56.124962,57.124962,359200,3.207945
1980-10-30,57.124962,57.124962,56.375038,56.624962,368000,3.179867
1980-10-29,56.624962,57.75,56.624962,57.375038,408800,3.221989
1980-10-28,56.124962,56.875038,56.124962,56.624962,488800,3.179867
1980-10-27,56.00,56.375038,55.875038,56.124962,360800,3.151789
1980-10-24,55.875038,56.25,55.375038,56.00,316800,3.144771
1980-10-23,56.375038,56.375038,55.375038,55.875038,606400,3.137754
1980-10-22,56.875038,56.875038,56.25,56.375038,900000,3.165832
1980-10-21,57.50,57.50,56.375038,56.875038,1087200,3.193911
1980-10-20,57.00,57.50,56.624962,57.50,262400,3.229006
1980-10-17,57.875038,57.875038,56.75,57.00,765600,3.200928
1980-10-16,58.50,59.124962,57.875038,57.875038,581600,3.250067
1980-10-15,58.375038,58.75,58.124962,58.50,759200,3.285163
1980-10-14,59.25,59.25,58.375038,58.375038,436800,3.278146
1980-10-13,59.25,59.624962,59.00,59.624962,464800,3.348337
1980-10-10,59.875038,59.875038,59.25,59.25,516000,3.32728
1980-10-09,59.124962,60.25,58.25,59.875038,1123200,3.36238
1980-10-08,58.624962,59.624962,58.124962,59.124962,981600,3.320259
1980-10-07,58.375038,58.875038,58.00,58.624962,599200,3.29218
1980-10-06,57.875038,58.375038,57.00,58.375038,345600,3.278146
1980-10-03,57.50,58.00,57.25,57.875038,454400,3.250067
1980-10-02,56.50,57.50,56.375038,57.50,684800,3.229006
1980-10-01,55.875038,56.50,55.875038,56.50,565600,3.17285
1980-09-30,55.124962,56.00,55.00,55.875038,417600,3.137754
1980-09-29,55.25,55.25,54.75,55.124962,334400,3.095632
1980-09-26,55.75,55.75,54.875038,55.624962,1299200,3.12371
1980-09-25,56.75,56.875038,56.25,56.375038,1563200,3.165832
1980-09-24,57.124962,57.624962,56.624962,56.75,828800,3.186889
1980-09-23,58.00,58.50,57.124962,57.124962,616800,3.207945
1980-09-22,57.75,58.25,57.50,58.00,564800,3.257085
1980-09-19,56.875038,57.75,56.875038,57.75,852800,3.243045
1980-09-18,56.124962,56.75,56.124962,56.624962,521600,3.179867
1980-09-17,55.624962,56.25,55.624962,56.124962,479200,3.151789
1980-09-16,54.25,55.875038,54.124962,55.25,860800,3.102654
1980-09-15,53.624962,54.25,53.25,54.25,388800,3.046497
1980-09-12,53.25,53.875038,53.25,53.624962,391200,3.011397
1980-09-11,52.75,53.375038,52.75,53.124962,479200,2.983319
1980-09-10,53.375038,53.375038,52.375038,52.75,679200,2.962262
1980-09-09,52.624962,53.50,52.124962,53.50,954400,3.00438
1980-09-08,52.875038,53.00,52.50,52.624962,507200,2.955241
1980-09-05,53.50,53.50,52.875038,52.875038,440000,2.969284
1980-09-04,53.624962,54.375038,53.375038,53.624962,1132000,3.011397
1980-09-03,53.00,53.624962,53.00,53.624962,1076000,3.011397
1980-09-02,53.00,53.124962,52.50,52.875038,1053600,2.969284
1980-08-29,53.00,53.50,52.75,53.00,708000,2.976301
1980-08-28,54.124962,54.124962,53.00,53.00,647200,2.976301
1980-08-27,54.624962,54.624962,53.75,54.124962,1464000,3.039476
1980-08-26,55.75,55.75,54.375038,54.875038,456000,3.081597
1980-08-25,56.375038,56.375038,55.624962,55.75,808800,3.130732
1980-08-22,56.875038,57.25,56.375038,56.624962,1069600,3.179867
1980-08-21,57.50,57.50,56.124962,56.875038,2728000,3.193911
1980-08-20,57.75,57.875038,57.50,57.50,486400,3.229006
1980-08-19,58.00,58.00,57.624962,57.75,579200,3.243045
1980-08-18,59.00,59.00,58.25,58.50,358400,3.285163
1980-08-15,58.50,59.375038,58.25,59.124962,530400,3.320259
1980-08-14,57.375038,58.50,57.375038,58.50,464000,3.285163
1980-08-13,57.375038,57.75,57.124962,57.25,444000,3.214967
1980-08-12,57.875038,58.124962,57.375038,57.375038,590400,3.221989
1980-08-11,57.75,58.124962,57.75,57.875038,589600,3.250067
1980-08-08,57.875038,58.124962,57.624962,57.75,468000,3.243045
1980-08-07,57.624962,57.875038,57.375038,57.875038,488000,3.250067
1980-08-06,58.124962,58.124962,57.50,57.624962,632800,3.236024
1980-08-05,58.25,58.50,58.00,58.124962,298400,3.264102
1980-08-04,57.875038,58.25,57.00,58.25,324800,3.271124
1980-08-01,58.50,58.50,57.875038,57.875038,1004800,3.250067
1980-07-31,58.124962,59.00,57.875038,59.00,478400,3.313241
1980-07-30,58.124962,58.75,58.124962,58.124962,359200,3.264102
1980-07-29,57.124962,57.75,57.124962,57.624962,400000,3.236024
1980-07-28,56.375038,57.00,56.375038,57.00,572800,3.200928
1980-07-25,56.624962,56.624962,56.124962,56.25,236000,3.158811
1980-07-24,58.00,58.00,56.75,56.875038,800800,3.193911
1980-07-23,58.25,58.375038,58.124962,58.25,458400,3.271124
1980-07-22,57.75,58.624962,57.624962,58.25,700800,3.271124
1980-07-21,57.375038,58.00,57.25,57.75,1199200,3.243045
1980-07-18,56.875038,57.375038,56.875038,57.375038,1133600,3.221989
1980-07-17,54.875038,56.375038,54.875038,56.375038,872000,3.165832
1980-07-16,54.75,54.875038,54.375038,54.875038,665600,3.081597
1980-07-15,54.624962,55.00,54.50,54.75,853600,3.074576
1980-07-14,53.875038,54.875038,53.875038,54.624962,793600,3.067554
1980-07-11,53.50,54.00,53.25,53.875038,384800,3.025441
1980-07-10,53.75,54.00,53.50,53.50,556000,3.00438
1980-07-09,53.00,54.25,53.00,53.75,884000,3.018419
1980-07-08,52.75,53.50,52.75,53.00,1098400,2.976301
1980-07-07,52.875038,53.124962,52.75,52.75,493600,2.962262
1980-07-03,53.25,53.375038,52.75,52.875038,983200,2.969284
1980-07-02,53.00,53.75,53.00,53.25,1012000,2.990341
1980-07-01,52.75,53.124962,52.25,53.00,500800,2.976301
1980-06-30,53.375038,53.375038,52.75,52.75,316800,2.962262
1980-06-27,53.25,53.75,53.00,53.50,285600,3.00438
1980-06-26,52.375038,54.00,52.375038,53.25,1069600,2.990341
1980-06-25,50.375038,52.50,50.25,52.25,1174400,2.934184
1980-06-24,49.75,50.375038,49.75,50.375038,888800,2.828892
1980-06-23,49.624962,50.375038,49.50,49.75,581600,2.793792
1980-06-20,49.875038,49.875038,49.50,49.624962,650400,2.786771
1980-06-19,51.00,51.00,49.875038,50.00,592000,2.807832
1980-06-18,50.624962,51.25,50.375038,51.25,327200,2.878027
1980-06-17,50.00,50.624962,50.00,50.624962,744800,2.842927
1980-06-16,50.25,50.25,50.00,50.00,582400,2.807832
1980-06-13,50.375038,50.50,49.875038,50.25,793600,2.821871
1980-06-12,50.375038,50.375038,49.75,50.375038,1055200,2.828892
1980-06-11,49.875038,50.375038,49.875038,50.375038,396800,2.828892
1980-06-10,49.875038,50.50,49.624962,49.75,1000000,2.793792
1980-06-09,50.50,50.875038,49.75,49.875038,365600,2.800814
1980-06-06,50.124962,50.50,49.875038,50.50,1176000,2.83591
1980-06-05,48.75,50.375038,48.75,50.124962,2689600,2.814849
1980-06-04,47.75,48.50,47.124962,48.50,786400,2.723597
1980-06-03,48.00,48.00,47.624962,47.75,492800,2.681479
1980-06-02,49.124962,49.124962,48.124962,48.124962,324000,2.702536
1980-05-30,48.875038,49.50,48.375038,49.375038,645600,2.772736
1980-05-29,50.25,50.25,48.875038,48.875038,730400,2.744658
1980-05-28,50.00,50.624962,49.624962,50.375038,667200,2.828892
1980-05-27,49.124962,50.375038,49.124962,50.00,641600,2.807832
1980-05-23,48.00,49.624962,48.00,49.00,1172800,2.751675
1980-05-22,47.00,47.50,46.75,47.50,471200,2.66744
1980-05-21,47.00,47.00,46.75,47.00,444000,2.639362
1980-05-20,47.25,47.624962,47.00,47.00,755200,2.639362
1980-05-19,47.124962,47.50,46.624962,47.25,503200,2.653401
1980-05-16,47.00,47.124962,46.875038,47.124962,564800,2.646379
1980-05-15,47.124962,47.124962,46.875038,47.00,824800,2.639362
1980-05-14,46.875038,47.375038,46.875038,47.25,1128000,2.653401
1980-05-13,44.624962,46.50,44.50,46.50,896000,2.611283
1980-05-12,44.50,44.875038,43.75,44.624962,1560000,2.505988
1980-05-09,46.624962,46.624962,44.00,44.50,1952800,2.49897
1980-05-08,46.50,47.00,46.50,46.875038,870400,2.632344
1980-05-07,45.875038,46.875038,45.875038,46.50,580800,2.611283
1980-05-06,45.124962,45.875038,45.00,45.624962,2059200,2.562144
1980-05-05,44.875038,45.375038,44.875038,45.124962,820000,2.534066
1980-05-02,45.624962,45.624962,44.875038,44.875038,983200,2.520031
1980-05-01,46.75,46.75,45.75,45.875038,961600,2.576188
1980-04-30,47.875038,47.875038,46.624962,47.00,732800,2.639362
1980-04-29,48.00,48.375038,48.00,48.00,528800,2.695518
1980-04-28,48.00,48.375038,47.624962,48.00,331200,2.695518
1980-04-25,47.375038,48.00,47.00,48.00,300800,2.695518
1980-04-24,46.124962,47.75,46.124962,47.375038,370400,2.660423
1980-04-23,45.75,46.25,45.375038,46.124962,539200,2.590222
1980-04-22,44.624962,45.875038,44.624962,45.75,1365600,2.569166
1980-04-21,44.50,44.75,44.124962,44.375038,345600,2.491953
1980-04-18,44.75,44.75,44.124962,44.50,359200,2.49897
1980-04-17,44.50,44.75,43.875038,44.75,690400,2.513009
1980-04-16,45.50,46.124962,44.50,44.50,923200,2.49897
1980-04-15,46.50,46.50,45.00,45.50,640800,2.555127
1980-04-14,47.124962,47.124962,46.624962,46.624962,562400,2.618301
1980-04-11,47.50,47.75,47.00,47.375038,400000,2.660423
1980-04-10,48.25,48.375038,47.50,47.50,810400,2.66744
1980-04-09,46.624962,48.624962,46.624962,48.25,640000,2.709557
1980-04-08,46.25,46.624962,46.124962,46.50,564800,2.611283
1980-04-07,46.75,46.75,46.00,46.25,431200,2.597244
1980-04-03,47.875038,47.875038,46.624962,46.75,893600,2.625323
1980-04-02,47.624962,48.124962,47.624962,48.00,784000,2.695518
1980-04-01,47.624962,48.00,47.25,47.624962,426400,2.674457
1980-03-31,47.624962,48.00,47.00,47.624962,361600,2.674457
1980-03-28,45.75,48.25,45.75,47.624962,917600,2.674457
1980-03-27,45.624962,45.624962,44.75,45.25,817600,2.541088
1980-03-26,45.25,46.375038,45.25,45.75,789600,2.569166
1980-03-25,43.75,45.124962,43.624962,45.124962,838400,2.534066
1980-03-24,44.75,45.00,43.50,43.75,991200,2.456853
1980-03-21,45.50,45.75,44.75,44.75,596800,2.513009
1980-03-20,46.875038,47.124962,45.50,45.50,863200,2.555127
1980-03-19,47.50,48.25,46.875038,46.875038,1138400,2.632344
1980-03-18,47.00,47.50,46.624962,47.50,1464800,2.66744
1980-03-17,48.50,48.50,46.624962,47.00,514400,2.639362
1980-03-14,49.25,49.25,48.624962,49.00,608000,2.751675
1980-03-13,49.375038,49.375038,49.124962,49.25,588000,2.765714
1980-03-12,49.624962,49.624962,49.00,49.375038,587200,2.772736
1980-03-11,49.00,49.624962,49.00,49.624962,1225600,2.786771
1980-03-10,49.124962,49.75,48.75,49.00,1389600,2.751675
1980-03-07,49.875038,49.875038,49.00,49.124962,2760000,2.758692
1980-03-06,49.875038,50.375038,49.50,50.124962,1168800,2.814849
1980-03-05,51.00,51.00,49.875038,49.875038,1199200,2.800814
1980-03-04,51.50,51.624962,50.75,51.00,821600,2.863988
1980-03-03,53.25,53.25,51.50,51.50,1962400,2.892067
1980-02-29,52.50,53.25,52.375038,53.25,418400,2.990341
1980-02-28,52.00,52.624962,52.00,52.50,375200,2.948223
1980-02-27,54.00,54.00,52.00,52.00,1144800,2.920145
1980-02-26,54.124962,54.25,53.75,54.00,847200,3.032458
1980-02-25,54.375038,54.375038,53.875038,54.124962,416000,3.039476
1980-02-22,54.50,54.624962,53.75,54.50,714400,3.060536
1980-02-21,55.75,56.75,54.50,54.50,839200,3.060536
1980-02-20,55.75,56.00,55.375038,55.75,457600,3.130732
1980-02-19,56.375038,56.375038,55.624962,55.75,549600,3.130732
1980-02-15,56.75,56.75,56.375038,56.50,830400,3.17285
1980-02-14,57.00,57.375038,56.50,56.75,772800,3.186889
1980-02-13,56.00,57.375038,56.00,57.00,1167200,3.200928
1980-02-12,54.875038,55.50,54.75,55.375038,651200,3.109676
1980-02-11,55.124962,55.375038,54.50,54.875038,1598400,3.081597
1980-02-08,54.50,55.25,54.25,55.124962,718400,3.095632
1980-02-07,54.75,54.875038,54.25,54.50,1110400,3.060536
1980-02-06,55.875038,55.875038,54.75,54.75,984000,3.074576
1980-02-05,56.50,56.50,55.875038,56.00,806400,3.144771
1980-02-04,56.624962,56.875038,56.50,56.50,553600,3.17285
1980-02-01,56.75,56.875038,56.50,56.624962,667200,3.179867
1980-01-31,57.25,58.25,56.75,56.75,978400,3.186889
1980-01-30,56.75,57.375038,56.75,57.25,807200,3.214967
1980-01-29,57.00,57.375038,56.624962,56.75,950400,3.186889
1980-01-28,57.00,57.124962,56.624962,57.00,509600,3.200928
1980-01-25,56.624962,57.124962,56.375038,57.00,1219200,3.200928
1980-01-24,55.875038,57.00,55.875038,56.624962,1102400,3.179867
1980-01-23,54.75,55.375038,54.25,55.375038,797600,3.109676
1980-01-22,54.75,55.25,54.375038,54.75,1158400,3.074576
1980-01-21,54.375038,55.50,54.00,54.75,718400,3.074576
1980-01-18,55.25,55.25,53.50,54.375038,2036800,3.053519
1980-01-17,55.50,55.50,55.124962,55.25,432800,3.102654
1980-01-16,54.875038,56.124962,54.875038,55.50,1264000,3.116693
1980-01-15,54.75,54.75,54.25,54.75,366400,3.074576
1980-01-14,54.50,54.875038,54.50,54.75,592800,3.074576
1980-01-11,54.875038,55.124962,54.25,54.25,1052000,3.046497
1980-01-10,55.25,55.25,54.75,54.875038,1992800,3.081597
1980-01-09,54.50,55.25,54.50,55.25,861600,3.102654
1980-01-08,53.25,53.75,53.00,53.75,280800,3.018419
1980-01-07,53.50,53.50,53.124962,53.25,474400,2.990341
1980-01-04,52.75,53.50,52.75,53.50,541600,3.00438
1980-01-03,53.124962,53.124962,52.624962,52.75,568800,2.962262
1980-01-02,53.875038,53.875038,53.00,53.25,1182400,2.990341
1979-12-31,54.25,54.375038,53.75,54.00,178400,3.032458
1979-12-28,54.375038,54.375038,54.124962,54.25,247200,3.046497
1979-12-27,54.00,54.375038,54.00,54.375038,788000,3.053519
1979-12-26,53.875038,54.124962,53.875038,54.00,327200,3.032458
1979-12-24,53.124962,53.75,53.124962,53.75,340000,3.018419
1979-12-21,53.875038,54.124962,53.00,53.00,458400,2.976301
1979-12-20,54.00,54.124962,53.75,53.875038,877600,3.025441
1979-12-19,54.50,54.50,53.875038,54.00,825600,3.032458
1979-12-18,54.624962,54.875038,54.375038,54.624962,952800,3.067554
1979-12-17,54.50,54.75,54.375038,54.624962,386400,3.067554
1979-12-14,54.124962,54.50,54.00,54.50,650400,3.060536
1979-12-13,54.00,54.124962,53.875038,54.124962,1076000,3.039476
1979-12-12,54.375038,54.375038,53.875038,54.00,329600,3.032458
1979-12-11,54.375038,54.624962,54.25,54.50,838400,3.060536
1979-12-10,53.75,54.375038,53.75,54.375038,502400,3.053519
1979-12-07,53.75,54.50,53.624962,53.75,557600,3.018419
1979-12-06,53.375038,53.75,53.00,53.75,570400,3.018419
1979-12-05,53.375038,53.875038,53.375038,53.375038,702400,2.997362
1979-12-04,53.624962,54.00,53.25,53.375038,474400,2.997362
1979-12-03,54.00,54.124962,53.50,53.624962,868000,3.011397
1979-11-30,54.75,54.875038,53.75,54.00,696000,3.032458
1979-11-29,54.25,55.124962,54.124962,54.75,477600,3.074576
1979-11-28,54.25,54.50,53.875038,54.25,609600,3.046497
1979-11-27,54.00,54.375038,53.75,54.25,1281600,3.046497
1979-11-26,52.75,54.375038,52.75,54.00,627200,3.032458
1979-11-23,52.124962,52.50,52.124962,52.50,308800,2.948223
1979-11-21,51.875038,52.124962,51.50,52.124962,888000,2.927162
1979-11-20,51.624962,52.375038,51.624962,51.875038,462400,2.913127
1979-11-19,51.50,51.875038,51.375038,51.375038,341600,2.885049
1979-11-16,51.75,51.75,51.50,51.50,1036800,2.892067
1979-11-15,51.624962,51.75,51.624962,51.75,1298400,2.906106
1979-11-14,51.50,51.624962,51.00,51.624962,517600,2.899084
1979-11-13,51.75,51.875038,51.375038,51.50,594400,2.892067
1979-11-12,50.75,51.75,50.75,51.75,207200,2.906106
1979-11-09,50.375038,50.875038,50.375038,50.624962,843200,2.842927
1979-11-08,49.124962,50.50,49.124962,50.124962,568000,2.814849
1979-11-07,49.75,49.75,49.124962,49.124962,647200,2.758692
1979-11-06,50.124962,50.124962,49.875038,49.875038,372000,2.800814
1979-11-05,50.624962,50.624962,50.124962,50.124962,410400,2.814849
1979-11-02,50.375038,50.75,50.375038,50.624962,414400,2.842927
1979-11-01,50.00,50.25,50.00,50.124962,469600,2.814849
1979-10-31,50.124962,50.124962,49.624962,49.75,690400,2.793792
1979-10-30,49.75,50.124962,49.624962,50.124962,516800,2.814849
1979-10-29,50.00,50.375038,49.75,49.75,691200,2.793792
1979-10-26,49.75,50.25,49.75,50.00,440000,2.807832
1979-10-25,49.50,49.875038,49.50,49.50,482400,2.779753
1979-10-24,49.875038,50.124962,49.50,49.50,1245600,2.779753
1979-10-23,50.25,50.50,49.875038,49.875038,492800,2.800814
1979-10-22,51.25,51.25,49.375038,50.25,1622400,2.821871
1979-10-19,51.624962,51.624962,51.25,51.25,1176800,2.878027
1979-10-18,52.124962,52.25,51.50,51.624962,537600,2.899084
1979-10-17,52.00,52.124962,51.624962,52.124962,724000,2.927162
1979-10-16,52.624962,52.75,51.875038,52.00,994400,2.920145
1979-10-15,52.75,52.75,52.624962,52.624962,298400,2.955241
1979-10-12,52.624962,53.124962,52.624962,52.75,762400,2.962262
1979-10-11,52.375038,53.25,52.375038,52.624962,793600,2.955241
1979-10-10,53.124962,53.25,51.875038,52.375038,1392800,2.941206
1979-10-09,54.25,54.25,53.124962,53.124962,1031200,2.983319
1979-10-08,54.75,54.75,54.375038,54.375038,606400,3.053519
1979-10-05,54.624962,55.25,54.624962,54.875038,717600,3.081597
1979-10-04,54.875038,55.124962,54.50,54.624962,1042400,3.067554
1979-10-03,55.00,55.124962,54.75,54.875038,1016000,3.081597
1979-10-02,54.624962,55.00,54.375038,55.00,475200,3.088615
1979-10-01,55.25,55.25,54.375038,54.624962,1465600,3.067554
1979-09-28,56.124962,56.25,55.624962,55.75,1105600,3.130732
1979-09-27,56.00,56.124962,55.75,56.124962,184000,3.151789
1979-09-26,55.875038,56.25,55.75,56.00,496000,3.144771
1979-09-25,55.624962,55.875038,55.375038,55.875038,515200,3.137754
1979-09-24,55.624962,56.00,55.50,55.624962,382400,3.12371
1979-09-21,55.624962,55.624962,55.25,55.624962,1147200,3.12371
1979-09-20,55.00,55.624962,54.50,55.624962,516800,3.12371
1979-09-19,55.00,55.124962,54.375038,55.00,748800,3.088615
1979-09-18,55.375038,55.50,55.00,55.00,1040800,3.088615
1979-09-17,56.00,56.25,55.375038,55.375038,555200,3.109676
1979-09-14,55.25,56.124962,55.25,56.00,325600,3.144771
1979-09-13,56.00,56.25,55.25,55.25,585600,3.102654
1979-09-12,56.00,57.375038,55.875038,56.00,728000,3.144771
1979-09-11,56.25,56.875038,55.875038,56.00,518400,3.144771
1979-09-10,56.124962,56.624962,56.124962,56.25,484000,3.158811
1979-09-07,56.124962,56.124962,55.25,56.00,508000,3.144771
1979-09-06,56.00,56.25,55.875038,56.124962,556800,3.151789
1979-09-05,56.00,56.00,55.75,56.00,672000,3.144771
1979-09-04,56.875038,56.875038,56.25,56.25,944800,3.158811
1979-08-31,56.875038,57.00,56.75,56.875038,890400,3.193911
1979-08-30,56.375038,56.875038,56.375038,56.875038,519200,3.193911
1979-08-29,56.375038,56.624962,56.375038,56.375038,752800,3.165832
1979-08-28,56.25,56.624962,56.124962,56.375038,712000,3.165832
1979-08-27,56.25,56.375038,55.75,56.25,974400,3.158811
1979-08-24,57.25,57.25,56.124962,56.25,410400,3.158811
1979-08-23,57.624962,57.624962,57.25,57.375038,488000,3.221989
1979-08-22,57.875038,57.875038,57.50,57.75,324000,3.243045
1979-08-21,57.875038,58.25,57.624962,57.875038,477600,3.250067
1979-08-20,57.875038,58.00,57.50,57.875038,357600,3.250067
1979-08-17,58.375038,58.375038,57.75,57.875038,496800,3.250067
1979-08-16,59.124962,59.50,58.25,58.875038,967200,3.306224
1979-08-15,59.375038,59.375038,58.124962,59.124962,876000,3.320259
1979-08-14,59.50,59.50,59.124962,59.375038,592800,3.334302
1979-08-13,59.124962,59.50,59.124962,59.50,440800,3.34132
1979-08-10,58.124962,59.25,57.875038,59.124962,388000,3.320259
1979-08-09,58.50,58.50,58.00,58.124962,823200,3.264102
1979-08-08,58.25,58.624962,58.124962,58.50,580000,3.285163
1979-08-07,57.50,58.25,57.50,58.25,857600,3.271124
1979-08-06,56.75,57.50,56.624962,57.25,454400,3.214967
1979-08-03,56.50,56.875038,56.375038,56.75,353600,3.186889
1979-08-02,56.00,56.50,56.00,56.50,376000,3.17285
1979-08-01,55.50,55.875038,55.50,55.75,540800,3.130732
1979-07-31,55.124962,55.50,55.124962,55.50,474400,3.116693
1979-07-30,55.124962,55.25,54.624962,55.124962,220800,3.095632
1979-07-27,55.00,55.124962,54.75,55.124962,381600,3.095632
1979-07-26,55.00,55.25,54.875038,55.00,711200,3.088615
1979-07-25,55.00,55.25,54.875038,55.00,400000,3.088615
1979-07-24,55.124962,55.50,54.75,55.00,236000,3.088615
1979-07-23,54.624962,55.124962,54.375038,55.124962,554400,3.095632
1979-07-20,54.124962,55.00,54.124962,54.624962,407200,3.067554
1979-07-19,54.124962,54.50,54.124962,54.124962,371200,3.039476
1979-07-18,53.50,54.00,53.00,54.00,856800,3.032458
1979-07-17,53.875038,53.875038,53.375038,53.50,1008000,3.00438
1979-07-16,54.00,54.375038,53.50,54.00,1106400,3.032458
1979-07-13,53.75,54.124962,53.75,54.00,1071200,3.032458
1979-07-12,54.124962,54.124962,53.624962,53.624962,789600,3.011397
1979-07-11,54.75,54.75,54.124962,54.124962,2004000,3.039476
1979-07-10,55.75,56.124962,55.75,55.75,1292800,3.130732
1979-07-09,55.00,55.75,55.00,55.75,461600,3.130732
1979-07-06,54.50,55.124962,54.50,55.00,394400,3.088615
1979-07-05,54.624962,54.624962,54.124962,54.50,221600,3.060536
1979-07-03,54.624962,54.624962,54.375038,54.624962,704000,3.067554
1979-07-02,54.875038,54.875038,54.624962,54.624962,435200,3.067554
1979-06-29,54.75,55.375038,54.75,55.124962,516000,3.095632
1979-06-28,54.124962,54.875038,54.124962,54.75,1668800,3.074576
1979-06-27,53.75,54.375038,53.50,54.00,738400,3.032458
1979-06-26,53.875038,54.50,53.624962,53.75,2142400,3.018419
1979-06-25,54.00,54.124962,53.624962,53.875038,515200,3.025441
1979-06-22,53.875038,54.124962,53.875038,54.00,1192000,3.032458
1979-06-21,53.50,54.00,53.375038,53.875038,1265600,3.025441
1979-06-20,53.624962,53.75,53.375038,53.50,1075200,3.00438
1979-06-19,53.50,53.75,53.124962,53.624962,525600,3.011397
1979-06-18,54.50,54.50,53.25,53.50,562400,3.00438
1979-06-15,54.875038,55.00,54.375038,54.50,797600,3.060536
1979-06-14,55.25,55.624962,54.375038,54.875038,999200,3.081597
1979-06-13,55.75,55.875038,55.00,55.25,1005600,3.102654
1979-06-12,55.124962,55.875038,55.124962,55.75,2286400,3.130732
1979-06-11,55.00,55.375038,54.875038,55.00,684800,3.088615
1979-06-08,55.75,55.875038,55.00,55.00,591200,3.088615
1979-06-07,55.375038,55.875038,55.25,55.75,548000,3.130732
1979-06-06,55.50,56.00,55.124962,55.375038,624000,3.109676
1979-06-05,55.624962,55.875038,55.375038,55.50,524000,3.116693
1979-06-04,55.25,55.75,55.00,55.624962,275200,3.12371
1979-06-01,55.25,55.25,54.875038,55.25,292800,3.102654
1979-05-31,54.75,55.375038,54.50,55.25,353600,3.102654
1979-05-30,55.875038,56.00,54.624962,54.75,857600,3.074576
1979-05-29,56.124962,56.25,55.75,55.875038,555200,3.137754
1979-05-25,56.375038,56.375038,56.00,56.124962,631200,3.151789
1979-05-24,56.624962,56.624962,56.00,56.375038,892000,3.165832
1979-05-23,56.75,57.25,56.624962,56.624962,390400,3.179867
1979-05-22,56.25,56.75,55.875038,56.75,272000,3.186889
1979-05-21,55.75,56.25,55.624962,56.25,373600,3.158811
1979-05-18,56.00,56.00,55.624962,55.75,333600,3.130732
1979-05-17,54.50,56.00,54.50,56.00,864000,3.144771
1979-05-16,54.00,54.624962,54.00,54.25,395200,3.046497
1979-05-15,53.75,54.375038,53.624962,54.00,621600,3.032458
1979-05-14,54.25,54.25,53.75,53.75,772800,3.018419
1979-05-11,53.75,54.50,53.75,54.375038,692000,3.053519
1979-05-10,54.124962,54.375038,53.75,53.75,922400,3.018419
1979-05-09,54.124962,54.50,53.624962,54.124962,673600,3.039476
1979-05-08,53.25,54.25,53.00,54.124962,576000,3.039476
1979-05-07,54.00,54.00,53.124962,53.25,645600,2.990341
1979-05-04,54.875038,54.875038,54.50,54.624962,631200,3.067554
1979-05-03,55.124962,55.375038,54.875038,55.00,315200,3.088615
1979-05-02,55.375038,55.375038,54.875038,55.124962,302400,3.095632
1979-05-01,55.00,55.50,55.00,55.375038,400800,3.109676
1979-04-30,55.00,55.25,54.50,55.00,456000,3.088615
1979-04-27,56.00,56.00,54.875038,55.00,654400,3.088615
1979-04-26,56.875038,56.875038,56.25,56.25,760800,3.158811
1979-04-25,56.624962,56.875038,56.50,56.875038,468000,3.193911
1979-04-24,56.75,56.875038,56.624962,56.624962,992800,3.179867
1979-04-23,56.75,56.75,56.50,56.75,302400,3.186889
1979-04-20,56.624962,56.875038,56.50,56.75,736800,3.186889
1979-04-19,56.624962,57.124962,56.50,56.624962,645600,3.179867
1979-04-18,56.624962,56.75,56.50,56.624962,537600,3.179867
1979-04-17,57.00,57.124962,56.50,56.624962,827200,3.179867
1979-04-16,56.50,57.124962,56.124962,57.00,548000,3.200928
1979-04-12,57.875038,57.875038,56.50,56.50,829600,3.17285
1979-04-11,58.50,58.75,57.875038,58.124962,575200,3.264102
1979-04-10,58.124962,58.75,57.875038,58.50,756800,3.285163
1979-04-09,58.75,58.75,58.00,58.124962,309600,3.264102
1979-04-06,58.50,58.875038,58.50,58.75,584000,3.299202
1979-04-05,58.50,58.624962,58.25,58.50,984000,3.285163
1979-04-04,59.00,59.624962,58.124962,58.50,728000,3.285163
1979-04-03,58.624962,59.25,58.25,59.00,438400,3.313241
1979-04-02,59.124962,59.124962,58.375038,58.624962,460000,3.29218
1979-03-30,59.624962,59.624962,59.25,59.375038,270400,3.334302
1979-03-29,60.875038,60.875038,59.25,59.624962,574400,3.348337
1979-03-28,61.624962,61.624962,60.875038,60.875038,1372800,3.418537
1979-03-27,60.624962,61.75,60.624962,61.75,262400,3.467672
1979-03-26,60.375038,61.00,60.00,60.624962,390400,3.404494
1979-03-23,60.00,60.624962,59.75,60.375038,364000,3.390459
1979-03-22,59.75,60.25,59.50,60.00,332000,3.369398
1979-03-21,59.375038,59.75,59.25,59.75,494400,3.355359
1979-03-20,59.75,59.875038,59.124962,59.375038,368000,3.334302
1979-03-19,60.00,60.375038,59.50,59.75,302400,3.355359
1979-03-16,59.50,60.124962,59.375038,60.00,402400,3.369398
1979-03-15,59.375038,59.75,59.00,59.50,142400,3.34132
1979-03-14,59.624962,59.624962,59.124962,59.375038,208000,3.334302
1979-03-13,59.75,60.25,59.375038,59.624962,312800,3.348337
1979-03-12,60.00,60.00,59.124962,59.75,322400,3.355359
1979-03-09,59.875038,60.375038,59.75,60.00,215200,3.369398
1979-03-08,58.75,59.875038,58.624962,59.875038,684800,3.36238
1979-03-07,58.25,59.124962,58.124962,58.75,208000,3.299202
1979-03-06,59.124962,59.124962,57.75,58.25,260800,3.271124
1979-03-05,58.25,59.50,58.25,59.124962,383200,3.320259
1979-03-02,58.00,58.00,57.75,57.875038,106400,3.250067
1979-03-01,57.75,58.00,57.50,58.00,159200,3.257085
1979-02-28,57.875038,57.875038,57.25,57.75,580800,3.243045
1979-02-27,59.124962,59.25,57.75,58.124962,617600,3.264102
1979-02-26,59.624962,59.875038,58.875038,59.124962,806400,3.320259
1979-02-23,59.375038,59.75,59.375038,59.624962,374400,3.348337
1979-02-22,59.75,60.124962,59.25,59.25,456800,3.32728
1979-02-21,60.00,60.25,59.624962,59.75,476000,3.355359
1979-02-20,59.375038,60.00,59.375038,60.00,369600,3.369398
1979-02-16,59.50,59.50,59.25,59.25,268000,3.32728
1979-02-15,59.50,59.50,59.25,59.50,464000,3.34132
1979-02-14,59.375038,59.875038,59.375038,59.624962,371200,3.348337
1979-02-13,59.375038,60.00,59.375038,59.375038,472800,3.334302
1979-02-12,58.624962,59.375038,58.624962,59.375038,214400,3.334302
1979-02-09,58.75,59.25,58.624962,58.624962,486400,3.29218
1979-02-08,58.875038,59.00,58.624962,58.75,553600,3.299202
1979-02-07,59.624962,59.624962,58.50,58.875038,852000,3.306224
1979-02-06,59.50,59.75,59.50,59.75,232800,3.355359
1979-02-05,59.875038,59.875038,59.50,59.50,366400,3.34132
1979-02-02,60.50,60.624962,60.00,60.375038,284800,3.390459
1979-02-01,60.50,60.50,60.25,60.50,224800,3.397476
1979-01-31,61.75,62.00,60.624962,60.75,296800,3.411515
1979-01-30,62.25,62.375038,61.50,61.75,245600,3.467672
1979-01-29,62.50,62.50,62.00,62.25,301600,3.49575
1979-01-26,62.00,62.875038,62.00,62.50,672800,3.509789
1979-01-25,61.624962,62.124962,61.50,62.00,490400,3.481711
1979-01-24,61.624962,62.00,61.50,61.624962,538400,3.46065
1979-01-23,60.375038,61.624962,60.25,61.624962,791200,3.46065
1979-01-22,60.624962,60.624962,59.75,60.375038,611200,3.390459
1979-01-19,60.875038,61.25,60.50,60.875038,506400,3.418537
1979-01-18,60.75,61.00,60.50,60.875038,287200,3.418537
1979-01-17,60.375038,60.875038,59.624962,60.75,464800,3.411515
1979-01-16,61.124962,61.124962,60.375038,60.375038,807200,3.390459
1979-01-15,61.00,61.50,61.00,61.375038,320000,3.446615
1979-01-12,60.624962,61.50,60.624962,61.00,492800,3.425555
1979-01-11,60.00,60.00,59.375038,60.00,443200,3.369398
1979-01-10,60.50,60.50,59.624962,60.00,395200,3.369398
1979-01-09,60.375038,60.875038,60.25,60.624962,630400,3.404494
1979-01-08,60.00,60.50,59.875038,60.375038,472800,3.390459
1979-01-05,60.25,60.624962,60.00,60.00,947200,3.369398
1979-01-04,59.75,61.25,59.624962,60.25,570400,3.383437
1979-01-03,58.75,59.875038,58.75,59.75,332000,3.355359
1979-01-02,58.75,58.875038,57.624962,58.624962,388800,3.29218
1978-12-29,58.375038,58.875038,58.375038,58.75,216000,3.299202
1978-12-28,58.25,58.75,58.124962,58.124962,260000,3.264102
1978-12-27,58.75,58.75,58.124962,58.25,158400,3.271124
1978-12-26,58.00,58.875038,58.00,58.875038,188800,3.306224
1978-12-22,56.624962,58.00,56.624962,58.00,564800,3.257085
1978-12-21,56.00,57.00,56.00,56.25,443200,3.158811
1978-12-20,55.624962,55.624962,55.00,55.50,448800,3.116693
1978-12-19,55.00,55.75,54.75,55.75,347200,3.130732
1978-12-18,55.375038,55.375038,54.375038,55.00,267200,3.088615
1978-12-15,56.624962,56.624962,56.124962,56.124962,361600,3.151789
1978-12-14,56.50,56.624962,56.124962,56.624962,159200,3.179867
1978-12-13,56.50,56.624962,56.00,56.50,429600,3.17285
1978-12-12,57.00,57.124962,56.25,56.50,310400,3.17285
1978-12-11,56.624962,57.375038,56.25,57.00,388800,3.200928
1978-12-08,57.375038,57.375038,56.50,56.624962,437600,3.179867
1978-12-07,58.25,58.624962,57.50,57.50,372000,3.229006
1978-12-06,58.25,59.75,58.25,58.25,1207200,3.271124
1978-12-05,57.875038,58.375038,57.624962,58.25,368800,3.271124
1978-12-04,57.75,57.875038,57.25,57.875038,456000,3.250067
1978-12-01,57.375038,58.124962,57.375038,57.75,495200,3.243045
1978-11-30,55.875038,56.50,55.00,56.50,504000,3.17285
1978-11-29,56.25,56.25,55.624962,55.875038,364000,3.137754
1978-11-28,56.624962,57.00,56.50,56.50,770400,3.17285
1978-11-27,56.50,57.00,56.25,56.624962,600800,3.179867
1978-11-24,56.375038,56.50,56.124962,56.50,444800,3.17285
1978-11-22,56.50,56.624962,56.25,56.375038,180000,3.165832
1978-11-21,56.624962,56.875038,56.00,56.50,267200,3.17285
1978-11-20,55.75,56.75,55.624962,56.624962,280000,3.179867
1978-11-17,56.124962,56.25,55.50,55.75,357600,3.130732
1978-11-16,55.50,56.375038,55.50,56.124962,494400,3.151789
1978-11-15,55.875038,56.875038,55.50,55.50,596800,3.116693
1978-11-14,55.875038,56.124962,55.50,55.875038,452800,3.137754
1978-11-13,56.624962,56.624962,55.875038,55.875038,234400,3.137754
1978-11-10,56.25,56.75,56.124962,56.624962,270400,3.179867
1978-11-09,56.00,56.75,56.00,56.25,432800,3.158811
1978-11-08,55.624962,56.00,55.124962,56.00,290400,3.144771
1978-11-07,55.75,55.75,54.75,55.624962,398400,3.12371
1978-11-06,58.25,58.25,56.124962,56.124962,273600,3.151789
1978-11-03,58.875038,59.124962,57.75,58.50,545600,3.285163
1978-11-02,59.00,59.624962,58.375038,58.875038,872800,3.306224
1978-11-01,57.124962,59.00,57.124962,59.00,811200,3.313241
1978-10-31,55.624962,56.875038,55.124962,55.25,895200,3.102654
1978-10-30,53.50,56.00,52.875038,55.624962,708800,3.12371
1978-10-27,54.75,55.50,53.50,53.50,411200,3.00438
1978-10-26,55.875038,56.124962,54.75,54.75,426400,3.074576
1978-10-25,56.375038,56.50,55.25,55.875038,664800,3.137754
1978-10-24,56.624962,57.124962,56.375038,56.375038,336800,3.165832
1978-10-23,56.50,57.124962,55.75,56.624962,616000,3.179867
1978-10-20,57.25,57.25,56.375038,56.50,702400,3.17285
1978-10-19,57.875038,58.124962,57.50,57.75,252800,3.243045
1978-10-18,58.00,58.624962,57.875038,57.875038,949600,3.250067
1978-10-17,58.50,58.75,58.00,58.00,413600,3.257085
1978-10-16,59.75,59.75,58.375038,58.50,592800,3.285163
1978-10-13,60.00,60.25,59.624962,60.00,247200,3.369398
1978-10-12,61.375038,61.375038,60.00,60.00,596000,3.369398
1978-10-11,59.50,61.624962,59.124962,61.375038,700800,3.446615
1978-10-10,58.875038,60.25,58.50,59.50,585600,3.34132
1978-10-09,57.875038,59.00,57.75,58.875038,308000,3.306224
1978-10-06,57.75,57.875038,57.25,57.875038,314400,3.250067
1978-10-05,57.375038,58.124962,57.375038,57.75,292000,3.243045
1978-10-04,57.375038,57.624962,56.875038,57.375038,236800,3.221989
1978-10-03,58.25,58.50,57.375038,57.375038,265600,3.221989
1978-10-02,58.875038,58.875038,57.75,58.25,658400,3.271124
1978-09-29,58.50,59.00,58.375038,58.875038,332800,3.306224
1978-09-28,58.50,58.50,58.00,58.50,594400,3.285163
1978-09-27,59.624962,60.00,59.124962,59.124962,412000,3.320259
1978-09-26,59.50,59.875038,59.25,59.624962,433600,3.348337
1978-09-25,59.50,59.50,59.25,59.50,188000,3.34132
1978-09-22,59.25,60.00,58.875038,59.875038,385600,3.36238
1978-09-21,59.875038,60.00,58.75,59.25,817600,3.32728
1978-09-20,60.75,61.624962,59.75,59.875038,471200,3.36238
1978-09-19,62.50,62.50,60.50,60.75,802400,3.411515
1978-09-18,62.75,63.00,61.875038,62.75,380000,3.523829
1978-09-15,63.00,63.375038,62.50,62.75,700800,3.523829
1978-09-14,64.375038,64.50,63.00,63.00,1092000,3.537868
1978-09-13,64.375038,65.00,64.124962,64.375038,548000,3.615085
1978-09-12,64.124962,64.50,64.124962,64.375038,620000,3.615085
1978-09-11,64.124962,64.624962,64.124962,64.124962,1004800,3.601042
1978-09-08,62.75,64.00,62.75,64.00,1243200,3.594024
1978-09-07,61.875038,62.624962,61.875038,62.375038,738400,3.502772
1978-09-06,61.50,61.875038,61.375038,61.624962,902400,3.46065
1978-09-05,60.50,61.50,60.50,61.50,1045600,3.453633
1978-09-01,60.00,61.124962,60.00,60.50,1036800,3.397476
1978-08-31,59.624962,60.25,59.50,60.00,478400,3.369398
1978-08-30,59.75,60.00,59.624962,59.624962,243200,3.348337
1978-08-29,60.00,60.00,59.25,59.75,546400,3.355359
1978-08-28,60.875038,61.00,59.624962,60.124962,354400,3.376415
1978-08-25,61.00,61.375038,60.50,60.875038,540000,3.418537
1978-08-24,60.50,61.25,60.25,61.00,703200,3.425555
1978-08-23,60.25,61.00,60.25,60.50,884800,3.397476
1978-08-22,58.875038,60.00,58.75,59.875038,584000,3.36238
1978-08-21,60.00,60.25,58.75,58.875038,650400,3.306224
1978-08-18,61.25,61.25,60.00,60.00,424800,3.369398
1978-08-17,61.75,62.00,61.00,61.25,787200,3.439594
1978-08-16,61.375038,61.875038,61.375038,61.75,746400,3.467672
1978-08-15,61.375038,61.375038,61.00,61.25,488000,3.439594
1978-08-14,61.50,61.75,61.00,61.50,596800,3.453633
1978-08-11,61.50,61.875038,61.25,61.50,658400,3.453633
1978-08-10,61.875038,62.00,61.50,61.50,725600,3.453633
1978-08-09,61.50,62.124962,61.50,61.875038,1155200,3.474694
1978-08-08,61.50,61.50,60.50,61.375038,622400,3.446615
1978-08-07,62.124962,62.375038,61.375038,61.50,714400,3.453633
1978-08-04,62.124962,62.50,61.375038,62.124962,1592800,3.488729
1978-08-03,61.50,63.25,61.50,62.124962,1523200,3.488729
1978-08-02,59.75,61.25,59.75,61.124962,1709600,3.432572
1978-08-01,59.75,60.25,59.124962,59.75,806400,3.355359
1978-07-31,59.00,59.875038,58.624962,59.75,844800,3.355359
1978-07-28,58.50,59.124962,58.124962,59.00,367200,3.313241
1978-07-27,57.875038,58.75,57.75,58.50,400800,3.285163
1978-07-26,57.50,58.25,57.375038,57.875038,951200,3.250067
1978-07-25,57.25,57.50,56.25,57.50,647200,3.229006
1978-07-24,57.25,57.25,56.375038,57.25,385600,3.214967
1978-07-21,58.25,58.25,56.75,57.375038,658400,3.221989
1978-07-20,58.624962,58.75,58.00,58.50,625600,3.285163
1978-07-19,57.624962,58.75,57.624962,58.624962,1172000,3.29218
1978-07-18,57.875038,57.875038,57.00,57.25,277600,3.214967
1978-07-17,58.00,58.75,58.00,58.00,890400,3.257085
1978-07-14,58.124962,58.124962,57.50,58.00,787200,3.257085
1978-07-13,58.375038,58.375038,57.75,58.25,303200,3.271124
1978-07-12,58.50,58.875038,58.50,58.624962,1196800,3.29218
1978-07-11,57.25,58.624962,57.25,58.50,673600,3.285163
1978-07-10,56.25,57.25,56.25,57.25,452800,3.214967
1978-07-07,55.25,56.50,55.25,56.25,1021600,3.158811
1978-07-06,55.00,55.25,54.875038,55.25,472800,3.102654
1978-07-05,55.50,55.50,55.00,55.00,425600,3.088615
1978-07-03,55.75,55.75,55.124962,55.50,216000,3.116693
1978-06-30,55.75,55.875038,55.25,55.875038,318400,3.137754
1978-06-29,55.375038,55.875038,55.124962,55.75,313600,3.130732
1978-06-28,54.624962,55.375038,54.50,55.375038,293600,3.109676
1978-06-27,53.75,54.624962,53.375038,54.624962,643200,3.067554
1978-06-26,54.75,54.75,53.624962,53.75,356000,3.018419
1978-06-23,55.25,55.50,54.624962,55.00,463200,3.088615
1978-06-22,54.124962,55.25,54.124962,55.25,523200,3.102654
1978-06-21,54.624962,54.75,54.124962,54.124962,664000,3.039476
1978-06-20,55.75,55.875038,54.50,54.624962,586400,3.067554
1978-06-19,56.25,56.375038,55.624962,55.75,400800,3.130732
1978-06-16,57.124962,57.375038,56.124962,56.25,472800,3.158811
1978-06-15,57.75,57.75,56.75,57.124962,399200,3.207945
1978-06-14,57.50,58.00,57.50,57.75,628000,3.243045
1978-06-13,57.375038,57.375038,56.624962,57.375038,320000,3.221989
1978-06-12,57.25,57.624962,57.25,57.375038,233600,3.221989
1978-06-09,57.375038,57.75,57.00,57.25,377600,3.214967
1978-06-08,57.375038,58.00,57.00,57.375038,646400,3.221989
1978-06-07,58.00,58.00,57.124962,57.375038,689600,3.221989
1978-06-06,58.25,59.50,58.25,58.25,1310400,3.271124
1978-06-05,57.25,58.124962,57.25,58.00,1047200,3.257085
1978-06-02,56.00,56.75,56.00,56.624962,496800,3.179867
1978-06-01,55.624962,56.124962,55.624962,55.875038,350400,3.137754
1978-05-31,55.375038,56.124962,55.375038,55.624962,556800,3.12371
1978-05-30,54.875038,55.25,54.75,55.00,180800,3.088615
1978-05-26,55.25,55.25,54.624962,54.875038,416000,3.081597
1978-05-25,56.124962,56.375038,55.00,55.25,672800,3.102654
1978-05-24,56.624962,56.624962,55.75,56.124962,1348800,3.151789
1978-05-23,57.875038,57.875038,56.875038,57.00,949600,3.200928
1978-05-22,58.124962,58.124962,57.75,58.00,492800,3.257085
1978-05-19,57.75,58.25,57.00,58.124962,728000,3.264102
1978-05-18,59.00,59.00,57.75,57.75,986400,3.243045
1978-05-17,58.875038,59.25,58.75,59.00,1345600,3.313241
1978-05-16,58.124962,58.875038,58.124962,58.875038,1018400,3.306224
1978-05-15,57.00,58.00,57.00,57.75,1340800,3.243045
1978-05-12,55.50,57.00,55.50,57.00,1679200,3.200928
1978-05-11,53.875038,55.50,53.875038,55.375038,769600,3.109676
1978-05-10,54.124962,54.50,53.75,53.875038,500000,3.025441
1978-05-09,53.875038,54.25,53.75,54.124962,528800,3.039476
1978-05-08,54.124962,54.875038,53.75,53.875038,293600,3.025441
1978-05-05,53.75,55.124962,53.50,54.124962,643200,3.039476
1978-05-04,53.75,53.875038,52.624962,53.75,611200,3.018419
1978-05-03,54.25,54.25,53.624962,53.75,446400,3.018419
1978-05-02,55.124962,55.25,54.124962,54.25,1020000,3.046497
1978-05-01,55.375038,55.375038,54.75,55.124962,407200,3.095632
1978-04-28,55.00,55.50,55.00,55.375038,465600,3.109676
1978-04-27,55.124962,55.875038,54.75,55.00,1543200,3.088615
1978-04-26,54.75,56.00,54.624962,55.124962,1598400,3.095632
1978-04-25,54.50,55.25,54.50,54.75,1956800,3.074576
1978-04-24,52.25,53.75,52.25,53.50,1004800,3.00438
1978-04-21,52.25,52.375038,51.875038,52.25,464800,2.934184
1978-04-20,52.124962,52.75,52.124962,52.25,800000,2.934184
1978-04-19,52.00,52.25,51.25,51.875038,1105600,2.913127
1978-04-18,53.25,53.25,51.50,52.00,3071200,2.920145
1978-04-17,53.50,55.50,53.50,53.75,1985600,3.018419
1978-04-14,50.50,51.75,50.50,51.624962,1792800,2.899084
1978-04-13,49.25,49.75,49.124962,49.50,988800,2.779753
1978-04-12,48.875038,49.50,48.875038,49.25,957600,2.765714
1978-04-11,48.624962,48.875038,48.375038,48.75,570400,2.737636
1978-04-10,48.624962,48.75,48.375038,48.624962,735200,2.730614
1978-04-07,48.124962,48.624962,48.124962,48.624962,637600,2.730614
1978-04-06,48.124962,48.875038,48.124962,48.124962,1337600,2.702536
1978-04-05,47.624962,48.25,47.375038,48.00,656000,2.695518
1978-04-04,47.00,47.75,47.00,47.624962,504800,2.674457
1978-04-03,47.25,47.25,46.75,47.00,314400,2.639362
1978-03-31,47.00,47.375038,46.75,47.375038,796800,2.660423
1978-03-30,46.624962,47.50,46.50,47.00,497600,2.639362
1978-03-29,46.25,46.875038,46.25,46.624962,1236800,2.618301
1978-03-28,45.875038,46.25,45.875038,46.25,446400,2.597244
1978-03-27,45.624962,45.875038,45.375038,45.875038,484800,2.576188
1978-03-23,46.25,46.25,45.375038,45.624962,1584800,2.562144
1978-03-22,47.124962,47.25,46.50,46.75,852800,2.625323
1978-03-21,47.75,48.00,47.00,47.124962,344800,2.646379
1978-03-20,47.50,47.875038,47.50,47.75,756800,2.681479
1978-03-17,47.124962,47.75,47.124962,47.50,918400,2.66744
1978-03-16,47.624962,47.75,46.75,47.00,647200,2.639362
1978-03-15,48.50,48.50,47.50,47.624962,454400,2.674457
1978-03-14,48.375038,48.50,47.875038,48.50,681600,2.723597
1978-03-13,48.50,49.124962,48.375038,48.375038,944000,2.716579
1978-03-10,48.375038,48.75,48.375038,48.50,1061600,2.723597
1978-03-09,48.75,48.75,48.25,48.25,845600,2.709557
1978-03-08,48.124962,48.75,48.124962,48.75,335200,2.737636
1978-03-07,48.25,48.50,48.124962,48.124962,333600,2.702536
1978-03-06,48.875038,48.875038,47.75,48.25,535200,2.709557
1978-03-03,49.50,49.50,48.75,48.875038,378400,2.744658
1978-03-02,49.375038,49.624962,49.124962,49.50,394400,2.779753
1978-03-01,49.25,49.624962,49.124962,49.375038,380800,2.772736
1978-02-28,49.50,49.50,49.25,49.25,303200,2.765714
1978-02-27,49.875038,50.375038,49.75,49.875038,149600,2.800814
1978-02-24,49.375038,50.00,49.25,49.875038,548800,2.800814
1978-02-23,49.50,49.50,49.124962,49.375038,458400,2.772736
1978-02-22,49.75,49.75,49.50,49.50,288800,2.779753
1978-02-21,49.624962,49.75,49.25,49.75,639200,2.793792
1978-02-17,49.624962,49.875038,49.624962,49.624962,407200,2.786771
1978-02-16,49.875038,49.875038,49.375038,49.624962,523200,2.786771
1978-02-15,49.875038,50.124962,49.75,50.00,252000,2.807832
1978-02-14,50.124962,50.124962,49.75,49.875038,217600,2.800814
1978-02-13,50.25,50.25,49.875038,50.25,316800,2.821871
1978-02-10,50.00,50.375038,49.875038,50.25,351200,2.821871
1978-02-09,50.00,50.25,49.75,50.00,398400,2.807832
1978-02-08,50.50,50.50,50.00,50.00,225600,2.807832
1978-02-07,50.00,50.50,50.00,50.50,276800,2.83591
1978-02-06,50.00,50.00,49.624962,50.00,237600,2.807832
1978-02-03,50.25,50.375038,49.875038,50.00,617600,2.807832
1978-02-02,50.25,50.624962,50.00,50.25,469600,2.821871
1978-02-01,49.50,50.25,49.50,50.25,499200,2.821871
1978-01-31,49.624962,50.00,49.124962,49.50,575200,2.779753
1978-01-30,49.375038,49.875038,49.375038,49.624962,656800,2.786771
1978-01-27,49.375038,49.375038,49.00,49.25,714400,2.765714
1978-01-26,50.375038,50.624962,49.624962,49.75,794400,2.793792
1978-01-25,50.25,50.875038,50.00,50.375038,339200,2.828892
1978-01-24,50.375038,50.624962,49.875038,50.25,688000,2.821871
1978-01-23,51.50,51.624962,49.75,50.375038,1069600,2.828892
1978-01-20,52.25,52.25,51.375038,51.50,152000,2.892067
1978-01-19,53.00,53.00,52.00,52.25,214400,2.934184
1978-01-18,52.624962,53.25,52.375038,53.00,712000,2.976301
1978-01-17,52.124962,52.75,52.124962,52.624962,279200,2.955241
1978-01-16,52.375038,52.375038,51.875038,52.124962,484800,2.927162
1978-01-13,52.375038,52.875038,52.375038,52.50,321600,2.948223
1978-01-12,52.25,53.00,52.25,52.375038,387200,2.941206
1978-01-11,52.124962,52.50,52.00,52.25,341600,2.934184
1978-01-10,52.124962,52.375038,51.875038,52.124962,374400,2.927162
1978-01-09,52.375038,52.375038,51.75,52.124962,589600,2.927162
1978-01-06,53.25,53.50,52.25,52.50,618400,2.948223
1978-01-05,53.875038,54.624962,53.25,53.25,976800,2.990341
1978-01-04,53.75,54.375038,53.375038,53.875038,354400,3.025441
1978-01-03,54.75,54.75,53.75,53.75,908800,3.018419
1977-12-30,54.875038,54.875038,54.75,54.875038,356800,3.081597
1977-12-29,54.875038,55.124962,54.624962,55.00,488800,3.088615
1977-12-28,54.50,54.875038,54.25,54.875038,239200,3.081597
1977-12-27,54.375038,54.624962,54.124962,54.50,503200,3.060536
1977-12-23,54.00,54.375038,54.00,54.375038,295200,3.053519
1977-12-22,53.50,54.00,53.50,54.00,453600,3.032458
1977-12-21,53.25,53.50,52.875038,53.25,332800,2.990341
1977-12-20,53.375038,53.375038,53.00,53.25,950400,2.990341
1977-12-19,53.624962,53.75,53.124962,53.50,288000,3.00438
1977-12-16,53.75,53.875038,53.624962,53.624962,331200,3.011397
1977-12-15,54.00,54.375038,53.75,53.75,281600,3.018419
1977-12-14,54.00,54.124962,53.50,54.00,687200,3.032458
1977-12-13,54.25,54.25,53.75,54.00,372000,3.032458
1977-12-12,54.375038,54.75,54.25,54.50,895200,3.060536
1977-12-09,53.50,54.375038,53.50,54.375038,796800,3.053519
1977-12-08,53.00,53.875038,53.00,53.375038,1095200,2.997362
1977-12-07,52.624962,52.875038,52.375038,52.75,633600,2.962262
1977-12-06,53.75,53.75,52.50,52.624962,844000,2.955241
1977-12-05,53.875038,54.124962,53.75,54.00,352800,3.032458
1977-12-02,54.25,54.50,53.50,53.875038,400800,3.025441
1977-12-01,54.875038,54.875038,54.124962,54.25,529600,3.046497
1977-11-30,54.75,55.124962,54.50,54.875038,476800,3.081597
1977-11-29,56.375038,56.375038,54.75,54.75,658400,3.074576
1977-11-28,56.624962,57.25,56.375038,56.50,569600,3.17285
1977-11-25,56.375038,56.875038,56.375038,56.624962,296000,3.179867
1977-11-23,55.25,57.00,55.25,56.375038,916000,3.165832
1977-11-22,54.624962,55.375038,54.50,55.124962,544000,3.095632
1977-11-21,54.375038,54.624962,54.124962,54.624962,350400,3.067554
1977-11-18,54.00,54.50,54.00,54.375038,404800,3.053519
1977-11-17,54.375038,54.375038,54.00,54.00,751200,3.032458
1977-11-16,55.00,55.124962,54.50,54.50,424800,3.060536
1977-11-15,54.25,55.50,54.124962,55.00,802400,3.088615
1977-11-14,53.875038,54.375038,53.875038,54.25,872000,3.046497
1977-11-11,53.00,54.00,53.00,53.75,892800,3.018419
1977-11-10,51.624962,52.75,51.00,52.50,608000,2.948223
1977-11-09,51.00,51.624962,50.875038,51.624962,327200,2.899084
1977-11-08,50.875038,51.25,50.875038,51.00,440800,2.863988
1977-11-07,50.50,50.875038,50.50,50.75,283200,2.849949
1977-11-04,50.25,50.624962,50.25,50.375038,540000,2.828892
1977-11-03,50.00,50.124962,49.624962,50.124962,510400,2.814849
1977-11-02,50.375038,50.50,50.00,50.00,369600,2.807832
1977-11-01,51.00,51.00,50.375038,50.375038,398400,2.828892
1977-10-31,51.50,51.624962,51.25,51.50,307200,2.892067
1977-10-28,51.375038,51.50,51.25,51.50,447200,2.892067
1977-10-27,51.00,51.624962,51.00,51.375038,520800,2.885049
1977-10-26,50.00,51.124962,49.75,50.75,644800,2.849949
1977-10-25,50.25,50.25,49.50,50.00,1084000,2.807832
1977-10-24,50.875038,50.875038,50.375038,50.50,406400,2.83591
1977-10-21,51.50,51.50,50.875038,51.124962,958400,2.871006
1977-10-20,51.124962,51.75,51.124962,51.75,248800,2.906106
1977-10-19,52.50,52.50,51.00,51.124962,1279200,2.871006
1977-10-18,53.75,53.75,53.00,53.00,273600,2.976301
1977-10-17,53.25,53.75,53.00,53.75,297600,3.018419
1977-10-14,53.00,53.50,53.00,53.25,696800,2.990341
1977-10-13,53.25,53.375038,52.50,53.00,604000,2.976301
1977-10-12,53.624962,53.624962,52.875038,53.25,1388800,2.990341
1977-10-11,54.375038,54.375038,53.875038,54.00,525600,3.032458
1977-10-10,54.375038,54.624962,54.25,54.375038,116800,3.053519
1977-10-07,55.00,55.00,54.00,54.375038,818400,3.053519
1977-10-06,54.875038,55.00,54.875038,55.00,262400,3.088615
1977-10-05,55.00,55.00,54.75,54.875038,393600,3.081597
1977-10-04,55.00,55.25,55.00,55.124962,733600,3.095632
1977-10-03,54.875038,54.875038,54.75,54.75,480800,3.074576
1977-09-30,55.00,55.375038,54.75,55.00,330400,3.088615
1977-09-29,54.375038,55.00,54.25,55.00,702400,3.088615
1977-09-28,54.375038,54.624962,54.124962,54.375038,463200,3.053519
1977-09-27,54.25,54.375038,54.124962,54.375038,518400,3.053519
1977-09-26,53.875038,54.25,53.75,54.25,821600,3.046497
1977-09-23,53.75,53.875038,53.75,53.875038,531200,3.025441
1977-09-22,53.75,53.875038,53.375038,53.75,293600,3.018419
1977-09-21,53.75,54.00,53.375038,53.75,1224000,3.018419
1977-09-20,53.75,53.875038,53.375038,53.75,528800,3.018419
1977-09-19,53.875038,54.00,53.50,53.75,448000,3.018419
1977-09-16,54.25,54.50,53.875038,53.875038,1576000,3.025441
1977-09-15,53.50,54.25,53.375038,54.25,790400,3.046497
1977-09-14,53.375038,53.624962,53.124962,53.50,436000,3.00438
1977-09-13,53.00,53.375038,53.00,53.375038,1011200,2.997362
1977-09-12,53.50,53.50,52.75,52.875038,474400,2.969284
1977-09-09,53.375038,53.624962,53.124962,53.50,1112000,3.00438
1977-09-08,53.375038,53.75,53.25,53.375038,651200,2.997362
1977-09-07,52.624962,53.50,52.624962,53.375038,1147200,2.997362
1977-09-06,51.75,52.50,51.75,52.50,996800,2.948223
1977-09-02,51.124962,51.375038,51.124962,51.375038,214400,2.885049
1977-09-01,51.25,51.50,51.124962,51.124962,544000,2.871006
1977-08-31,50.875038,51.375038,50.75,51.25,391200,2.878027
1977-08-30,50.875038,51.624962,50.875038,50.875038,768800,2.856971
1977-08-29,50.875038,51.00,50.50,50.75,578400,2.849949
1977-08-26,50.75,51.00,50.624962,50.875038,1173600,2.856971
1977-08-25,52.00,52.00,50.624962,50.75,1926400,2.849949
1977-08-24,53.00,53.00,52.624962,52.624962,360000,2.955241
1977-08-23,53.25,53.50,52.875038,53.00,479200,2.976301
1977-08-22,52.375038,53.25,52.25,53.25,826400,2.990341
1977-08-19,52.124962,52.375038,52.124962,52.375038,303200,2.941206
1977-08-18,52.25,52.75,52.124962,52.124962,321600,2.927162
1977-08-17,52.124962,52.25,52.124962,52.25,292800,2.934184
1977-08-16,52.375038,52.50,52.124962,52.124962,386400,2.927162
1977-08-15,52.124962,52.50,51.875038,52.375038,387200,2.941206
1977-08-12,52.124962,52.25,51.875038,52.124962,862400,2.927162
1977-08-11,52.124962,52.25,52.00,52.124962,676000,2.927162
1977-08-10,51.875038,52.25,51.875038,52.124962,777600,2.927162
1977-08-09,51.75,52.00,51.75,51.75,533600,2.906106
1977-08-08,52.50,52.624962,51.75,51.75,432000,2.906106
1977-08-05,53.00,53.124962,52.50,52.50,549600,2.948223
1977-08-04,53.124962,53.124962,52.875038,53.00,742400,2.976301
1977-08-03,53.25,53.25,52.875038,53.124962,751200,2.983319
1977-08-02,53.25,53.375038,53.124962,53.375038,236000,2.997362
1977-08-01,53.124962,54.624962,53.124962,53.25,441600,2.990341
1977-07-29,52.875038,53.124962,52.624962,53.00,592800,2.976301
1977-07-28,53.00,53.25,52.624962,52.875038,664000,2.969284
1977-07-27,54.00,54.124962,52.75,53.00,694400,2.976301
1977-07-26,54.25,54.25,53.875038,54.00,548000,3.032458
1977-07-25,54.50,55.25,54.124962,54.375038,401600,3.053519
1977-07-22,54.50,54.75,54.375038,54.50,576000,3.060536
1977-07-21,54.375038,54.50,54.00,54.50,574400,3.060536
1977-07-20,54.375038,55.00,54.375038,54.375038,535200,3.053519
1977-07-19,54.75,54.875038,54.00,54.00,846400,3.032458
1977-07-18,54.00,54.75,53.75,54.75,639200,3.074576
1977-07-15,54.25,54.25,53.624962,54.00,1250400,3.032458
1977-07-13,54.875038,55.00,54.25,54.375038,1611200,3.053519
1977-07-12,55.25,55.25,54.75,54.875038,1008800,3.081597
1977-07-11,56.25,56.25,55.25,55.375038,1106400,3.109676
1977-07-08,56.375038,56.75,56.25,56.25,499200,3.158811
1977-07-07,56.50,56.624962,56.00,56.375038,716000,3.165832
1977-07-06,57.00,57.00,56.50,56.50,535200,3.17285
1977-07-05,57.624962,57.75,56.875038,57.00,224000,3.200928
1977-07-01,57.75,57.75,57.124962,57.624962,602400,3.236024
1977-06-30,56.875038,57.75,56.875038,57.75,220800,3.243045
1977-06-29,56.875038,56.875038,56.624962,56.875038,328800,3.193911
1977-06-28,57.00,57.124962,56.624962,56.875038,284000,3.193911
1977-06-27,57.25,57.375038,57.00,57.00,262400,3.200928
1977-06-24,56.875038,57.25,56.875038,57.25,588000,3.214967
1977-06-23,56.50,56.75,56.50,56.75,830400,3.186889
1977-06-22,56.75,57.124962,56.375038,56.50,548800,3.17285
1977-06-21,56.75,57.25,56.75,56.75,712800,3.186889
1977-06-20,56.50,56.875038,56.375038,56.75,425600,3.186889
1977-06-17,56.375038,56.50,56.124962,56.50,292000,3.17285
1977-06-16,55.75,56.50,55.50,56.375038,321600,3.165832
1977-06-15,56.375038,56.50,55.25,55.75,764800,3.130732
1977-06-14,56.25,56.75,56.124962,56.375038,486400,3.165832
1977-06-13,56.124962,56.75,56.124962,56.25,450400,3.158811
1977-06-10,55.875038,56.375038,55.75,56.124962,449600,3.151789
1977-06-09,55.624962,55.875038,55.375038,55.875038,269600,3.137754
1977-06-08,55.50,56.124962,55.50,55.624962,612800,3.12371
1977-06-07,55.25,55.624962,55.00,55.375038,282400,3.109676
1977-06-06,55.75,56.00,55.124962,55.25,972800,3.102654
1977-06-03,55.875038,56.124962,55.624962,55.75,349600,3.130732
1977-06-02,56.375038,56.50,55.75,55.875038,724800,3.137754
1977-06-01,56.50,56.50,56.00,56.375038,654400,3.165832
1977-05-31,56.75,57.00,56.25,56.50,512800,3.17285
1977-05-27,57.00,57.00,56.624962,56.75,387200,3.186889
1977-05-26,57.00,57.624962,56.75,57.25,772800,3.214967
1977-05-25,57.75,57.75,57.00,57.00,602400,3.200928
1977-05-24,57.875038,57.875038,57.00,57.75,1068000,3.243045
1977-05-23,58.00,58.00,57.124962,57.875038,574400,3.250067
1977-05-20,58.375038,58.375038,58.00,58.124962,740800,3.264102
1977-05-19,59.25,59.25,58.25,58.50,974400,3.285163
1977-05-18,58.75,59.50,58.75,59.375038,962400,3.334302
1977-05-17,58.25,58.624962,58.124962,58.624962,1355200,3.29218
1977-05-16,58.375038,58.624962,58.25,58.25,546400,3.271124
1977-05-13,57.624962,58.624962,57.624962,58.375038,994400,3.278146
1977-05-12,57.25,57.624962,56.875038,57.50,1159200,3.229006
1977-05-11,57.124962,57.75,57.124962,57.25,696000,3.214967
1977-05-10,56.124962,57.624962,56.124962,57.124962,1243200,3.207945
1977-05-09,56.00,56.25,55.875038,56.00,343200,3.144771
1977-05-06,56.375038,56.375038,56.00,56.00,402400,3.144771
1977-05-05,56.375038,56.624962,56.00,56.375038,519200,3.165832
1977-05-04,55.75,56.75,55.624962,56.375038,838400,3.165832
1977-05-03,55.25,55.875038,55.25,55.75,620800,3.130732
1977-05-02,54.50,55.375038,54.124962,55.25,688000,3.102654
1977-04-29,54.875038,55.00,54.375038,54.50,489600,3.060536
1977-04-28,55.124962,55.25,54.624962,54.875038,480000,3.081597
1977-04-27,54.624962,55.875038,54.50,55.124962,1056800,3.095632
1977-04-26,55.375038,55.75,54.624962,54.624962,502400,3.067554
1977-04-25,55.75,55.875038,55.375038,55.375038,444800,3.109676
1977-04-22,57.124962,57.124962,55.624962,55.75,481600,3.130732
1977-04-21,57.375038,57.624962,56.75,57.124962,663200,3.207945
1977-04-20,56.50,57.50,56.375038,57.375038,636800,3.221989
1977-04-19,57.00,57.00,56.25,56.50,578400,3.17285
1977-04-18,57.50,57.624962,57.124962,57.50,448800,3.229006
1977-04-15,57.00,57.875038,56.875038,57.50,453600,3.229006
1977-04-14,56.624962,57.75,56.624962,57.00,1181600,3.200928
1977-04-13,55.124962,55.875038,55.00,55.624962,794400,3.12371
1977-04-12,54.624962,55.25,54.624962,55.124962,318400,3.095632
1977-04-11,54.00,54.375038,53.75,54.375038,646400,3.053519
1977-04-07,53.75,54.00,53.50,54.00,560000,3.032458
1977-04-06,54.375038,54.50,53.624962,53.75,387200,3.018419
1977-04-05,54.75,54.875038,54.25,54.375038,660000,3.053519
1977-04-04,55.124962,55.25,54.624962,54.75,240000,3.074576
1977-04-01,54.75,55.375038,54.75,55.124962,731200,3.095632
1977-03-31,54.50,54.875038,54.124962,54.624962,337600,3.067554
1977-03-30,54.75,55.00,54.50,54.50,403200,3.060536
1977-03-29,54.624962,55.124962,54.624962,54.75,429600,3.074576
1977-03-28,54.50,54.624962,54.124962,54.50,474400,3.060536
1977-03-25,54.25,55.00,54.25,54.50,545600,3.060536
1977-03-24,54.75,54.875038,54.25,54.25,961600,3.046497
1977-03-23,54.624962,55.00,54.624962,54.75,664800,3.074576
1977-03-22,54.875038,54.875038,54.25,54.624962,463200,3.067554
1977-03-21,54.75,55.00,54.50,54.875038,403200,3.081597
1977-03-18,54.375038,55.124962,54.375038,54.75,735200,3.074576
1977-03-17,54.25,54.25,53.25,54.124962,856800,3.039476
1977-03-16,54.75,55.124962,54.25,54.50,1008000,3.060536
1977-03-15,54.75,55.25,54.50,54.75,1125600,3.074576
1977-03-14,53.50,55.624962,53.375038,54.75,592800,3.074576
1977-03-11,52.875038,53.50,52.624962,53.50,551200,3.00438
1977-03-10,52.25,52.875038,51.75,52.875038,549600,2.969284
1977-03-09,52.375038,52.375038,51.624962,52.25,358400,2.934184
1977-03-08,52.50,53.375038,52.25,52.375038,566400,2.941206
1977-03-07,52.25,52.624962,52.25,52.50,698400,2.948223
1977-03-04,51.75,52.50,51.25,52.25,539200,2.934184
1977-03-03,51.375038,52.25,51.375038,51.75,840000,2.906106
1977-03-02,51.25,51.75,51.25,51.375038,787200,2.885049
1977-03-01,51.00,51.375038,51.00,51.124962,720800,2.871006
1977-02-28,50.375038,50.75,50.25,50.75,357600,2.849949
1977-02-25,50.00,50.624962,49.875038,50.375038,584800,2.828892
1977-02-24,49.75,50.00,49.75,50.00,316000,2.807832
1977-02-23,50.375038,50.375038,49.624962,49.624962,439200,2.786771
1977-02-22,50.375038,51.25,50.375038,50.375038,417600,2.828892
1977-02-18,50.624962,50.875038,49.75,50.124962,780000,2.814849
1977-02-17,50.75,51.00,50.375038,50.624962,541600,2.842927
1977-02-16,51.25,52.00,50.50,50.75,713600,2.849949
1977-02-15,49.50,51.25,49.50,51.25,1001600,2.878027
1977-02-14,49.375038,49.50,49.00,49.375038,987200,2.772736
1977-02-11,49.25,49.375038,49.00,49.375038,980800,2.772736
1977-02-10,49.124962,49.75,49.124962,49.25,839200,2.765714
1977-02-09,50.375038,50.50,48.75,48.75,1568000,2.737636
1977-02-08,51.624962,51.875038,50.124962,50.375038,1065600,2.828892
1977-02-07,52.124962,52.375038,51.624962,51.624962,796000,2.899084
1977-02-04,52.00,52.50,52.00,52.124962,371200,2.927162
1977-02-03,52.00,52.124962,51.50,52.00,543200,2.920145
1977-02-02,52.624962,53.00,52.00,52.00,1160800,2.920145
1977-02-01,51.875038,53.124962,51.875038,52.624962,856000,2.955241
1977-01-31,51.75,51.75,50.50,51.624962,629600,2.899084
1977-01-28,51.375038,52.00,51.25,51.875038,876000,2.913127
1977-01-27,51.25,51.50,51.00,51.375038,667200,2.885049
1977-01-26,53.00,53.00,51.25,51.25,1082400,2.878027
1977-01-25,53.624962,53.624962,53.124962,53.124962,753600,2.983319
1977-01-24,53.25,54.00,53.124962,53.624962,321600,3.011397
1977-01-21,52.75,53.50,52.624962,53.25,1013600,2.990341
1977-01-20,52.25,53.50,52.25,52.75,595200,2.962262
1977-01-19,54.75,55.25,51.75,52.25,1012800,2.934184
1977-01-18,55.624962,55.75,54.75,54.75,464800,3.074576
1977-01-17,56.00,56.00,55.50,55.624962,275200,3.12371
1977-01-14,55.624962,56.375038,55.50,56.25,389600,3.158811
1977-01-13,55.00,55.75,54.624962,55.624962,714400,3.12371
1977-01-12,55.75,55.875038,55.00,55.00,773600,3.088615
1977-01-11,56.375038,56.875038,55.624962,55.75,263200,3.130732
1977-01-10,56.25,56.375038,56.00,56.375038,314400,3.165832
1977-01-07,56.00,56.75,56.00,56.25,301600,3.158811
1977-01-06,56.00,56.50,56.00,56.00,249600,3.144771
1977-01-05,56.50,56.875038,55.624962,56.00,596000,3.144771
1977-01-04,57.375038,57.875038,56.50,56.50,252800,3.17285
1977-01-03,58.00,58.00,57.00,57.375038,560000,3.221989
1976-12-31,57.00,58.00,57.00,58.00,258400,3.257085
1976-12-30,56.75,57.25,56.624962,57.00,189600,3.200928
1976-12-29,56.875038,57.00,56.50,56.75,235200,3.186889
1976-12-28,56.75,57.25,56.50,56.875038,461600,3.193911
1976-12-27,55.875038,56.75,55.875038,56.75,493600,3.186889
1976-12-23,55.50,56.25,55.50,55.875038,556000,3.137754
1976-12-22,56.25,56.50,55.50,55.50,692800,3.116693
1976-12-21,55.124962,56.25,54.875038,56.25,519200,3.158811
1976-12-20,55.00,55.25,54.875038,55.124962,459200,3.095632
1976-12-17,54.75,55.25,54.75,55.00,449600,3.088615
1976-12-16,55.25,55.25,54.624962,54.75,445600,3.074576
1976-12-15,54.875038,55.375038,54.875038,55.25,802400,3.102654
1976-12-14,54.124962,55.124962,54.00,54.875038,324000,3.081597
1976-12-13,54.25,54.25,53.375038,54.124962,438400,3.039476
1976-12-10,54.875038,55.25,54.124962,54.25,563200,3.046497
1976-12-09,55.25,55.25,54.50,54.875038,855200,3.081597
1976-12-08,55.875038,55.875038,55.624962,55.75,540000,3.130732
1976-12-07,56.624962,56.624962,55.75,55.875038,389600,3.137754
1976-12-06,56.875038,57.00,56.375038,56.624962,539200,3.179867
1976-12-03,56.25,57.25,56.124962,56.875038,456000,3.193911
1976-12-02,56.624962,57.25,56.124962,56.25,609600,3.158811
1976-12-01,57.00,57.00,56.50,56.624962,347200,3.179867
1976-11-30,57.124962,57.50,56.75,57.375038,308800,3.221989
1976-11-29,58.00,58.00,57.124962,57.124962,402400,3.207945
1976-11-26,57.375038,58.00,57.00,58.00,260800,3.257085
1976-11-24,56.875038,57.624962,56.875038,57.375038,558400,3.221989
1976-11-23,57.25,57.25,56.624962,56.624962,431200,3.179867
1976-11-22,56.50,57.375038,56.124962,57.25,484000,3.214967
1976-11-19,56.00,56.75,56.00,56.50,603200,3.17285
1976-11-18,55.624962,56.25,55.624962,56.00,496000,3.144771
1976-11-17,54.624962,55.875038,54.624962,55.50,451200,3.116693
1976-11-16,54.25,55.124962,54.25,54.624962,574400,3.067554
1976-11-15,53.875038,54.375038,53.375038,54.124962,447200,3.039476
1976-11-12,53.75,53.875038,53.50,53.875038,403200,3.025441
1976-11-11,53.75,54.00,53.624962,53.75,309600,3.018419
1976-11-10,54.25,54.624962,53.75,53.75,269600,3.018419
1976-11-09,54.00,54.375038,53.375038,54.25,728000,3.046497
1976-11-08,55.00,55.75,53.75,54.00,806400,3.032458
1976-11-05,56.124962,56.25,54.75,55.00,680800,3.088615
1976-11-04,56.50,56.624962,55.75,56.124962,432000,3.151789
1976-11-03,57.124962,57.124962,56.375038,56.50,348000,3.17285
1976-11-01,58.00,58.00,56.875038,57.75,511200,3.243045
1976-10-29,57.00,58.124962,57.00,58.00,608800,3.257085
1976-10-28,56.624962,57.50,56.50,57.00,376800,3.200928
1976-10-27,56.624962,57.375038,56.50,56.624962,521600,3.179867
1976-10-26,55.75,56.875038,55.624962,56.624962,345600,3.179867
1976-10-25,54.75,55.75,54.624962,55.75,226400,3.130732
1976-10-22,54.875038,55.124962,54.624962,54.75,279200,3.074576
1976-10-21,54.75,55.124962,54.624962,54.875038,547200,3.081597
1976-10-20,54.875038,55.124962,54.624962,54.75,700800,3.074576
1976-10-19,54.375038,55.00,54.375038,54.875038,420000,3.081597
1976-10-18,53.624962,54.75,53.624962,54.375038,360000,3.053519
1976-10-15,53.75,53.75,53.124962,53.624962,523200,3.011397
1976-10-14,54.624962,54.624962,53.50,53.75,372800,3.018419
1976-10-13,54.875038,54.875038,54.25,54.875038,1101600,3.081597
1976-10-12,55.25,55.375038,54.624962,54.875038,487200,3.081597
1976-10-11,55.25,55.25,54.50,55.25,574400,3.102654
1976-10-08,55.25,55.624962,54.875038,55.25,423200,3.102654
1976-10-07,54.624962,55.375038,54.375038,55.25,656800,3.102654
1976-10-06,54.875038,55.50,54.375038,54.624962,604000,3.067554
1976-10-05,56.00,56.124962,54.75,54.875038,673600,3.081597
1976-10-04,55.75,56.25,55.50,56.00,341600,3.144771
1976-10-01,55.50,56.25,55.50,55.75,1028000,3.130732
1976-09-30,55.875038,55.875038,55.25,55.375038,561600,3.109676
1976-09-29,56.375038,56.50,55.624962,56.00,495200,3.144771
1976-09-28,56.25,57.00,56.00,56.375038,744000,3.165832
1976-09-27,56.375038,56.75,55.875038,56.25,781600,3.158811
1976-09-24,55.875038,57.00,55.624962,56.375038,826400,3.165832
1976-09-23,55.624962,56.375038,55.00,55.875038,2257600,3.137754
1976-09-22,57.124962,57.25,54.50,55.624962,4058400,3.12371
1976-09-21,57.00,57.124962,56.50,57.124962,1719200,3.207945
1976-09-20,58.375038,58.624962,56.75,57.00,1460800,3.200928
1976-09-17,59.25,59.624962,58.375038,58.375038,1112800,3.278146
1976-09-16,58.124962,59.25,58.00,59.25,378400,3.32728
1976-09-15,59.75,59.75,58.124962,58.124962,629600,3.264102
1976-09-14,60.00,60.00,59.50,59.75,540800,3.355359
1976-09-13,60.124962,60.624962,59.75,60.124962,328000,3.376415
1976-09-10,60.375038,60.375038,59.875038,60.124962,568000,3.376415
1976-09-09,60.75,60.75,60.25,60.624962,268000,3.404494
1976-09-08,61.50,61.875038,60.875038,61.00,536000,3.425555
1976-09-07,61.00,61.624962,61.00,61.50,454400,3.453633
1976-09-03,60.50,60.75,60.25,60.624962,324000,3.404494
1976-09-02,59.875038,60.50,59.875038,60.50,784000,3.397476
1976-09-01,58.50,60.00,58.375038,59.875038,452800,3.36238
1976-08-31,58.124962,58.624962,58.124962,58.50,280800,3.285163
1976-08-30,58.25,58.25,57.50,58.00,374400,3.257085
1976-08-27,57.624962,58.25,57.624962,58.25,373600,3.271124
1976-08-26,57.50,58.00,57.50,57.624962,820800,3.236024
1976-08-25,57.624962,57.75,57.25,57.50,532000,3.229006
1976-08-24,57.50,58.375038,57.50,57.624962,658400,3.236024
1976-08-23,56.50,57.50,56.124962,57.375038,367200,3.221989
1976-08-20,56.50,56.50,55.75,56.50,423200,3.17285
1976-08-19,56.75,57.00,56.00,56.75,623200,3.186889
1976-08-18,58.624962,58.875038,56.624962,56.75,588000,3.186889
1976-08-17,58.624962,58.624962,58.124962,58.624962,736000,3.29218
1976-08-16,58.875038,59.25,58.75,58.875038,338400,3.306224
1976-08-13,60.50,60.875038,58.875038,58.875038,1001600,3.306224
1976-08-12,60.124962,60.624962,60.00,60.50,468800,3.397476
1976-08-11,60.50,60.75,60.00,60.124962,689600,3.376415
1976-08-10,60.25,60.624962,60.124962,60.50,289600,3.397476
1976-08-09,60.75,60.75,60.00,60.25,734400,3.383437
1976-08-06,61.124962,61.124962,60.624962,60.75,165600,3.411515
1976-08-05,61.624962,61.624962,61.124962,61.25,225600,3.439594
1976-08-04,61.375038,62.124962,61.375038,61.75,530400,3.467672
1976-08-03,61.124962,61.624962,60.875038,61.375038,261600,3.446615
1976-08-02,61.624962,61.624962,60.75,61.124962,660000,3.432572
1976-07-30,62.00,62.00,61.375038,61.624962,553600,3.46065
1976-07-29,61.25,62.124962,61.25,62.124962,213600,3.488729
1976-07-28,61.50,61.50,60.75,61.25,588800,3.439594
1976-07-27,61.50,62.00,61.50,61.875038,248800,3.474694
1976-07-26,62.00,62.00,61.375038,61.50,115200,3.453633
1976-07-23,92.625,93.249962,92.499962,92.750038,557600,3.472353
1976-07-22,92.25,92.625,91.50,92.625,777600,3.467672
1976-07-21,91.875,92.375038,91.625038,92.25,696800,3.453633
1976-07-20,92.124962,92.375038,91.625038,91.875,389600,3.439594
1976-07-19,92.874962,93.00,92.124962,92.124962,620000,3.448952
1976-07-16,92.625,93.00,92.000038,92.874962,2758400,3.47703
1976-07-15,93.00,93.125038,92.25,92.625,2275200,3.467672
1976-07-14,90.75,93.00,90.500038,93.00,1675200,3.481711
1976-07-13,90.249962,90.75,90.249962,90.75,1203200,3.397476
1976-07-12,90.75,90.75,90.125038,90.249962,360000,3.378756
1976-07-09,90.249962,90.75,90.125038,90.75,192800,3.397476
1976-07-08,90.00,90.624962,90.00,90.249962,868800,3.378756
1976-07-07,90.375,90.375,89.874962,90.00,1257600,3.369398
1976-07-06,90.500038,91.125,90.500038,90.624962,627200,3.392795
1976-07-02,90.249962,90.624962,90.249962,90.500038,528000,3.388118
1976-07-01,91.125,91.374962,90.249962,90.249962,602400,3.378756
1976-06-30,90.75,91.374962,90.249962,91.125,384000,3.411515
1976-06-29,90.875038,90.875038,90.500038,90.75,596000,3.397476
1976-06-28,91.50,91.749962,90.75,90.875038,261600,3.402157
1976-06-25,91.374962,92.124962,91.250038,91.50,648800,3.425555
1976-06-24,90.999962,91.749962,90.875038,91.374962,801600,3.420873
1976-06-23,90.999962,90.999962,89.874962,90.999962,632000,3.406834
1976-06-22,90.249962,91.875,90.249962,91.250038,782400,3.416197
1976-06-21,89.625,90.624962,89.375038,90.125038,629600,3.374079
1976-06-18,90.00,90.500038,89.625,89.625,780800,3.355359
1976-06-17,90.00,90.500038,90.00,90.00,468000,3.369398
1976-06-16,89.750038,90.624962,89.750038,89.874962,741600,3.364717
1976-06-15,90.125038,90.375,89.375038,89.750038,651200,3.36004
1976-06-14,89.000038,90.500038,89.000038,90.125038,1131200,3.374079
1976-06-11,88.50,89.000038,88.374962,88.875,548000,3.32728
1976-06-10,88.125,88.749962,88.125,88.50,410400,3.313241
1976-06-09,87.999962,88.875,87.875038,87.999962,439200,3.294521
1976-06-08,87.624962,88.625038,87.624962,87.999962,723200,3.294521
1976-06-07,88.125,88.125,87.500038,87.624962,391200,3.280482
1976-06-04,88.749962,88.749962,87.999962,88.374962,787200,3.30856
1976-06-03,88.749962,89.124962,88.625038,88.749962,643200,3.322599
1976-06-02,88.625038,89.000038,88.125,88.749962,804000,3.322599
1976-06-01,88.749962,89.000038,88.374962,88.625038,376800,3.317922
1976-05-28,88.625038,88.875,88.250038,88.749962,511200,3.322599
1976-05-27,88.625038,88.749962,88.125,88.625038,977600,3.317922
1976-05-26,88.625038,89.000038,88.374962,88.625038,338400,3.317922
1976-05-25,88.625038,89.000038,88.374962,88.625038,312800,3.317922
1976-05-24,89.375038,89.375038,88.250038,88.625038,559200,3.317922
1976-05-21,90.00,90.00,89.499962,89.625,593600,3.355359
1976-05-20,89.124962,90.375,89.000038,90.00,792800,3.369398
1976-05-19,88.875,89.625,88.749962,89.124962,401600,3.336638
1976-05-18,88.749962,89.25,88.749962,88.875,548000,3.32728
1976-05-17,88.749962,88.875,88.250038,88.625038,382400,3.317922
1976-05-14,89.750038,89.750038,88.50,88.749962,682400,3.322599
1976-05-13,90.00,90.00,89.499962,89.750038,377600,3.36004
1976-05-12,90.125038,90.375,89.625,90.00,681600,3.369398
1976-05-11,89.499962,90.75,89.499962,90.125038,1256000,3.374079
1976-05-10,88.250038,89.625,88.250038,89.25,612800,3.34132
1976-05-07,86.874962,87.999962,86.874962,87.75,477600,3.285163
1976-05-06,86.625,87.00,86.375038,86.750038,670400,3.247727
1976-05-05,86.25,87.00,86.25,86.625,435200,3.243045
1976-05-04,86.25,86.750038,85.875,86.25,472800,3.229006
1976-05-03,87.00,87.00,86.000038,86.25,646400,3.229006
1976-04-30,87.75,87.999962,86.750038,87.249962,430400,3.266443
1976-04-29,87.624962,87.999962,87.500038,87.75,424800,3.285163
1976-04-28,88.250038,88.250038,87.375,87.624962,472800,3.280482
1976-04-27,88.374962,88.749962,87.875038,88.250038,400800,3.303883
1976-04-26,88.125,88.374962,87.624962,88.374962,408000,3.30856
1976-04-23,89.000038,89.000038,88.125,88.125,946400,3.299202
1976-04-22,88.625038,89.375038,88.625038,89.000038,900800,3.331962
1976-04-21,88.250038,89.625,88.125,88.625038,1202400,3.317922
1976-04-20,86.499962,88.50,86.124962,88.250038,1068000,3.303883
1976-04-19,85.250038,86.499962,85.250038,86.499962,1040000,3.238364
1976-04-15,83.000038,84.500038,83.000038,84.500038,607200,3.163492
1976-04-14,81.624962,83.375038,81.624962,82.749962,656000,3.097973
1976-04-13,81.375,82.250038,81.375,81.624962,531200,3.055855
1976-04-12,81.00,82.250038,80.625,81.00,653600,3.032458
1976-04-09,82.250038,82.250038,80.499962,81.00,650400,3.032458
1976-04-08,84.375,84.375,82.625038,82.625038,700800,3.093296
1976-04-07,84.875038,84.875038,84.00,84.375,590400,3.158811
1976-04-06,84.999962,85.749962,84.999962,84.999962,524000,3.182208
1976-04-05,84.125038,85.125,84.125038,84.999962,559200,3.182208
1976-04-02,83.000038,84.500038,82.50,83.874962,360000,3.14009
1976-04-01,82.50,83.499962,82.374962,83.000038,890400,3.107335
1976-03-31,81.75,82.749962,81.75,82.50,525600,3.088615
1976-03-30,80.874962,81.75,80.124962,81.500038,576000,3.051178
1976-03-29,82.374962,82.374962,80.625,80.874962,828000,3.027777
1976-03-26,82.374962,82.625038,81.999962,82.625038,526400,3.093296
1976-03-25,83.750038,83.750038,81.75,82.374962,796800,3.083934
1976-03-24,84.375,85.374962,83.625,83.874962,886400,3.14009
1976-03-23,84.00,84.500038,83.000038,84.375,704000,3.158811
1976-03-22,83.874962,84.624962,83.625,84.00,1106400,3.144771
1976-03-19,85.749962,86.000038,83.499962,83.874962,751200,3.14009
1976-03-18,87.500038,87.500038,85.250038,85.749962,1298400,3.210286
1976-03-17,88.125,88.50,86.750038,87.875038,747200,3.289844
1976-03-16,89.000038,89.000038,87.75,88.125,780000,3.299202
1976-03-15,90.375,90.75,88.50,89.000038,1137600,3.331962
1976-03-12,90.249962,91.50,90.249962,90.375,616800,3.383437
1976-03-11,89.874962,90.75,89.874962,90.00,1028000,3.369398
1976-03-10,88.50,89.750038,88.50,89.375038,634400,3.346001
1976-03-09,87.75,89.25,87.624962,88.50,1562400,3.313241
1976-03-08,87.00,87.75,86.750038,87.75,969600,3.285163
1976-03-05,88.125,88.374962,86.25,87.00,711200,3.257085
1976-03-04,89.000038,89.000038,87.875038,88.125,1337600,3.299202
1976-03-03,88.50,89.499962,87.999962,89.25,1049600,3.34132
1976-03-02,87.999962,89.25,87.624962,88.50,1456800,3.313241
1976-03-01,86.750038,87.999962,86.750038,87.999962,752000,3.294521
1976-02-27,87.00,87.125038,86.25,86.25,1323200,3.229006
1976-02-26,86.625,88.749962,86.625,87.00,849600,3.257085
1976-02-25,84.875038,86.750038,84.875038,86.625,1327200,3.243045
1976-02-24,83.750038,84.875038,83.499962,84.500038,1085600,3.163492
1976-02-23,83.000038,83.750038,82.374962,83.750038,526400,3.135413
1976-02-20,82.749962,83.375038,82.749962,83.000038,2264000,3.107335
1976-02-19,80.750038,82.374962,80.625,81.999962,1430400,3.069894
1976-02-18,80.25,81.125038,80.25,80.750038,816000,3.0231
1976-02-17,80.750038,80.874962,80.000038,80.25,535200,3.00438
1976-02-13,81.00,81.00,80.25,80.750038,422400,3.0231
1976-02-12,80.124962,81.999962,79.875,81.249962,562400,3.041816
1976-02-11,79.625038,80.375038,79.625038,80.124962,783200,2.999699
1976-02-10,79.125,79.50,78.500038,79.50,478400,2.976301
1976-02-09,78.624962,79.374962,78.375,79.125,324000,2.962262
1976-02-06,78.75,79.749962,78.500038,78.624962,694400,2.943542
1976-02-05,80.000038,80.25,78.500038,78.75,753600,2.948223
1976-02-04,80.000038,80.625,79.875,80.000038,1250400,2.995022
1976-02-03,80.25,80.375038,79.875,80.000038,633600,2.995022
1976-02-02,80.000038,80.625,79.374962,80.25,799200,3.00438
1976-01-30,79.875,80.750038,79.749962,80.000038,1336800,2.995022
1976-01-29,79.749962,81.00,79.749962,79.875,823200,2.990341
1976-01-28,79.374962,80.124962,78.624962,79.625038,856800,2.980983
1976-01-27,78.999962,79.875,78.75,79.374962,941600,2.97162
1976-01-26,78.00,80.124962,78.00,78.999962,1003200,2.957581
1976-01-23,76.749962,78.00,76.749962,78.00,600000,2.920145
1976-01-22,76.875,76.875,76.250038,76.749962,720000,2.873346
1976-01-21,77.000038,77.499962,75.875038,77.000038,818400,2.882709
1976-01-20,76.250038,77.25,76.250038,77.000038,600000,2.882709
1976-01-19,75.00,75.999962,74.499962,75.999962,434400,2.845268
1976-01-16,74.750038,75.249962,74.625,75.00,592800,2.807832
1976-01-15,74.750038,75.375,74.499962,74.750038,688800,2.798474
1976-01-14,74.124962,74.750038,73.749962,74.750038,512000,2.798474
1976-01-13,75.375,76.50,74.124962,74.124962,1352000,2.775072
1976-01-12,74.000038,75.375,73.625038,75.375,840800,2.821871
1976-01-09,73.374962,74.375038,73.125,74.000038,442400,2.770395
1976-01-08,73.50,74.499962,73.250038,73.374962,1121600,2.746994
1976-01-07,72.999962,74.499962,72.500038,73.50,832800,2.751675
1976-01-06,72.249962,73.875,72.00,72.999962,928800,2.732955
1976-01-05,71.750038,72.875038,71.750038,72.249962,328800,2.704876
1976-01-02,69.75,71.375038,69.624962,71.124962,156000,2.662759
1975-12-31,69.249962,69.875038,69.249962,69.75,243200,2.611283
1975-12-30,69.500038,70.374962,69.125038,69.249962,525600,2.592563
1975-12-29,68.874962,69.624962,68.874962,69.500038,303200,2.601925
1975-12-26,67.749962,69.00,67.625038,68.874962,144800,2.578524
1975-12-24,67.250038,67.875,67.250038,67.749962,283200,2.536406
1975-12-23,66.500038,67.50,66.249962,67.250038,464000,2.51769
1975-12-22,66.999962,66.999962,66.500038,66.500038,226400,2.489612
1975-12-19,68.375038,68.499962,67.374962,67.50,360800,2.527048
1975-12-18,68.375038,68.375038,68.124962,68.375038,302400,2.559808
1975-12-17,68.625,68.625,68.25,68.375038,254400,2.559808
1975-12-16,68.375038,69.125038,68.25,68.750038,235200,2.573847
1975-12-15,68.874962,69.249962,68.375038,68.375038,221600,2.559808
1975-12-12,68.375038,68.874962,68.124962,68.874962,297600,2.578524
1975-12-11,67.749962,68.375038,67.749962,68.375038,317600,2.559808
1975-12-10,67.374962,67.875,67.374962,67.625038,377600,2.53173
1975-12-09,66.249962,67.125,65.874962,67.125,316800,2.513009
1975-12-08,66.249962,66.500038,65.25,66.249962,1428800,2.48025
1975-12-05,66.375,66.875038,66.249962,66.249962,436800,2.48025
1975-12-04,65.625,66.75,65.000038,66.375,610400,2.484931
1975-12-03,66.999962,66.999962,65.499962,65.625,636800,2.456853
1975-12-02,68.375038,68.375038,67.250038,67.749962,482400,2.536406
1975-12-01,69.00,69.249962,67.749962,68.375038,332000,2.559808
1975-11-28,68.499962,69.500038,68.499962,69.00,225600,2.583205
1975-11-26,68.750038,69.249962,68.25,68.499962,284000,2.564485
1975-11-25,68.25,69.125038,68.25,68.750038,422400,2.573847
1975-11-24,68.000038,68.625,68.000038,68.124962,309600,2.550446
1975-11-21,68.499962,68.874962,67.749962,68.000038,384000,2.545769
1975-11-20,68.000038,69.249962,68.000038,68.499962,476000,2.564485
1975-11-19,69.624962,69.624962,67.125,67.875,422400,2.541088
1975-11-18,70.875,71.375038,69.999962,69.999962,465600,2.620641
1975-11-17,71.25,71.25,70.749962,70.875,417600,2.653401
1975-11-14,72.00,72.249962,71.124962,71.25,257600,2.66744
1975-11-13,72.00,72.875038,72.00,72.00,382400,2.695518
1975-11-12,70.250038,71.124962,70.250038,71.000038,576000,2.658082
1975-11-11,70.250038,71.25,69.999962,70.125,497600,2.625323
1975-11-10,71.25,71.25,70.125,70.250038,476000,2.630004
1975-11-07,72.375,72.500038,71.000038,71.499962,1049600,2.676798
1975-11-06,72.00,72.75,71.750038,72.375,207200,2.709557
1975-11-05,71.124962,72.875038,71.124962,72.00,549600,2.695518
1975-11-04,71.25,71.750038,70.749962,70.749962,312000,2.64872
1975-11-03,71.124962,71.750038,70.875,71.25,216800,2.66744
1975-10-31,71.625,72.249962,71.000038,71.124962,221600,2.662759
1975-10-30,71.874962,72.375,71.375038,71.625,600800,2.681479
1975-10-29,72.75,72.75,71.499962,71.874962,439200,2.690837
1975-10-28,72.00,72.875038,71.750038,72.75,297600,2.723597
1975-10-27,72.00,72.500038,71.874962,72.00,207200,2.695518
1975-10-24,72.999962,72.999962,71.750038,72.00,384000,2.695518
1975-10-23,73.374962,73.374962,72.375,73.250038,1239200,2.742317
1975-10-22,74.874962,75.875038,73.749962,74.000038,883200,2.770395
1975-10-21,73.875,75.00,73.875,74.874962,789600,2.80315
1975-10-20,71.25,73.625038,71.25,72.999962,590400,2.732955
1975-10-17,69.875038,72.00,69.624962,70.875,933600,2.653401
1975-10-16,68.25,69.875038,68.25,69.875038,1053600,2.615965
1975-10-15,68.25,68.25,67.749962,68.25,312000,2.555127
1975-10-14,69.00,69.624962,67.875,68.25,477600,2.555127
1975-10-13,68.000038,69.00,67.50,69.00,149600,2.583205
1975-10-10,67.625038,68.124962,67.50,68.000038,336800,2.545769
1975-10-09,67.250038,67.875,67.125,67.625038,216000,2.53173
1975-10-08,65.750038,67.374962,65.750038,67.250038,208800,2.51769
1975-10-07,65.750038,66.125038,64.749962,65.375038,598400,2.447495
1975-10-06,65.750038,66.875038,65.750038,65.750038,286400,2.461534
1975-10-03,63.624962,65.625,63.624962,65.499962,331200,2.452171
1975-10-02,63.875038,64.749962,63.375,63.375,235200,2.372618
1975-10-01,65.124962,65.25,63.875038,63.875038,432800,2.391338
1975-09-30,65.750038,65.750038,65.000038,65.124962,370400,2.438132
1975-09-29,66.624962,66.999962,66.249962,66.249962,557600,2.48025
1975-09-26,66.249962,67.50,66.249962,66.624962,449600,2.494289
1975-09-25,66.500038,66.75,66.249962,66.249962,268800,2.48025
1975-09-24,66.00,66.500038,66.00,66.500038,790400,2.489612
1975-09-23,66.00,66.00,65.25,65.874962,367200,2.466211
1975-09-22,66.249962,67.250038,66.00,66.00,284000,2.470892
1975-09-19,63.75,66.249962,63.75,66.249962,694400,2.48025
1975-09-18,62.750038,63.75,62.750038,63.75,495200,2.386657
1975-09-17,62.750038,63.00,62.499962,62.750038,344000,2.349221
1975-09-16,63.999962,64.749962,62.25,62.750038,658400,2.349221
1975-09-15,65.375038,65.499962,63.500038,63.999962,209600,2.396015
1975-09-12,65.750038,66.375,65.124962,65.375038,204000,2.447495
1975-09-11,65.750038,66.125038,65.625,65.750038,139200,2.461534
1975-09-10,66.00,66.00,65.499962,65.750038,393600,2.461534
1975-09-09,66.500038,67.250038,66.00,66.00,316800,2.470892
1975-09-08,66.624962,66.624962,65.625,66.500038,196800,2.489612
1975-09-05,67.50,67.625038,66.999962,66.999962,153600,2.508328
1975-09-04,67.374962,67.875,67.374962,67.50,288800,2.527048
1975-09-03,66.75,66.75,66.375,66.75,317600,2.49897
1975-09-02,66.999962,68.124962,66.999962,66.999962,214400,2.508328
1975-08-29,66.125038,67.125,66.125038,66.875038,223200,2.503651
1975-08-28,65.375038,66.125038,65.25,66.00,655200,2.470892
1975-08-27,65.625,65.625,65.000038,65.375038,374400,2.447495
1975-08-26,66.00,66.125038,65.750038,65.874962,264800,2.466211
1975-08-25,65.874962,66.249962,65.874962,66.00,153600,2.470892
1975-08-22,65.000038,66.500038,65.000038,65.750038,197600,2.461534
1975-08-21,64.749962,65.000038,64.250038,64.50,195200,2.414735
1975-08-20,66.375,66.375,64.50,64.749962,783200,2.424093
1975-08-19,67.749962,67.875,66.624962,66.624962,226400,2.494289
1975-08-18,67.875,68.25,67.625038,67.749962,173600,2.536406
1975-08-15,67.374962,68.000038,67.374962,67.875,252800,2.541088
1975-08-14,68.750038,68.750038,67.125,67.250038,364800,2.51769
1975-08-13,69.375,69.624962,68.499962,69.00,166400,2.583205
1975-08-12,68.625,69.75,68.625,69.375,309600,2.597244
1975-08-11,68.25,68.499962,68.000038,68.499962,166400,2.564485
1975-08-08,68.124962,68.750038,68.124962,68.25,175200,2.555127
1975-08-07,67.374962,68.625,67.374962,68.000038,336800,2.545769
1975-08-06,66.249962,67.625038,66.00,67.250038,324000,2.51769
1975-08-05,66.375,67.250038,66.249962,66.249962,185600,2.48025
1975-08-04,66.75,66.75,66.249962,66.375,264000,2.484931
1975-08-01,68.000038,68.124962,66.500038,66.75,423200,2.49897
1975-07-31,66.75,68.499962,66.75,68.000038,237600,2.545769
1975-07-30,66.249962,66.624962,66.249962,66.500038,197600,2.489612
1975-07-29,65.375038,66.00,65.375038,65.874962,256800,2.466211
1975-07-28,64.875,65.750038,64.875,65.000038,600800,2.433455
1975-07-25,66.624962,66.624962,64.749962,64.875,360000,2.428774
1975-07-24,66.624962,66.999962,66.500038,66.75,369600,2.49897
1975-07-23,68.499962,68.499962,66.500038,66.624962,662400,2.494289
1975-07-22,68.625,68.750038,67.625038,68.499962,159200,2.564485
1975-07-21,68.375038,68.750038,68.375038,68.625,144000,2.569166
1975-07-18,68.750038,68.750038,68.000038,68.25,273600,2.555127
1975-07-17,69.999962,70.625038,68.499962,68.750038,681600,2.573847
1975-07-16,69.75,70.625038,69.75,69.999962,480000,2.620641
1975-07-15,68.499962,69.875038,68.499962,69.249962,622400,2.592563
1975-07-14,68.000038,69.375,68.000038,68.124962,893600,2.550446
1975-07-11,66.500038,68.499962,66.375,68.000038,523200,2.545769
1975-07-10,66.75,68.000038,66.500038,66.500038,520800,2.489612
1975-07-09,66.00,66.75,66.00,66.75,219200,2.49897
1975-07-08,65.625,66.125038,65.499962,65.874962,115200,2.466211
1975-07-07,65.499962,66.249962,65.499962,65.625,137600,2.456853
1975-07-03,65.499962,65.625,65.124962,65.499962,569600,2.452171
1975-07-02,66.375,66.375,65.375038,65.499962,422400,2.452171
1975-07-01,66.875038,66.999962,65.750038,66.500038,281600,2.489612
1975-06-30,66.500038,67.374962,66.500038,66.875038,316800,2.503651
1975-06-27,65.25,66.624962,65.25,66.249962,256800,2.48025
1975-06-26,65.750038,66.00,65.124962,65.124962,260000,2.438132
1975-06-25,64.875,66.249962,64.875,65.750038,394400,2.461534
1975-06-24,63.75,65.375038,63.75,64.875,514400,2.428774
1975-06-23,63.624962,63.999962,63.375,63.624962,228000,2.381976
1975-06-20,63.249962,64.749962,63.249962,63.624962,408000,2.381976
1975-06-19,62.874962,63.375,62.375038,63.249962,247200,2.367937
1975-06-18,63.75,63.875038,62.25,62.874962,473600,2.353897
1975-06-17,63.75,64.125,63.75,63.75,158400,2.386657
1975-06-16,63.249962,64.250038,63.249962,63.75,308000,2.386657
1975-06-13,61.749962,63.00,61.749962,63.00,459200,2.358579
1975-06-12,62.499962,62.625,60.999962,61.50,1102400,2.302422
1975-06-11,63.875038,64.125,62.375038,62.499962,516800,2.339858
1975-06-10,65.000038,65.000038,63.875038,63.875038,525600,2.391338
1975-06-09,65.375038,65.874962,65.124962,65.25,357600,2.442813
1975-06-06,67.125,67.125,65.000038,65.375038,600000,2.447495
1975-06-05,66.75,67.250038,66.375,67.250038,341600,2.51769
1975-06-04,66.500038,67.125,66.249962,66.75,315200,2.49897
1975-06-03,66.00,66.500038,66.00,66.500038,316800,2.489612
1975-06-02,65.25,66.125038,65.124962,65.750038,1023200,2.461534
1975-05-30,65.625,65.750038,65.25,65.25,399200,2.442813
1975-05-29,66.125038,66.125038,65.375038,65.625,574400,2.456853
1975-05-28,65.25,66.125038,65.25,66.125038,509600,2.475573
1975-05-27,65.124962,65.625,64.50,65.25,360000,2.442813
1975-05-23,64.250038,65.124962,64.125,65.124962,420000,2.438132
1975-05-22,63.624962,64.50,63.624962,64.250038,316800,2.405377
1975-05-21,64.50,64.625038,63.249962,63.375,530400,2.372618
1975-05-20,64.125,64.625038,64.125,64.50,423200,2.414735
1975-05-19,64.875,64.875,63.75,63.75,741600,2.386657
1975-05-16,66.00,66.00,64.875,64.875,401600,2.428774
1975-05-15,66.999962,67.250038,66.00,66.375,686400,2.484931
1975-05-14,67.625038,67.625038,66.624962,66.999962,1018400,2.508328
1975-05-13,65.874962,67.749962,65.187481,67.749962,552000,2.536406
1975-05-12,66.75,66.999962,65.750038,65.874962,537600,2.466211
1975-05-09,66.249962,67.50,66.00,66.75,1913600,2.49897
1975-05-08,65.874962,66.249962,64.749962,66.249962,828800,2.48025
1975-05-07,66.00,66.249962,64.875,65.874962,1029600,2.466211
1975-05-06,66.999962,67.625038,66.00,66.00,1268000,2.470892
1975-05-05,68.625,69.375,66.999962,66.999962,1137600,2.508328
1975-05-02,66.999962,68.625,66.999962,68.625,460800,2.569166
1975-05-01,66.75,67.50,66.624962,66.875038,518400,2.503651
1975-04-30,66.875038,66.999962,66.125038,66.75,297600,2.49897
1975-04-29,67.50,67.749962,66.500038,66.875038,490400,2.503651
1975-04-28,68.000038,68.375038,66.999962,67.50,797600,2.527048
1975-04-25,67.749962,68.375038,67.50,68.000038,351200,2.545769
1975-04-24,67.250038,68.124962,66.875038,67.749962,496800,2.536406
1975-04-23,67.50,67.50,66.75,67.250038,415200,2.51769
1975-04-22,68.000038,69.00,67.50,67.50,1157600,2.527048
1975-04-21,66.75,68.625,66.75,68.000038,466400,2.545769
1975-04-18,66.875038,66.875038,65.625,66.00,540000,2.470892
1975-04-17,65.874962,67.625038,65.874962,67.125,680000,2.513009
1975-04-16,65.25,65.750038,64.875,65.375038,523200,2.447495
1975-04-15,65.124962,65.750038,64.374962,65.25,446400,2.442813
1975-04-14,63.75,65.124962,63.75,65.124962,391200,2.438132
1975-04-11,63.00,63.249962,62.874962,63.249962,387200,2.367937
1975-04-10,65.625,65.625,63.00,63.00,1377600,2.358579
1975-04-09,63.624962,65.750038,63.624962,65.625,693600,2.456853
1975-04-08,62.750038,63.624962,62.750038,63.00,257600,2.358579
1975-04-07,63.00,63.00,62.124962,62.499962,172800,2.339858
1975-04-04,62.874962,63.249962,62.000038,63.249962,297600,2.367937
1975-04-03,64.50,64.875,62.625,62.874962,374400,2.353897
1975-04-02,64.374962,64.625038,63.00,64.50,279200,2.414735
1975-04-01,65.625,65.625,64.374962,64.374962,240800,2.410054
1975-03-31,65.124962,66.00,65.124962,65.874962,269600,2.466211
1975-03-27,65.375038,65.375038,64.50,65.124962,444000,2.438132
1975-03-26,65.375038,66.75,65.124962,65.499962,399200,2.452171
1975-03-25,63.875038,65.499962,62.499962,65.375038,682400,2.447495
1975-03-24,65.000038,65.000038,63.375,63.875038,310400,2.391338
1975-03-21,65.124962,65.625,64.875,65.625,386400,2.456853
1975-03-20,64.250038,65.874962,64.250038,65.124962,269600,2.438132
1975-03-19,64.50,64.50,63.500038,64.250038,365600,2.405377
1975-03-18,65.625,66.375,65.000038,65.000038,416000,2.433455
1975-03-17,64.374962,65.750038,64.374962,65.625,363200,2.456853
1975-03-14,63.624962,64.374962,63.624962,64.374962,408800,2.410054
1975-03-13,63.500038,63.624962,63.00,63.375,209600,2.372618
1975-03-12,63.875038,63.875038,62.25,63.500038,728000,2.377299
1975-03-11,65.499962,65.499962,63.75,64.250038,876800,2.405377
1975-03-10,65.625,66.00,64.625038,65.499962,511200,2.452171
1975-03-07,65.625,66.249962,65.625,65.625,278400,2.456853
1975-03-06,65.750038,65.750038,64.125,65.625,680000,2.456853
1975-03-05,67.50,67.50,65.750038,66.00,708000,2.470892
1975-03-04,67.50,69.500038,67.50,67.50,900000,2.527048
1975-03-03,63.999962,65.625,63.999962,65.25,572000,2.442813
1975-02-28,62.000038,63.375,61.749962,63.249962,336800,2.367937
1975-02-27,62.375038,62.874962,61.749962,62.000038,372800,2.321142
1975-02-26,62.499962,62.874962,61.50,62.375038,624800,2.335181
1975-02-25,63.624962,63.75,62.375038,62.499962,557600,2.339858
1975-02-24,63.75,63.999962,62.625,63.624962,279200,2.381976
1975-02-21,63.125038,64.875,63.125038,63.75,576800,2.386657
1975-02-20,60.500038,62.750038,60.500038,62.499962,404000,2.339858
1975-02-19,59.625,60.624962,59.25,60.375,507200,2.260304
1975-02-18,60.00,60.75,59.25,59.625,629600,2.232226
1975-02-14,61.250038,62.124962,59.124962,60.00,516000,2.246265
1975-02-13,58.625038,62.499962,58.625038,61.250038,1008800,2.293064
1975-02-12,57.999962,58.250038,57.00,57.999962,249600,2.171388
1975-02-11,57.999962,58.50,57.500038,57.999962,866400,2.171388
1975-02-10,57.75,58.374962,57.624962,57.999962,209600,2.171388
1975-02-07,57.500038,57.875038,56.375038,57.75,629600,2.16203
1975-02-06,57.999962,59.874962,57.500038,57.500038,576800,2.152672
1975-02-05,56.625,57.999962,56.499962,57.999962,441600,2.171388
1975-02-04,56.750038,57.125038,55.250038,56.625,303200,2.119913
1975-02-03,55.875,57.999962,55.875,56.750038,236000,2.124594
1975-01-31,56.000038,56.000038,54.75,55.749962,507200,2.087153
1975-01-30,57.624962,58.749962,56.499962,56.499962,776000,2.115232
1975-01-29,57.875038,57.875038,57.375,57.624962,609600,2.157349
1975-01-28,56.375038,58.875,56.375038,57.999962,700800,2.171388
1975-01-27,55.125,56.124962,55.125,56.124962,391200,2.101193
1975-01-24,52.50,53.750038,51.999962,53.499962,356000,2.002918
1975-01-23,52.250038,53.25,51.999962,52.50,372000,1.965482
1975-01-22,52.125,52.250038,51.75,52.250038,100800,1.956124
1975-01-21,51.875038,52.374962,51.875038,52.125,164000,1.951443
1975-01-20,51.125038,51.624962,50.874962,51.500038,336800,1.928046
1975-01-17,50.874962,51.249962,50.375038,51.125038,220800,1.914007
1975-01-16,51.125038,52.374962,50.499962,50.874962,255200,1.904644
1975-01-15,49.749962,51.375,49.625038,51.125038,153600,1.914007
1975-01-14,50.124962,50.124962,49.250038,49.749962,135200,1.862527
1975-01-13,51.249962,52.250038,50.750038,50.874962,120800,1.904644
1975-01-10,50.750038,51.75,50.750038,51.249962,567200,1.918683
1975-01-09,49.749962,50.375038,49.250038,50.000038,170400,1.871889
1975-01-08,49.625038,50.375038,49.50,49.749962,264000,1.862527
1975-01-07,49.625038,50.124962,49.374962,49.625038,148800,1.85785
1975-01-06,48.875038,49.875,48.875038,49.625038,269600,1.85785
1975-01-03,49.250038,49.250038,48.00,48.875038,312000,1.829772
1975-01-02,48.999962,50.25,48.999962,49.250038,283200,1.843811
1974-12-31,47.000041,48.500038,47.000041,48.500038,139200,1.815733
1974-12-30,45.375,46.125,45.375,46.125,88800,1.726816
1974-12-27,45.249959,45.249959,44.750041,45.249959,86400,1.694057
1974-12-26,45.00,45.999959,45.00,45.249959,194400,1.694057
1974-12-24,44.499959,45.249959,44.375041,44.874959,290400,1.680018
1974-12-23,46.125,46.125,44.499959,44.499959,304800,1.665979
1974-12-20,47.000041,47.625,46.50,46.625041,492000,1.745537
1974-12-19,46.50,47.124959,45.999959,47.000041,189600,1.759576
1974-12-18,46.250041,47.124959,46.250041,46.50,492800,1.740856
1974-12-17,45.249959,46.250041,44.499959,46.250041,436800,1.731498
1974-12-16,46.250041,46.50,45.249959,45.249959,468800,1.694057
1974-12-13,48.125038,48.125038,46.250041,46.250041,261600,1.731498
1974-12-12,48.249962,49.374962,47.625,48.375,185600,1.811051
1974-12-11,47.000041,49.125,47.000041,48.249962,312800,1.80637
1974-12-10,46.125,47.625,46.125,47.000041,214400,1.759576
1974-12-09,44.375041,45.500041,44.000041,45.375,476000,1.698738
1974-12-06,44.625,45.125041,42.999959,44.375041,468000,1.661302
1974-12-05,47.25,47.25,44.625,44.625,993600,1.67066
1974-12-04,48.75,48.75,47.000041,47.375041,401600,1.773615
1974-12-03,50.000038,50.000038,48.999962,48.999962,245600,1.834449
1974-12-02,51.500038,51.500038,49.749962,50.25,116000,1.881247
1974-11-29,51.875038,51.875038,51.249962,51.624962,259200,1.932723
1974-11-27,51.375,52.125,51.375,51.999962,240000,1.946762
1974-11-26,51.125038,51.249962,50.124962,50.874962,492000,1.904644
1974-11-25,51.125038,51.249962,50.25,51.125038,110400,1.914007
1974-11-22,51.125038,51.624962,51.125038,51.125038,189600,1.914007
1974-11-21,49.374962,51.00,49.250038,50.750038,280800,1.899967
1974-11-20,49.250038,50.625,49.125,49.374962,260000,1.848488
1974-11-19,48.999962,49.50,48.875038,49.250038,206400,1.843811
1974-11-18,50.499962,50.499962,48.999962,48.999962,334400,1.834449
1974-11-15,53.124962,53.124962,50.375038,50.499962,317600,1.890605
1974-11-14,53.750038,54.75,53.124962,53.750038,242400,2.012281
1974-11-13,54.500038,54.500038,53.499962,53.750038,436800,2.012281
1974-11-12,55.875,55.875,54.500038,54.624962,386400,2.045036
1974-11-11,56.000038,56.000038,54.75,56.000038,144800,2.096516
1974-11-08,56.25,56.375038,55.374962,56.375038,208800,2.110555
1974-11-07,57.00,57.500038,56.000038,56.25,307200,2.105874
1974-11-06,56.750038,57.875038,56.499962,57.00,279200,2.133952
1974-11-05,54.75,57.00,53.750038,56.750038,284000,2.124594
1974-11-04,54.75,54.875038,53.124962,54.75,213600,2.049717
1974-11-01,53.124962,54.999962,52.50,54.75,247200,2.049717
1974-10-31,51.500038,53.750038,51.500038,53.124962,312000,1.988879
1974-10-30,50.750038,52.250038,50.25,51.500038,468000,1.928046
1974-10-29,49.50,50.750038,49.374962,50.750038,929600,1.899967
1974-10-28,49.50,49.50,48.75,49.50,271200,1.853169
1974-10-25,49.374962,50.499962,49.374962,50.124962,192000,1.876566
1974-10-24,48.624962,49.250038,48.00,48.75,149600,1.825091
1974-10-23,51.125038,51.125038,48.00,48.624962,376800,1.820409
1974-10-22,51.75,52.749962,51.75,51.75,379200,1.937404
1974-10-21,51.249962,51.500038,49.875,51.500038,309600,1.928046
1974-10-18,50.750038,52.125,50.750038,51.249962,435200,1.918683
1974-10-17,48.00,50.124962,47.499959,48.999962,380000,1.834449
1974-10-16,48.999962,49.50,47.874959,48.00,220800,1.797012
1974-10-15,50.499962,50.499962,48.125038,48.999962,292800,1.834449
1974-10-14,48.75,51.75,48.75,50.499962,297600,1.890605
1974-10-11,47.000041,49.374962,47.000041,48.375,477600,1.811051
1974-10-10,45.249959,46.875,45.249959,46.50,564000,1.740856
1974-10-09,43.50,45.00,42.999959,44.750041,336000,1.675341
1974-10-08,42.999959,44.000041,42.999959,43.50,187200,1.628542
1974-10-07,41.124959,43.125,41.124959,42.999959,345600,1.609822
1974-10-04,40.749959,41.124959,40.125,41.124959,220800,1.539626
1974-10-03,40.50,41.000041,40.125,40.749959,214400,1.525587
1974-10-02,40.374959,40.625041,40.125,40.50,137600,1.516229
1974-10-01,41.25,41.625,39.375,40.374959,511200,1.511548
1974-09-30,44.25,44.25,40.50,41.25,321600,1.544307
1974-09-27,45.500041,45.500041,44.25,44.25,307200,1.656621
1974-09-26,46.50,46.50,45.125041,45.500041,393600,1.703419
1974-09-25,45.875041,46.875,45.375,46.50,292800,1.740856
1974-09-24,46.250041,46.250041,45.500041,45.875041,82400,1.717459
1974-09-23,46.250041,46.749959,45.500041,46.50,379200,1.740856
1974-09-20,46.250041,46.749959,45.500041,46.250041,369600,1.731498
1974-09-19,44.25,46.250041,44.25,46.250041,209600,1.731498
1974-09-18,45.249959,45.249959,43.749959,43.875,343200,1.642581
1974-09-17,45.624959,46.250041,45.624959,45.624959,295200,1.708096
1974-09-16,45.125041,45.875041,44.375041,45.624959,369600,1.708096
1974-09-13,45.999959,45.999959,45.00,45.125041,465600,1.68938
1974-09-12,47.499959,47.499959,45.999959,45.999959,480800,1.722135
1974-09-11,47.499959,47.874959,47.25,47.625,376800,1.782973
1974-09-10,48.500038,48.500038,47.124959,47.499959,156800,1.778292
1974-09-09,48.75,48.75,48.249962,48.500038,136800,1.815733
1974-09-06,48.375,48.75,47.750041,48.75,316800,1.825091
1974-09-05,48.00,49.125,47.625,48.375,364800,1.811051
1974-09-04,48.125038,48.125038,46.875,48.00,296000,1.797012
1974-09-03,48.249962,50.000038,48.249962,48.249962,279200,1.80637
1974-08-30,47.750041,48.624962,47.625,48.249962,240000,1.80637
1974-08-29,46.749959,48.00,46.749959,47.750041,316800,1.787654
1974-08-28,45.00,47.25,45.00,46.749959,216000,1.750213
1974-08-27,46.125,46.125,44.750041,45.00,316800,1.684699
1974-08-26,46.374959,47.000041,45.375,46.50,268800,1.740856
1974-08-23,49.374962,49.50,46.374959,46.374959,350400,1.736174
1974-08-22,50.000038,50.000038,48.00,49.374962,660800,1.848488
1974-08-21,51.00,51.249962,50.25,50.25,194400,1.881247
1974-08-20,51.249962,51.875038,50.625,51.00,245600,1.909325
1974-08-19,52.125,52.374962,51.249962,51.249962,276800,1.918683
1974-08-16,52.50,52.625038,52.125,52.125,134400,1.951443
1974-08-15,53.000038,53.375038,52.125,52.50,476000,1.965482
1974-08-14,53.000038,53.000038,52.125,53.000038,340800,1.984202
1974-08-13,54.875038,54.999962,53.124962,53.375038,317600,1.998242
1974-08-12,56.000038,56.25,54.624962,54.875038,65600,2.054398
1974-08-09,55.749962,56.750038,55.250038,56.000038,208800,2.096516
1974-08-08,57.00,57.875038,55.374962,55.749962,298400,2.087153
1974-08-07,55.50,57.00,54.75,57.00,195200,2.133952
1974-08-06,53.000038,56.25,53.000038,55.50,226400,2.077795
1974-08-05,52.875,54.125038,52.625038,52.749962,158400,1.97484
1974-08-02,52.749962,53.375038,52.250038,52.875,496800,1.979521
1974-08-01,54.624962,54.624962,52.374962,52.749962,1181600,1.97484
1974-07-31,55.125,55.250038,54.75,54.75,236000,2.049717
1974-07-30,54.999962,55.250038,54.75,55.125,350400,2.063756
1974-07-29,55.125,55.125,54.999962,54.999962,295200,2.059075
1974-07-26,56.000038,56.625,55.250038,55.625038,718400,2.082477
1974-07-25,56.499962,56.874962,56.000038,56.000038,324000,2.096516
1974-07-24,56.499962,56.499962,56.124962,56.499962,908000,2.115232
1974-07-23,56.124962,57.875038,56.124962,57.00,281600,2.133952
1974-07-22,55.50,56.000038,55.50,56.000038,130400,2.096516
1974-07-19,54.999962,55.749962,54.75,55.50,681600,2.077795
1974-07-18,56.499962,56.499962,54.999962,54.999962,441600,2.059075
1974-07-17,57.249962,57.249962,55.50,56.499962,783200,2.115232
1974-07-16,57.875038,57.875038,57.249962,57.249962,216000,2.14331
1974-07-15,58.50,59.25,58.374962,58.50,514400,2.190109
1974-07-12,57.75,60.125038,57.75,58.50,353600,2.190109
1974-07-11,58.125,58.125,57.500038,57.75,571200,2.16203
1974-07-10,59.25,59.499962,58.125,58.125,199200,2.176069
1974-07-09,58.250038,59.750038,58.125,59.25,280800,2.218187
1974-07-08,57.875038,58.250038,57.249962,58.250038,331200,2.180751
1974-07-05,58.625038,59.000038,57.875038,57.875038,309600,2.166711
1974-07-03,58.625038,59.25,58.250038,58.625038,437600,2.19479
1974-07-02,58.749962,59.25,58.50,58.625038,89600,2.19479
1974-07-01,58.749962,59.124962,58.625038,58.749962,129600,2.199467
1974-06-28,58.250038,59.25,57.500038,58.749962,213600,2.199467
1974-06-27,58.250038,58.50,57.75,58.250038,399200,2.180751
1974-06-26,59.750038,59.874962,58.250038,58.250038,384800,2.180751
1974-06-25,60.500038,60.624962,59.750038,59.750038,389600,2.236907
1974-06-24,60.999962,60.999962,60.249962,60.500038,201600,2.264986
1974-06-21,63.00,63.00,61.749962,61.875,334400,2.316461
1974-06-20,63.75,64.125,63.00,63.00,345600,2.358579
1974-06-19,63.999962,64.250038,63.75,63.75,123200,2.386657
1974-06-18,63.125038,63.999962,63.00,63.999962,99200,2.396015
1974-06-17,63.75,64.125,63.00,63.125038,117600,2.36326
1974-06-14,63.375,63.75,62.000038,63.75,236000,2.386657
1974-06-13,63.249962,63.999962,63.00,63.375,220800,2.372618
1974-06-12,63.75,63.75,62.750038,63.249962,368000,2.367937
1974-06-11,65.124962,65.750038,64.250038,64.50,465600,2.414735
1974-06-10,64.374962,65.25,64.250038,65.124962,244800,2.438132
1974-06-07,64.125,65.000038,64.125,64.374962,262400,2.410054
1974-06-06,63.249962,64.125,63.00,64.125,117600,2.400696
1974-06-05,63.500038,63.75,62.499962,63.249962,302400,2.367937
1974-06-04,62.499962,63.999962,62.499962,63.500038,271200,2.377299
1974-06-03,60.500038,61.374962,60.249962,61.250038,147200,2.293064
1974-05-31,60.249962,60.500038,59.750038,60.500038,240000,2.264986
1974-05-30,60.125038,61.250038,60.00,60.249962,308000,2.255623
1974-05-29,60.00,60.75,59.750038,60.125038,310400,2.250946
1974-05-28,59.750038,60.125038,59.625,60.00,291200,2.246265
1974-05-24,59.499962,60.00,59.499962,59.750038,226400,2.236907
1974-05-23,59.25,59.750038,59.000038,59.499962,297600,2.227545
1974-05-22,60.00,60.00,59.124962,59.25,304800,2.218187
1974-05-21,60.624962,60.624962,60.249962,60.375,142400,2.260304
1974-05-20,60.375,60.999962,59.874962,60.624962,147200,2.269662
1974-05-17,60.624962,60.624962,60.249962,60.375,176000,2.260304
1974-05-16,60.875038,60.999962,60.624962,60.75,127200,2.274344
1974-05-15,61.749962,62.000038,60.249962,60.875038,833600,2.279025
1974-05-14,61.875,62.124962,61.625038,61.749962,130400,2.31178
1974-05-13,62.499962,62.499962,61.374962,61.875,602400,2.316461
1974-05-10,62.375038,63.999962,62.375038,63.00,475200,2.358579
1974-05-09,61.374962,62.25,60.999962,62.124962,346400,2.325819
1974-05-08,60.999962,61.50,60.999962,61.374962,288800,2.297741
1974-05-07,60.75,61.374962,60.500038,60.75,243200,2.274344
1974-05-06,60.624962,60.875038,60.375,60.75,132800,2.274344
1974-05-03,60.999962,60.999962,59.750038,60.624962,302400,2.269662
1974-05-02,59.750038,60.999962,59.750038,60.999962,478400,2.283702
1974-05-01,58.625038,59.750038,58.625038,59.499962,487200,2.227545
1974-04-30,58.749962,58.749962,58.374962,58.625038,435200,2.19479
1974-04-29,58.875,59.000038,58.625038,58.749962,120000,2.199467
1974-04-26,58.875,59.25,58.875,58.875,312800,2.204148
1974-04-25,58.749962,58.875,57.999962,58.250038,344000,2.180751
1974-04-24,59.375038,59.375038,58.625038,58.749962,370400,2.199467
1974-04-23,59.750038,59.750038,59.375038,59.499962,404000,2.227545
1974-04-22,59.750038,59.874962,59.25,59.750038,201600,2.236907
1974-04-19,60.125038,60.125038,59.000038,59.750038,300800,2.236907
1974-04-18,59.625,60.375,59.625,60.375,377600,2.260304
1974-04-17,59.000038,59.499962,59.000038,59.375038,320000,2.222868
1974-04-16,56.25,58.125,56.000038,58.125,288000,2.176069
1974-04-15,55.749962,56.750038,55.50,56.25,194400,2.105874
1974-04-11,56.000038,56.000038,55.50,55.749962,218400,2.087153
1974-04-10,56.000038,56.25,56.000038,56.000038,352800,2.096516
1974-04-09,54.500038,56.000038,54.375,55.625038,588000,2.082477
1974-04-08,54.999962,54.999962,54.249962,54.500038,416000,2.040359
1974-04-05,56.124962,56.499962,55.125,55.250038,352800,2.068437
1974-04-04,56.000038,56.750038,56.000038,56.124962,398400,2.101193
1974-04-03,57.00,57.00,54.500038,55.50,860000,2.077795
1974-04-02,57.875038,58.125,57.500038,57.500038,154400,2.152672
1974-04-01,59.000038,59.124962,57.875038,57.875038,288000,2.166711
1974-03-29,58.625038,59.000038,57.999962,59.000038,185600,2.208829
1974-03-28,60.00,60.00,58.50,58.625038,324000,2.19479
1974-03-27,60.500038,60.75,60.125038,60.249962,156800,2.255623
1974-03-26,60.125038,60.75,60.00,60.500038,127200,2.264986
1974-03-25,60.00,60.249962,59.874962,60.125038,408800,2.250946
1974-03-22,60.00,60.375,59.124962,60.00,146400,2.246265
1974-03-21,60.00,60.375,59.750038,60.00,255200,2.246265
1974-03-20,60.624962,60.624962,59.874962,60.00,228800,2.246265
1974-03-19,60.75,61.125,60.125038,60.624962,425600,2.269662
1974-03-18,60.375,60.75,59.874962,60.75,233600,2.274344
1974-03-15,61.875,61.875,60.00,60.375,177600,2.260304
1974-03-14,61.749962,62.375038,61.250038,62.000038,344000,2.321142
1974-03-13,61.125,62.375038,61.125,61.749962,280800,2.31178
1974-03-12,60.500038,61.50,60.500038,60.999962,327200,2.283702
1974-03-11,58.749962,59.625,58.749962,59.625,250400,2.232226
1974-03-08,59.000038,59.375038,58.749962,58.749962,202400,2.199467
1974-03-07,60.00,60.00,58.250038,59.000038,226400,2.208829
1974-03-06,59.625,60.375,59.000038,60.00,228000,2.246265
1974-03-05,59.625,60.875038,59.625,59.625,406400,2.232226
1974-03-04,60.00,60.00,58.749962,59.25,240000,2.218187
1974-03-01,60.624962,60.624962,59.874962,60.00,308000,2.246265
1974-02-28,61.50,61.50,59.750038,60.624962,261600,2.269662
1974-02-27,60.249962,62.000038,60.249962,61.749962,290400,2.31178
1974-02-26,60.00,60.249962,59.499962,60.249962,128000,2.255623
1974-02-25,60.00,60.375,59.625,60.00,305600,2.246265
1974-02-22,59.874962,60.624962,59.750038,60.00,219200,2.246265
1974-02-21,58.875,60.00,58.875,59.874962,375200,2.241584
1974-02-20,57.875038,58.250038,57.249962,57.999962,255200,2.171388
1974-02-19,58.250038,59.750038,57.500038,57.875038,377600,2.166711
1974-02-15,57.999962,58.749962,57.999962,58.250038,238400,2.180751
1974-02-14,57.75,57.875038,57.624962,57.624962,207200,2.157349
1974-02-13,57.75,58.625038,57.500038,57.75,242400,2.16203
1974-02-12,57.00,57.999962,56.124962,57.75,185600,2.16203
1974-02-11,58.374962,58.374962,56.25,57.00,408000,2.133952
1974-02-08,58.374962,59.499962,58.250038,58.374962,314400,2.185427
1974-02-07,57.00,58.625038,56.874962,58.374962,466400,2.185427
1974-02-06,57.00,57.125038,56.25,57.00,634400,2.133952
1974-02-05,56.750038,57.00,56.124962,57.00,380000,2.133952
1974-02-04,58.50,58.50,56.499962,56.750038,1922400,2.124594
1974-02-01,59.750038,59.750038,58.625038,58.625038,252800,2.19479
1974-01-31,60.375,60.75,59.750038,59.874962,391200,2.241584
1974-01-30,59.750038,60.375,59.499962,60.375,276800,2.260304
1974-01-29,60.00,60.00,59.625,59.750038,257600,2.236907
1974-01-28,61.749962,61.749962,59.625,60.00,324800,2.246265
1974-01-25,61.875,62.750038,61.50,62.000038,562400,2.321142
1974-01-24,63.624962,63.624962,60.624962,61.875,221600,2.316461
1974-01-23,63.624962,64.50,63.624962,63.875038,302400,2.391338
1974-01-22,63.00,63.75,63.00,63.500038,244800,2.377299
1974-01-21,62.874962,62.874962,61.50,62.499962,353600,2.339858
1974-01-18,63.249962,63.375,62.625,63.00,165600,2.358579
1974-01-17,63.249962,63.624962,63.249962,63.249962,192000,2.367937
1974-01-16,62.25,63.249962,61.625038,63.249962,250400,2.367937
1974-01-15,61.749962,62.750038,61.50,62.25,172800,2.3305
1974-01-14,62.750038,63.375,61.625038,61.749962,202400,2.31178
1974-01-11,62.625,63.375,62.499962,62.750038,214400,2.349221
1974-01-10,63.875038,63.875038,62.625,62.625,365600,2.344539
1974-01-09,66.125038,66.125038,63.624962,63.999962,250400,2.396015
1974-01-08,68.124962,68.124962,66.500038,66.500038,180800,2.489612
1974-01-07,68.25,68.874962,68.000038,68.25,312800,2.555127
1974-01-04,68.750038,69.75,67.625038,68.25,365600,2.555127
1974-01-03,66.999962,69.00,66.999962,68.750038,473600,2.573847
1974-01-02,66.75,66.75,66.375,66.500038,166400,2.489612
1973-12-31,67.50,67.50,66.875038,66.999962,213600,2.508328
1973-12-28,67.125,68.124962,67.125,67.875,197600,2.541088
1973-12-27,64.50,66.875038,64.50,66.875038,333600,2.503651
1973-12-26,62.25,64.250038,62.25,64.250038,435200,2.405377
1973-12-24,62.874962,62.874962,61.50,61.50,483200,2.302422
1973-12-21,62.25,63.375,62.25,63.00,405600,2.358579
1973-12-20,62.750038,63.999962,62.25,62.25,254400,2.3305
1973-12-19,62.625,64.374962,62.625,62.750038,502400,2.349221
1973-12-18,61.125,62.499962,59.625,62.124962,376800,2.325819
1973-12-17,61.374962,61.374962,60.500038,61.125,221600,2.288383
1973-12-14,62.499962,63.125038,60.999962,61.50,1037600,2.302422
1973-12-13,62.625,63.999962,62.499962,62.499962,320000,2.339858
1973-12-12,63.375,63.375,62.000038,62.625,332000,2.344539
1973-12-11,68.375038,69.00,63.999962,63.999962,1037600,2.396015
1973-12-10,66.500038,68.375038,66.249962,68.375038,396000,2.559808
1973-12-07,64.50,67.250038,64.50,66.500038,590400,2.489612
1973-12-06,63.500038,64.250038,63.249962,64.125,881600,2.400696
1973-12-05,64.250038,64.749962,63.375,63.500038,393600,2.377299
1973-12-04,64.749962,65.750038,63.999962,64.250038,760800,2.405377
1973-12-03,66.249962,66.249962,64.250038,64.749962,353600,2.424093
1973-11-30,68.375038,68.375038,66.375,66.624962,470400,2.494289
1973-11-29,68.25,69.500038,68.25,68.750038,478400,2.573847
1973-11-28,66.999962,68.375038,66.999962,68.124962,430400,2.550446
1973-11-27,66.624962,67.374962,66.249962,66.999962,331200,2.508328
1973-11-26,65.25,66.75,65.25,66.624962,564800,2.494289
1973-11-23,66.500038,66.500038,65.25,65.25,360800,2.442813
1973-11-21,63.624962,66.999962,63.624962,66.75,542400,2.49897
1973-11-20,62.499962,63.500038,62.000038,63.249962,626400,2.367937
1973-11-19,62.625,63.00,62.25,62.499962,231200,2.339858
1973-11-16,62.000038,63.249962,60.875038,62.625,928800,2.344539
1973-11-15,65.750038,65.750038,61.374962,62.000038,600000,2.321142
1973-11-14,66.999962,67.875,66.00,66.125038,279200,2.475573
1973-11-13,67.749962,68.124962,66.875038,66.999962,437600,2.508328
1973-11-12,68.499962,68.499962,67.374962,67.749962,144800,2.536406
1973-11-09,69.125038,69.249962,68.750038,68.874962,269600,2.578524
1973-11-08,68.375038,69.249962,68.375038,69.125038,185600,2.587886
1973-11-07,68.000038,68.124962,67.374962,67.625038,453600,2.53173
1973-11-06,66.75,68.750038,66.75,68.000038,235200,2.545769
1973-11-05,66.75,66.75,65.375038,66.249962,441600,2.48025
1973-11-02,69.125038,69.125038,66.500038,66.999962,830400,2.508328
1973-11-01,71.499962,71.750038,69.375,69.375,456800,2.597244
1973-10-31,72.999962,72.999962,71.499962,71.499962,381600,2.676798
1973-10-30,74.124962,74.124962,73.50,73.749962,327200,2.761033
1973-10-29,72.999962,74.499962,72.999962,74.499962,446400,2.789111
1973-10-26,71.750038,72.375,71.750038,72.249962,413600,2.704876
1973-10-25,71.625,71.625,70.749962,71.375038,207200,2.672121
1973-10-24,72.75,72.75,70.625038,71.750038,228800,2.68616
1973-10-23,70.749962,73.250038,69.999962,72.875038,567200,2.728278
1973-10-22,70.749962,71.25,69.624962,70.749962,206400,2.64872
1973-10-19,72.75,73.875,70.50,70.749962,374400,2.64872
1973-10-18,75.00,75.00,72.375,72.75,760800,2.723597
1973-10-17,74.499962,75.75,74.375038,75.00,417600,2.807832
1973-10-16,75.249962,75.249962,74.375038,74.499962,670400,2.789111
1973-10-15,75.500038,76.374962,74.25,75.875038,669600,2.840591
1973-10-12,75.00,75.999962,74.25,75.500038,670400,2.826552
1973-10-11,75.75,75.75,75.00,75.00,344000,2.807832
1973-10-10,76.875,76.875,75.75,75.75,204000,2.83591
1973-10-09,76.749962,77.625,76.50,77.000038,449600,2.882709
1973-10-08,74.874962,76.875,74.625,76.749962,377600,2.873346
1973-10-05,74.000038,75.00,73.374962,74.874962,614400,2.80315
1973-10-04,73.625038,74.499962,73.625038,74.000038,951200,2.770395
1973-10-03,71.625,72.00,71.625,72.00,317600,2.695518
1973-10-02,70.50,71.375038,70.50,71.25,432800,2.66744
1973-10-01,70.749962,70.749962,70.250038,70.50,315200,2.639362
1973-09-28,69.999962,71.124962,69.999962,70.749962,516000,2.64872
1973-09-27,69.875038,69.875038,69.249962,69.500038,308000,2.601925
1973-09-26,69.875038,69.875038,69.249962,69.875038,615200,2.615965
1973-09-25,69.00,69.999962,69.00,69.999962,428000,2.620641
1973-09-24,67.749962,68.625,67.749962,68.625,501600,2.569166
1973-09-21,67.875,68.375038,67.125,67.749962,309600,2.536406
1973-09-20,68.124962,69.00,67.875,67.875,348800,2.541088
1973-09-19,67.749962,69.00,67.625038,68.124962,622400,2.550446
1973-09-18,67.875,67.875,67.250038,67.749962,327200,2.536406
1973-09-17,68.499962,68.750038,68.25,68.375038,247200,2.559808
1973-09-14,68.000038,68.625,67.875,68.499962,622400,2.564485
1973-09-13,68.000038,68.25,68.000038,68.000038,434400,2.545769
1973-09-12,67.50,68.000038,67.250038,67.50,132800,2.527048
1973-09-11,66.75,67.749962,66.375,67.50,175200,2.527048
1973-09-10,66.500038,66.999962,66.249962,66.75,329600,2.49897
1973-09-07,66.00,66.500038,65.625,66.500038,331200,2.489612
1973-09-06,65.750038,66.500038,65.000038,66.00,310400,2.470892
1973-09-05,66.249962,66.500038,65.750038,65.750038,324000,2.461534
1973-09-04,65.000038,66.75,65.000038,66.249962,388800,2.48025
1973-08-31,63.375,64.50,63.125038,64.250038,604800,2.405377
1973-08-30,62.000038,63.500038,62.000038,63.375,590400,2.372618
1973-08-29,61.50,61.749962,61.374962,61.749962,206400,2.31178
1973-08-28,61.50,62.000038,61.250038,61.50,324800,2.302422
1973-08-27,60.875038,61.50,60.75,61.50,65600,2.302422
1973-08-24,60.75,61.374962,60.75,60.875038,105600,2.279025
1973-08-23,61.125,61.875,60.624962,60.75,298400,2.274344
1973-08-22,61.125,61.250038,60.125038,61.125,168800,2.288383
1973-08-21,61.374962,61.625038,60.999962,61.125,96800,2.288383
1973-08-20,62.25,62.25,61.250038,61.374962,170400,2.297741
1973-08-17,61.374962,63.00,61.374962,62.499962,269600,2.339858
1973-08-16,61.374962,61.749962,60.875038,61.250038,312000,2.293064
1973-08-15,60.00,61.374962,60.00,61.374962,480000,2.297741
1973-08-14,61.749962,61.749962,59.750038,59.874962,526400,2.241584
1973-08-13,62.000038,62.124962,61.374962,62.124962,244800,2.325819
1973-08-10,60.999962,62.499962,60.999962,62.000038,151200,2.321142
1973-08-09,61.250038,61.250038,60.500038,60.624962,276800,2.269662
1973-08-08,61.625038,61.625038,61.125,61.250038,100800,2.293064
1973-08-07,61.374962,62.000038,61.374962,61.749962,141600,2.31178
1973-08-06,60.125038,61.250038,60.00,61.250038,404000,2.293064
1973-08-03,60.00,60.375,59.625,60.125038,201600,2.250946
1973-08-02,59.750038,60.500038,59.625,60.00,230400,2.246265
1973-08-01,62.000038,62.000038,59.625,59.750038,1248800,2.236907
1973-07-31,62.375038,62.874962,62.124962,62.124962,230400,2.325819
1973-07-30,63.00,63.249962,62.375038,62.375038,284000,2.335181
1973-07-27,62.874962,63.00,62.375038,63.00,151200,2.358579
1973-07-26,62.499962,63.00,62.375038,62.874962,276000,2.353897
1973-07-25,62.25,62.750038,62.124962,62.499962,343200,2.339858
1973-07-24,60.624962,62.499962,59.874962,62.25,504800,2.3305
1973-07-23,60.875038,61.50,60.375,60.624962,468000,2.269662
1973-07-20,59.750038,60.875038,59.750038,60.875038,508800,2.279025
1973-07-19,59.625,60.00,59.25,59.625,180800,2.232226
1973-07-18,59.499962,59.625,58.50,59.625,605600,2.232226
1973-07-17,59.499962,59.750038,59.25,59.499962,940800,2.227545
1973-07-16,59.499962,59.499962,58.875,59.499962,351200,2.227545
1973-07-13,59.499962,59.499962,58.875,59.499962,425600,2.227545
1973-07-12,59.874962,60.00,58.875,59.499962,941600,2.227545
1973-07-11,59.000038,60.125038,59.000038,59.874962,523200,2.241584
1973-07-10,57.75,58.50,57.75,58.50,465600,2.190109
1973-07-09,57.500038,57.75,57.00,57.500038,192000,2.152672
1973-07-06,57.500038,57.500038,56.625,57.500038,236000,2.152672
1973-07-05,56.874962,57.500038,56.375038,57.500038,146400,2.152672
1973-07-03,57.249962,57.249962,56.124962,56.874962,339200,2.129271
1973-07-02,58.125,58.50,57.500038,57.875038,694400,2.166711
1973-06-29,57.125038,58.374962,57.125038,58.125,175200,2.176069
1973-06-28,56.000038,57.125038,55.875,57.00,134400,2.133952
1973-06-27,55.125,56.25,55.125,56.000038,175200,2.096516
1973-06-26,54.375,55.250038,54.375,54.875038,152000,2.054398
1973-06-25,55.875,55.875,54.125038,54.125038,202400,2.02632
1973-06-22,55.374962,56.625,55.374962,56.375038,725600,2.110555
1973-06-21,56.124962,56.499962,53.625,53.625,273600,2.0076
1973-06-20,56.000038,56.25,56.000038,56.124962,206400,2.101193
1973-06-19,55.50,55.875,54.999962,55.749962,262400,2.087153
1973-06-18,55.625038,55.749962,54.999962,55.50,324000,2.077795
1973-06-15,57.00,57.00,55.625038,55.625038,295200,2.082477
1973-06-14,57.500038,57.624962,57.00,57.125038,340800,2.138633
1973-06-13,56.874962,57.875038,56.874962,57.500038,440000,2.152672
1973-06-12,55.749962,56.750038,55.749962,56.750038,369600,2.124594
1973-06-11,56.750038,56.750038,55.125,55.50,106400,2.077795
1973-06-08,54.500038,56.750038,54.500038,56.750038,754400,2.124594
1973-06-07,53.874962,54.875038,53.874962,54.500038,393600,2.040359
1973-06-06,56.124962,56.124962,53.625,53.874962,403200,2.016958
1973-06-05,56.25,56.625,55.625038,56.625,420000,2.119913
1973-06-04,57.500038,57.500038,56.25,56.25,240800,2.105874
1973-06-01,58.875,58.875,58.125,58.50,476000,2.190109
1973-05-31,60.500038,60.500038,59.25,59.25,572000,2.218187
1973-05-30,62.124962,62.124962,61.50,61.50,230400,2.302422
1973-05-29,62.25,62.625,62.25,62.375038,144000,2.335181
1973-05-25,61.749962,62.750038,61.749962,62.124962,297600,2.325819
1973-05-24,60.375,61.749962,60.375,61.50,302400,2.302422
1973-05-23,60.249962,60.500038,60.125038,60.249962,249600,2.255623
1973-05-22,60.500038,60.875038,59.750038,60.249962,420000,2.255623
1973-05-21,60.75,60.75,59.499962,60.500038,375200,2.264986
1973-05-18,62.25,62.25,61.374962,61.625038,185600,2.307103
1973-05-17,62.499962,63.375,62.499962,62.750038,165600,2.349221
1973-05-16,62.25,63.500038,61.625038,62.375038,248000,2.335181
1973-05-15,62.124962,62.499962,61.625038,62.25,329600,2.3305
1973-05-14,62.499962,63.00,62.124962,62.124962,177600,2.325819
1973-05-11,62.750038,63.249962,62.499962,62.499962,187200,2.339858
1973-05-10,63.125038,63.249962,62.499962,62.750038,761600,2.349221
1973-05-09,62.499962,63.249962,62.499962,63.125038,1217600,2.36326
1973-05-08,61.50,62.124962,61.50,62.000038,248000,2.321142
1973-05-07,61.749962,61.875,61.50,61.50,456000,2.302422
1973-05-04,61.250038,62.124962,61.250038,61.749962,1025600,2.31178
1973-05-03,61.625038,61.749962,60.624962,60.999962,848000,2.283702
1973-05-02,61.50,61.749962,61.250038,61.625038,202400,2.307103
1973-05-01,62.25,62.750038,61.250038,61.50,274400,2.302422
1973-04-30,61.250038,62.25,61.250038,62.25,139200,2.3305
1973-04-27,61.749962,62.124962,61.250038,61.250038,254400,2.293064
1973-04-26,62.499962,62.499962,61.50,61.749962,204000,2.31178
1973-04-25,63.999962,64.250038,62.499962,62.625,1265600,2.344539
1973-04-24,64.374962,64.625038,63.999962,63.999962,384000,2.396015
1973-04-23,64.875,65.000038,64.374962,64.374962,163200,2.410054
1973-04-19,64.749962,65.000038,64.625038,64.875,223200,2.428774
1973-04-18,64.749962,64.875,64.50,64.749962,211200,2.424093
1973-04-17,64.50,64.749962,64.50,64.749962,129600,2.424093
1973-04-16,64.50,64.50,64.250038,64.374962,280800,2.410054
1973-04-13,64.374962,65.124962,64.374962,64.749962,300000,2.424093
1973-04-12,63.999962,64.875,63.75,63.999962,554400,2.396015
1973-04-11,63.75,63.999962,63.624962,63.999962,156800,2.396015
1973-04-10,63.75,64.374962,63.75,63.75,314400,2.386657
1973-04-09,62.750038,63.624962,62.750038,63.624962,243200,2.381976
1973-04-06,61.875,62.750038,61.875,62.499962,257600,2.339858
1973-04-05,62.499962,63.00,61.625038,61.749962,422400,2.31178
1973-04-04,62.000038,62.750038,62.000038,62.499962,244800,2.339858
1973-04-03,62.000038,62.000038,61.374962,61.875,256800,2.316461
1973-04-02,63.00,63.00,62.124962,62.124962,182400,2.325819
1973-03-30,63.00,63.624962,62.625,63.00,238400,2.358579
1973-03-29,62.874962,63.875038,62.874962,63.00,1467200,2.358579
1973-03-28,62.25,62.499962,61.625038,62.499962,236000,2.339858
1973-03-27,61.125,62.499962,61.125,62.25,544800,2.3305
1973-03-26,60.999962,61.250038,60.500038,60.500038,139200,2.264986
1973-03-23,61.50,61.749962,60.500038,60.999962,401600,2.283702
1973-03-22,63.00,63.00,61.50,61.50,765600,2.302422
1973-03-21,64.50,64.749962,63.500038,63.500038,192800,2.377299
1973-03-20,64.875,64.875,64.250038,64.50,297600,2.414735
1973-03-19,65.25,65.375038,64.749962,64.875,420800,2.428774
1973-03-16,64.875,65.375038,64.875,65.25,201600,2.442813
1973-03-15,65.124962,65.25,64.50,64.875,324800,2.428774
1973-03-14,64.749962,65.25,64.749962,65.124962,209600,2.438132
1973-03-13,64.749962,64.749962,63.999962,64.749962,804000,2.424093
1973-03-12,65.124962,65.499962,64.625038,64.749962,255200,2.424093
1973-03-09,64.625038,65.25,63.500038,65.124962,620000,2.438132
1973-03-08,64.374962,64.625038,64.250038,64.625038,262400,2.419416
1973-03-07,64.125,64.50,63.875038,64.374962,540000,2.410054
1973-03-06,63.249962,64.374962,63.249962,64.125,394400,2.400696
1973-03-05,64.374962,64.625038,63.125038,63.125038,603200,2.36326
1973-03-02,64.50,64.50,63.875038,64.374962,441600,2.410054
1973-03-01,64.50,65.375038,64.50,64.50,298400,2.414735
1973-02-28,64.125,64.50,63.875038,64.374962,156000,2.410054
1973-02-27,64.250038,65.25,63.999962,64.125,132800,2.400696
1973-02-26,65.000038,65.000038,63.624962,64.250038,208800,2.405377
1973-02-23,65.750038,65.874962,65.124962,65.124962,112800,2.438132
1973-02-22,66.249962,66.249962,65.499962,65.750038,315200,2.461534
1973-02-21,66.125038,66.249962,65.750038,66.249962,183200,2.48025
1973-02-20,66.125038,66.624962,66.00,66.125038,192000,2.475573
1973-02-16,66.125038,66.500038,66.00,66.125038,103200,2.475573
1973-02-15,66.75,66.75,65.750038,66.125038,334400,2.475573
1973-02-14,68.000038,68.375038,66.875038,66.999962,478400,2.508328
1973-02-13,67.875,68.375038,67.875,68.000038,1017600,2.545769
1973-02-12,63.375,64.875,63.375,64.875,151200,2.428774
1973-02-09,62.750038,63.125038,62.375038,63.00,321600,2.358579
1973-02-08,62.625,62.750038,62.25,62.750038,226400,2.349221
1973-02-07,62.499962,62.750038,62.375038,62.625,94400,2.344539
1973-02-06,62.625,63.125038,62.375038,62.499962,120000,2.339858
1973-02-05,63.75,63.875038,62.499962,62.625,290400,2.344539
1973-02-02,63.875038,63.875038,63.249962,63.75,336000,2.386657
1973-02-01,63.75,64.50,63.75,63.999962,146400,2.396015
1973-01-31,62.750038,63.875038,62.750038,63.500038,276800,2.377299
1973-01-30,62.625,64.125,62.499962,62.750038,213600,2.349221
1973-01-29,62.750038,62.874962,62.499962,62.625,154400,2.344539
1973-01-26,63.00,63.249962,62.499962,62.750038,348800,2.349221
1973-01-24,64.374962,64.374962,62.25,63.00,314400,2.358579
1973-01-23,64.749962,65.000038,63.999962,64.374962,204800,2.410054
1973-01-22,65.499962,65.750038,64.749962,64.749962,280800,2.424093
1973-01-19,65.750038,65.874962,64.875,65.499962,218400,2.452171
1973-01-18,66.00,66.249962,65.499962,65.750038,276000,2.461534
1973-01-17,66.125038,66.375,65.499962,66.00,297600,2.470892
1973-01-16,66.875038,66.875038,65.124962,66.125038,310400,2.475573
1973-01-15,68.124962,68.750038,67.749962,67.749962,228000,2.536406
1973-01-12,69.249962,69.875038,68.000038,68.124962,242400,2.550446
1973-01-11,68.25,70.374962,67.749962,69.249962,293600,2.592563
1973-01-10,68.625,69.125038,68.000038,68.25,360000,2.555127
1973-01-09,69.375,69.375,68.625,68.625,158400,2.569166
1973-01-08,69.375,69.999962,69.375,69.500038,286400,2.601925
1973-01-05,69.375,70.625038,69.00,69.125038,643200,2.587886
1973-01-04,69.375,69.500038,68.625,69.375,221600,2.597244
1973-01-03,68.000038,69.375,68.000038,69.375,328800,2.597244
1973-01-02,66.500038,67.875,66.375,67.50,140000,2.527048
1972-12-29,66.125038,67.875,66.00,66.500038,365600,2.489612
1972-12-27,66.500038,67.250038,66.125038,66.125038,168000,2.475573
1972-12-26,65.499962,66.500038,65.499962,66.500038,180800,2.489612
1972-12-22,65.499962,65.625,65.000038,65.25,156000,2.442813
1972-12-21,66.125038,66.125038,65.25,65.499962,327200,2.452171
1972-12-20,66.500038,67.749962,65.874962,66.125038,1447200,2.475573
1972-12-19,66.500038,66.624962,66.00,66.500038,156800,2.489612
1972-12-18,66.75,66.75,66.375,66.500038,144800,2.489612
1972-12-15,67.875,67.875,66.75,66.75,236000,2.49897
1972-12-14,67.374962,67.875,66.75,67.875,341600,2.541088
1972-12-13,66.875038,67.625038,66.875038,67.374962,300000,2.522367
1972-12-12,68.124962,68.25,66.249962,66.500038,243200,2.489612
1972-12-11,68.499962,68.499962,68.000038,68.124962,273600,2.550446
1972-12-08,67.749962,68.874962,67.625038,68.750038,108000,2.573847
1972-12-07,67.749962,68.124962,66.75,67.749962,180800,2.536406
1972-12-06,68.124962,68.124962,67.749962,67.749962,201600,2.536406
1972-12-05,68.124962,68.25,67.749962,68.25,214400,2.555127
1972-12-04,68.124962,68.124962,67.374962,68.124962,261600,2.550446
1972-12-01,68.124962,68.499962,67.749962,68.25,197600,2.555127
1972-11-30,68.625,68.750038,67.749962,68.124962,464000,2.550446
1972-11-29,68.25,68.874962,68.25,68.625,149600,2.569166
1972-11-28,68.499962,69.00,68.25,68.25,188000,2.555127
1972-11-27,68.750038,69.00,68.124962,68.499962,242400,2.564485
1972-11-24,68.750038,68.874962,68.499962,68.750038,112800,2.573847
1972-11-22,69.00,69.249962,68.499962,68.750038,221600,2.573847
1972-11-21,68.000038,69.00,68.000038,69.00,413600,2.583205
1972-11-20,67.250038,67.625038,67.250038,67.50,304800,2.527048
1972-11-17,66.875038,67.250038,66.875038,66.999962,195200,2.508328
1972-11-16,66.875038,66.875038,65.874962,66.875038,254400,2.503651
1972-11-15,67.250038,67.749962,66.624962,66.875038,367200,2.503651
1972-11-14,67.125,67.749962,67.125,67.250038,192800,2.51769
1972-11-13,68.25,68.25,66.875038,67.125,202400,2.513009
1972-11-10,68.124962,69.00,67.749962,68.25,891200,2.555127
1972-11-09,68.000038,68.25,67.250038,68.124962,272000,2.550446
1972-11-08,68.499962,69.249962,68.000038,68.000038,593600,2.545769
1972-11-06,68.625,69.500038,68.000038,68.499962,291200,2.564485
1972-11-03,68.25,69.125038,68.25,68.625,247200,2.569166
1972-11-02,66.624962,68.000038,66.624962,67.875,305600,2.541088
1972-11-01,64.749962,66.375,64.749962,66.125038,297600,2.475573
1972-10-31,63.875038,64.625038,63.875038,64.625038,146400,2.419416
1972-10-30,63.249962,64.125,63.249962,63.75,147200,2.386657
1972-10-27,64.374962,64.749962,63.125038,63.249962,230400,2.367937
1972-10-26,64.250038,64.875,64.125,64.374962,358400,2.410054
1972-10-25,62.750038,64.250038,62.750038,64.250038,202400,2.405377
1972-10-24,61.625038,62.499962,61.625038,62.499962,348800,2.339858
1972-10-23,60.75,61.50,60.75,61.250038,399200,2.293064
1972-10-20,59.000038,60.500038,59.000038,60.125038,602400,2.250946
1972-10-19,59.750038,59.874962,58.749962,59.000038,165600,2.208829
1972-10-18,60.125038,60.999962,59.375038,59.750038,619200,2.236907
1972-10-17,59.750038,60.125038,59.124962,60.125038,508800,2.250946
1972-10-16,60.999962,61.250038,59.499962,59.750038,204000,2.236907
1972-10-13,61.250038,61.250038,60.375,60.999962,264000,2.283702
1972-10-12,62.000038,62.000038,61.125,61.749962,108800,2.31178
1972-10-11,62.124962,62.375038,61.50,62.124962,304800,2.325819
1972-10-10,62.750038,63.375,62.124962,62.124962,204000,2.325819
1972-10-09,63.00,63.00,62.625,62.750038,75200,2.349221
1972-10-06,62.375038,63.875038,61.625038,63.00,434400,2.358579
1972-10-05,63.624962,63.624962,62.000038,62.375038,149600,2.335181
1972-10-04,63.875038,64.250038,63.375,63.999962,123200,2.396015
1972-10-03,63.875038,64.250038,63.249962,63.875038,240000,2.391338
1972-10-02,64.50,64.875,63.875038,63.875038,101600,2.391338
1972-09-29,65.750038,66.249962,64.250038,64.50,178400,2.414735
1972-09-28,66.875038,66.875038,65.499962,65.750038,172800,2.461534
1972-09-27,65.25,66.999962,65.124962,66.999962,404000,2.508328
1972-09-26,66.125038,66.125038,65.25,65.25,386400,2.442813
1972-09-25,66.375,66.500038,66.125038,66.125038,195200,2.475573
1972-09-22,66.375,66.500038,66.375,66.375,297600,2.484931
1972-09-21,65.000038,66.375,65.000038,66.375,260000,2.484931
1972-09-20,64.749962,65.000038,64.625038,65.000038,86400,2.433455
1972-09-19,64.374962,65.000038,64.250038,64.749962,112800,2.424093
1972-09-18,64.374962,64.625038,64.125,64.374962,285600,2.410054
1972-09-15,63.500038,64.374962,63.500038,64.374962,108800,2.410054
1972-09-14,63.500038,64.374962,62.750038,63.375,225600,2.372618
1972-09-13,64.875,64.875,63.500038,63.500038,199200,2.377299
1972-09-12,65.874962,66.00,65.000038,65.000038,543200,2.433455
1972-09-11,65.625,66.00,65.499962,65.874962,144800,2.466211
1972-09-08,65.750038,65.874962,65.499962,65.625,224000,2.456853
1972-09-07,65.25,65.750038,65.25,65.750038,201600,2.461534
1972-09-06,65.000038,65.124962,64.749962,65.124962,261600,2.438132
1972-09-05,65.375038,65.375038,64.749962,65.000038,96800,2.433455
1972-09-01,65.25,65.625,65.000038,65.499962,159200,2.452171
1972-08-31,65.124962,65.625,65.124962,65.25,120800,2.442813
1972-08-30,64.50,65.375038,64.125,64.749962,458400,2.424093
1972-08-29,64.125,64.50,63.75,64.50,576000,2.414735
1972-08-28,64.125,64.50,64.125,64.125,130400,2.400696
1972-08-25,63.75,64.250038,63.500038,64.125,243200,2.400696
1972-08-24,63.624962,64.250038,63.500038,63.75,456800,2.386657
1972-08-23,63.125038,63.624962,62.750038,63.624962,264800,2.381976
1972-08-22,63.375,63.75,63.125038,63.125038,144000,2.36326
1972-08-21,64.625038,64.749962,62.375038,63.375,236000,2.372618
1972-08-18,65.000038,65.000038,64.625038,64.625038,1431200,2.419416
1972-08-17,65.750038,66.249962,65.000038,65.000038,288800,2.433455
1972-08-16,66.125038,66.125038,65.625,65.750038,194400,2.461534
1972-08-15,66.624962,66.624962,66.125038,66.249962,332000,2.48025
1972-08-14,65.874962,67.50,65.874962,67.125,221600,2.513009
1972-08-11,64.125,65.750038,63.999962,65.750038,436800,2.461534
1972-08-10,63.999962,64.250038,63.624962,64.125,194400,2.400696
1972-08-09,63.500038,63.999962,63.500038,63.999962,214400,2.396015
1972-08-08,62.874962,63.249962,62.25,63.249962,158400,2.367937
1972-08-07,63.00,63.875038,62.750038,62.874962,154400,2.353897
1972-08-04,63.125038,63.875038,63.00,63.00,220800,2.358579
1972-08-03,62.499962,63.375,62.25,63.125038,413600,2.36326
1972-08-02,62.124962,63.00,62.124962,62.499962,358400,2.339858
1972-08-01,61.374962,62.124962,60.375,62.124962,154400,2.325819
1972-07-31,60.875038,61.374962,60.249962,61.374962,56000,2.297741
1972-07-28,61.125,61.125,60.375,60.875038,132000,2.279025
1972-07-27,60.999962,61.50,60.999962,61.374962,127200,2.297741
1972-07-26,60.624962,60.75,60.00,60.624962,180800,2.269662
1972-07-25,60.500038,62.000038,60.249962,60.624962,465600,2.269662
1972-07-24,59.499962,60.875038,59.499962,60.500038,233600,2.264986
1972-07-21,58.625038,58.875,57.999962,58.749962,92000,2.199467
1972-07-20,59.124962,59.124962,58.625038,58.625038,189600,2.19479
1972-07-19,58.50,59.375038,58.50,59.375038,466400,2.222868
1972-07-18,59.000038,59.000038,57.375,57.875038,118400,2.166711
1972-07-17,60.00,60.00,59.124962,59.375038,168800,2.222868
1972-07-14,60.00,60.125038,59.625,60.00,151200,2.246265
1972-07-13,60.125038,60.249962,59.874962,60.00,144800,2.246265
1972-07-12,59.499962,60.375,59.499962,60.125038,264800,2.250946
1972-07-11,59.750038,59.750038,59.124962,59.25,201600,2.218187
1972-07-10,60.500038,60.624962,59.499962,60.00,456800,2.246265
1972-07-07,61.875,61.875,60.500038,60.500038,192000,2.264986
1972-07-06,60.999962,62.000038,60.999962,62.000038,175200,2.321142
1972-07-05,60.00,60.999962,59.625,60.375,672000,2.260304
1972-07-03,59.000038,60.125038,59.000038,60.00,233600,2.246265
1972-06-30,58.749962,59.750038,58.625038,59.000038,286400,2.208829
1972-06-29,60.624962,60.624962,58.749962,58.749962,177600,2.199467
1972-06-28,59.625,60.999962,59.625,60.999962,307200,2.283702
1972-06-27,58.374962,59.874962,58.374962,58.625038,576000,2.19479
1972-06-26,58.250038,58.50,57.999962,58.250038,492000,2.180751
1972-06-23,57.999962,58.50,57.999962,58.250038,447200,2.180751
1972-06-22,57.999962,58.125,57.875038,57.999962,184800,2.171388
1972-06-21,58.125,58.125,57.624962,57.999962,260000,2.171388
1972-06-20,57.875038,58.250038,57.75,58.250038,329600,2.180751
1972-06-19,57.624962,57.999962,57.624962,57.875038,238400,2.166711
1972-06-16,57.249962,57.75,57.249962,57.624962,141600,2.157349
1972-06-15,57.375,57.624962,57.125038,57.249962,341600,2.14331
1972-06-14,56.375038,57.75,56.375038,57.375,638400,2.147991
1972-06-13,55.250038,56.25,55.250038,56.124962,208800,2.101193
1972-06-12,54.125038,55.374962,54.125038,55.250038,273600,2.068437
1972-06-09,54.624962,54.624962,54.125038,54.125038,128000,2.02632
1972-06-08,54.624962,54.875038,54.375,54.875038,245600,2.054398
1972-06-07,55.250038,55.250038,54.00,54.624962,308000,2.045036
1972-06-06,55.875,55.875,55.250038,55.250038,218400,2.068437
1972-06-05,56.499962,56.499962,55.625038,56.000038,108800,2.096516
1972-06-02,56.499962,56.874962,56.25,56.625,226400,2.119913
1972-06-01,56.750038,56.874962,56.124962,56.499962,184800,2.115232
1972-05-31,57.999962,57.999962,56.375038,56.750038,446400,2.124594
1972-05-30,58.125,58.50,58.125,58.250038,252000,2.180751
1972-05-26,58.125,58.250038,57.75,57.999962,98400,2.171388
1972-05-25,57.375,58.749962,57.375,58.125,344000,2.176069
1972-05-24,56.25,57.500038,56.25,57.249962,274400,2.14331
1972-05-23,56.000038,56.499962,55.875,56.25,449600,2.105874
1972-05-22,55.625038,56.25,55.625038,56.000038,271200,2.096516
1972-05-19,55.749962,55.875,54.999962,55.374962,358400,2.073114
1972-05-18,54.999962,56.000038,54.999962,55.749962,293600,2.087153
1972-05-17,53.25,54.249962,53.000038,54.00,504800,2.021639
1972-05-16,53.000038,53.750038,53.000038,53.25,473600,1.99356
1972-05-15,52.625038,52.625038,52.125,52.625038,132800,1.970163
1972-05-12,51.999962,52.625038,51.875038,52.625038,300800,1.970163
1972-05-11,51.875038,52.250038,51.500038,51.999962,144000,1.946762
1972-05-10,51.375,51.875038,51.249962,51.875038,184800,1.942085
1972-05-09,51.125038,51.624962,49.875,51.375,795200,1.923365
1972-05-08,52.374962,52.374962,51.125038,51.125038,494400,1.914007
1972-05-05,52.875,53.124962,52.50,52.50,261600,1.965482
1972-05-04,52.749962,52.875,52.50,52.875,128000,1.979521
1972-05-03,52.749962,53.625,52.749962,52.749962,333600,1.97484
1972-05-02,53.499962,53.625,52.374962,52.374962,218400,1.960801
1972-05-01,54.249962,54.375,53.499962,53.499962,139200,2.002918
1972-04-28,54.624962,54.624962,54.125038,54.249962,152000,2.030997
1972-04-27,54.375,55.125,54.249962,54.75,408000,2.049717
1972-04-26,54.875038,54.999962,54.375,54.375,324800,2.035678
1972-04-25,54.75,55.250038,54.375,54.875038,243200,2.054398
1972-04-24,54.75,54.999962,54.624962,54.75,99200,2.049717
1972-04-21,55.250038,55.374962,54.624962,54.75,148800,2.049717
1972-04-20,55.125,55.250038,54.624962,55.250038,108000,2.068437
1972-04-19,55.125,55.50,54.999962,55.125,168000,2.063756
1972-04-18,54.75,55.374962,54.249962,55.125,200000,2.063756
1972-04-17,54.75,54.75,54.375,54.75,245600,2.049717
1972-04-14,54.875038,55.125,54.500038,54.875038,1476000,2.054398
1972-04-13,54.500038,54.999962,54.00,54.875038,196800,2.054398
1972-04-12,54.375,54.999962,54.375,54.500038,173600,2.040359
1972-04-11,53.499962,54.75,53.499962,54.375,218400,2.035678
1972-04-10,54.00,54.249962,53.499962,53.499962,194400,2.002918
1972-04-07,54.624962,54.875038,54.00,54.00,300800,2.021639
1972-04-06,54.00,54.999962,54.00,54.624962,396800,2.045036
1972-04-05,53.375038,54.00,53.375038,53.750038,195200,2.012281
1972-04-04,54.249962,54.375,53.25,53.25,161600,1.99356
1972-04-03,53.750038,54.249962,53.750038,54.249962,300000,2.030997
1972-03-30,53.375038,54.00,53.25,53.750038,219200,2.012281
1972-03-29,53.375038,53.625,53.375038,53.375038,89600,1.998242
1972-03-28,53.25,53.499962,53.25,53.375038,212000,1.998242
1972-03-27,53.000038,53.25,52.749962,53.000038,189600,1.984202
1972-03-24,53.25,53.25,53.000038,53.000038,140000,1.984202
1972-03-23,53.499962,53.499962,53.124962,53.25,122400,1.99356
1972-03-22,53.000038,53.750038,52.875,53.499962,444000,2.002918
1972-03-21,53.25,53.25,52.875,53.000038,401600,1.984202
1972-03-20,53.25,53.375038,52.875,53.25,254400,1.99356
1972-03-17,53.25,53.499962,52.875,53.25,348000,1.99356
1972-03-16,52.875,54.375,52.625038,53.25,435200,1.99356
1972-03-15,51.624962,53.124962,51.500038,52.875,364800,1.979521
1972-03-14,51.249962,51.75,50.874962,51.624962,343200,1.932723
1972-03-13,50.874962,51.375,50.625,51.249962,225600,1.918683
1972-03-10,50.625,50.874962,50.499962,50.874962,105600,1.904644
1972-03-09,50.625,51.00,50.124962,50.625,184800,1.895286
1972-03-08,50.25,51.00,50.000038,50.625,463200,1.895286
1972-03-07,50.124962,50.750038,50.124962,50.25,939200,1.881247
1972-03-06,49.749962,50.25,49.625038,50.124962,811200,1.876566
1972-03-03,49.625038,50.000038,49.374962,49.749962,291200,1.862527
1972-03-02,48.999962,49.749962,48.999962,49.625038,307200,1.85785
1972-03-01,48.500038,48.999962,48.375,48.875038,456800,1.829772
1972-02-29,48.624962,48.75,48.375,48.500038,168000,1.815733
1972-02-28,49.125,49.374962,48.624962,48.624962,273600,1.820409
1972-02-25,49.374962,49.843798,49.125,49.125,204800,1.83913
1972-02-24,49.875,49.875,49.250038,49.374962,147200,1.848488
1972-02-23,49.749962,50.000038,49.625038,49.875,945600,1.867208
1972-02-22,49.625038,49.875,49.625038,49.749962,279200,1.862527
1972-02-18,49.50,49.749962,49.125,49.250038,86400,1.843811
1972-02-17,49.50,50.000038,49.50,49.50,288800,1.853169
1972-02-16,49.50,49.875,49.50,49.50,110400,1.853169
1972-02-15,48.75,49.625038,48.75,49.250038,315200,1.843811
1972-02-14,48.75,49.250038,48.624962,48.75,298400,1.825091
1972-02-11,48.999962,49.250038,48.75,48.75,242400,1.825091
1972-02-10,48.75,49.374962,48.75,48.999962,440000,1.834449
1972-02-09,48.75,48.875038,48.500038,48.75,250400,1.825091
1972-02-08,48.999962,49.125,48.75,48.75,206400,1.825091
1972-02-07,49.374962,49.50,48.624962,48.999962,185600,1.834449
1972-02-04,49.50,49.625038,48.875038,49.374962,194400,1.848488
1972-02-03,49.749962,49.749962,49.374962,49.50,424800,1.853169
1972-02-02,49.749962,49.875,49.250038,49.875,362400,1.867208
1972-02-01,49.250038,49.875,49.250038,49.749962,458400,1.862527
1972-01-31,48.999962,49.250038,48.624962,49.250038,207200,1.843811
1972-01-28,48.624962,49.749962,48.624962,48.999962,471200,1.834449
1972-01-27,48.125038,48.75,48.125038,48.500038,212000,1.815733
1972-01-26,48.249962,48.375,47.874959,48.00,159200,1.797012
1972-01-25,48.125038,48.375,48.00,48.249962,154400,1.80637
1972-01-24,47.874959,48.249962,47.750041,48.125038,216800,1.801693
1972-01-21,48.125038,48.500038,47.874959,47.874959,237600,1.792331
1972-01-20,47.625,48.375,47.625,48.125038,214400,1.801693
1972-01-19,48.500038,48.500038,47.625,47.625,336000,1.782973
1972-01-18,48.75,48.999962,48.624962,48.75,218400,1.825091
1972-01-17,48.00,48.999962,48.00,48.75,302400,1.825091
1972-01-14,47.124959,47.874959,46.875,47.874959,408800,1.792331
1972-01-13,47.625,47.625,46.749959,47.124959,267200,1.764253
1972-01-12,47.750041,48.00,47.499959,47.625,919200,1.782973
1972-01-11,48.00,48.00,47.625,47.750041,528000,1.787654
1972-01-10,47.874959,48.00,47.750041,48.00,255200,1.797012
1972-01-07,47.874959,48.00,47.874959,47.874959,196800,1.792331
1972-01-06,47.874959,48.00,47.625,47.874959,404000,1.792331
1972-01-05,47.499959,48.125038,47.499959,47.874959,274400,1.792331
1972-01-04,47.25,47.625,47.25,47.499959,264800,1.778292
1972-01-03,47.25,47.750041,47.25,47.25,264800,1.768934
1971-12-31,47.874959,47.874959,47.25,47.25,372000,1.768934
1971-12-30,48.00,48.125038,47.499959,48.00,151200,1.797012
1971-12-29,47.874959,48.375,47.750041,48.00,468800,1.797012
1971-12-28,48.125038,48.249962,47.750041,47.874959,250400,1.792331
1971-12-27,48.249962,48.249962,48.125038,48.125038,255200,1.801693
1971-12-23,48.00,48.500038,47.750041,48.375,396000,1.811051
1971-12-22,47.874959,48.500038,47.625,48.00,291200,1.797012
1971-12-21,48.00,48.00,47.499959,47.874959,876800,1.792331
1971-12-20,48.249962,49.50,47.625,48.00,876800,1.797012
1971-12-17,47.625,48.249962,47.625,48.249962,209600,1.80637
1971-12-16,45.75,47.750041,45.75,47.375041,240000,1.773615
1971-12-15,45.75,45.75,45.249959,45.500041,494400,1.703419
1971-12-14,45.00,45.875041,45.00,45.75,213600,1.712777
1971-12-13,44.25,44.750041,44.25,44.750041,632000,1.675341
1971-12-10,43.749959,44.124959,43.749959,44.124959,653600,1.651939
1971-12-09,43.749959,43.875,43.374959,43.625041,298400,1.633224
1971-12-08,44.124959,44.375041,43.749959,43.749959,319200,1.6379
1971-12-07,44.124959,44.375041,43.749959,44.124959,139200,1.651939
1971-12-06,44.874959,45.624959,44.000041,44.124959,391200,1.651939
1971-12-03,44.000041,45.500041,43.374959,44.874959,821600,1.680018
1971-12-02,43.875,44.000041,42.875041,44.000041,720800,1.647263
1971-12-01,41.750041,44.375041,41.499959,43.875,557600,1.642581
1971-11-30,40.50,41.874959,40.50,41.750041,492000,1.563028
1971-11-29,39.125041,40.374959,39.125041,40.374959,516800,1.511548
1971-11-26,38.499959,39.00,38.375041,39.00,302400,1.460072
1971-11-24,38.375041,38.625,38.375041,38.499959,356000,1.441352
1971-11-23,38.625,38.625,38.124959,38.25,319200,1.431994
1971-11-22,39.500041,39.500041,38.499959,38.625,482400,1.446033
1971-11-19,40.50,40.50,39.249959,39.500041,2686400,1.478793
1971-11-18,42.500041,42.500041,41.25,41.375041,1598400,1.548989
1971-11-17,41.874959,42.500041,41.874959,42.500041,362400,1.591106
1971-11-16,41.874959,42.125041,41.000041,41.874959,472800,1.567704
1971-11-15,43.374959,43.374959,41.750041,41.874959,1436000,1.567704
1971-11-12,43.50,43.875,42.500041,43.374959,724800,1.623861
1971-11-11,44.750041,44.750041,43.250041,43.50,334400,1.628542
1971-11-10,46.374959,46.625041,44.499959,45.00,3012000,1.684699
1971-11-09,46.125,46.749959,45.875041,46.374959,291200,1.736174
1971-11-08,45.624959,46.250041,45.624959,46.125,230400,1.726816
1971-11-05,45.125041,45.624959,45.125041,45.624959,338400,1.708096
1971-11-04,45.00,45.249959,44.750041,45.125041,244800,1.68938
1971-11-03,44.25,45.00,44.25,45.00,422400,1.684699
1971-11-02,44.000041,44.625,43.50,44.124959,288000,1.651939
1971-11-01,44.124959,44.25,43.749959,44.000041,578400,1.647263
1971-10-29,44.000041,44.375041,43.749959,44.124959,412800,1.651939
1971-10-28,43.875,44.499959,43.250041,44.000041,468800,1.647263
1971-10-27,44.000041,44.000041,43.374959,43.875,238400,1.642581
1971-10-26,43.875,44.625,43.749959,44.000041,268800,1.647263
1971-10-25,43.875,44.000041,43.50,43.875,77600,1.642581
1971-10-22,44.000041,44.499959,43.50,43.875,278400,1.642581
1971-10-21,43.50,44.000041,43.125,44.000041,665600,1.647263
1971-10-20,45.500041,45.500041,43.125,43.50,1431200,1.628542
1971-10-19,46.749959,46.749959,44.750041,45.624959,1207200,1.708096
1971-10-18,48.875038,49.250038,48.249962,48.249962,99200,1.80637
1971-10-15,49.125,49.250038,48.875038,48.875038,192800,1.829772
1971-10-14,49.250038,49.50,48.875038,49.125,146400,1.83913
1971-10-13,49.50,49.875,49.125,49.250038,696000,1.843811
1971-10-12,48.75,49.50,48.75,49.50,392000,1.853169
1971-10-11,49.125,49.374962,48.75,48.75,137600,1.825091
1971-10-08,49.875,50.000038,49.125,49.125,269600,1.83913
1971-10-07,49.875,50.124962,49.625038,49.875,542400,1.867208
1971-10-06,50.000038,50.375038,49.374962,49.875,988800,1.867208
1971-10-05,49.749962,50.375038,49.749962,50.000038,362400,1.871889
1971-10-04,49.374962,49.875,49.374962,49.749962,461600,1.862527
1971-10-01,50.25,50.25,48.500038,48.75,2768000,1.825091
1971-09-30,50.750038,50.874962,50.25,50.874962,364800,1.904644
1971-09-29,50.499962,51.00,50.499962,50.750038,94400,1.899967
1971-09-28,50.124962,51.00,50.124962,50.499962,276800,1.890605
1971-09-27,50.124962,50.375038,49.250038,50.124962,501600,1.876566
1971-09-24,50.750038,51.125038,50.000038,50.124962,2443200,1.876566
1971-09-23,51.249962,51.75,50.750038,50.750038,1337600,1.899967
1971-09-22,53.874962,53.874962,51.00,51.249962,1706400,1.918683
1971-09-21,54.624962,54.875038,54.375,54.375,280800,2.035678
1971-09-20,54.875038,54.875038,54.375,54.624962,194400,2.045036
1971-09-17,55.125,55.50,54.249962,54.999962,188000,2.059075
1971-09-16,55.625038,55.625038,55.125,55.125,230400,2.063756
1971-09-15,55.374962,55.749962,55.374962,55.625038,120800,2.082477
1971-09-14,55.50,55.50,55.374962,55.374962,103200,2.073114
1971-09-13,55.625038,55.875,55.50,55.749962,76800,2.087153
1971-09-10,55.50,55.749962,55.374962,55.625038,142400,2.082477
1971-09-09,55.374962,55.875,55.125,55.50,163200,2.077795
1971-09-08,55.50,55.749962,54.75,55.374962,300800,2.073114
1971-09-07,55.125,55.749962,55.125,55.50,228800,2.077795
1971-09-03,54.500038,55.125,54.500038,55.125,298400,2.063756
1971-09-02,54.00,54.500038,54.00,54.249962,110400,2.030997
1971-09-01,53.874962,54.375,53.25,54.00,105600,2.021639
1971-08-31,53.499962,53.874962,53.375038,53.874962,89600,2.016958
1971-08-30,54.00,54.125038,53.499962,53.499962,166400,2.002918
1971-08-27,54.624962,54.875038,54.00,54.00,124800,2.021639
1971-08-26,54.375,54.875038,54.375,54.624962,111200,2.045036
1971-08-25,54.999962,55.125,54.249962,54.375,252800,2.035678
1971-08-24,54.875038,55.50,54.624962,54.999962,494400,2.059075
1971-08-23,53.625,54.875038,53.625,54.875038,468000,2.054398
1971-08-20,53.124962,53.874962,52.749962,53.499962,345600,2.002918
1971-08-19,53.499962,54.00,52.749962,53.124962,418400,1.988879
1971-08-18,54.375,54.375,52.625038,53.499962,524000,2.002918
1971-08-17,51.249962,54.875038,51.249962,54.624962,1653600,2.045036
1971-08-16,50.375038,51.375,50.375038,50.499962,1493600,1.890605
1971-08-13,49.250038,49.250038,47.375041,47.750041,264000,1.787654
1971-08-12,47.000041,49.250038,47.000041,49.250038,320000,1.843811
1971-08-11,46.50,46.875,46.50,46.50,110400,1.740856
1971-08-10,45.875041,46.749959,45.75,46.50,137600,1.740856
1971-08-09,46.749959,46.749959,45.249959,45.875041,152000,1.717459
1971-08-06,46.374959,47.000041,46.125,47.000041,147200,1.759576
1971-08-05,47.000041,47.25,46.250041,46.374959,128000,1.736174
1971-08-04,49.125,49.374962,47.000041,47.000041,278400,1.759576
1971-08-03,49.875,49.875,49.125,49.125,271200,1.83913
1971-08-02,48.875038,49.875,48.875038,49.875,208800,1.867208
1971-07-30,49.749962,49.875,48.00,48.75,326400,1.825091
1971-07-29,49.875,50.124962,49.250038,49.749962,216000,1.862527
1971-07-28,49.875,50.25,49.50,49.875,406400,1.867208
1971-07-27,50.000038,50.000038,49.625038,49.875,189600,1.867208
1971-07-26,49.50,50.000038,49.50,50.000038,166400,1.871889
1971-07-23,49.250038,49.749962,49.250038,49.250038,185600,1.843811
1971-07-22,48.875038,49.875,48.75,49.250038,264000,1.843811
1971-07-21,48.500038,49.250038,48.500038,48.875038,362400,1.829772
1971-07-20,47.750041,48.75,47.750041,48.500038,122400,1.815733
1971-07-19,48.500038,48.500038,47.750041,47.750041,184800,1.787654
1971-07-16,48.375,48.999962,48.249962,48.624962,233600,1.820409
1971-07-15,48.125038,48.875038,48.125038,48.375,590400,1.811051
1971-07-14,48.375,49.125,48.00,48.125038,165600,1.801693
1971-07-13,48.500038,48.624962,48.125038,48.375,60000,1.811051
1971-07-12,48.500038,48.999962,48.125038,48.500038,120000,1.815733
1971-07-09,48.999962,49.125,48.500038,48.500038,130400,1.815733
1971-07-08,48.75,49.250038,48.75,48.999962,1973600,1.834449
1971-07-07,48.500038,48.999962,48.500038,48.75,188000,1.825091
1971-07-06,48.75,48.75,48.249962,48.375,105600,1.811051
1971-07-02,48.75,48.875038,48.624962,48.75,216800,1.825091
1971-07-01,48.75,49.374962,48.624962,48.75,648000,1.825091
1971-06-30,49.50,49.749962,48.75,48.75,770400,1.825091
1971-06-29,48.875038,49.625038,48.75,49.50,124800,1.853169
1971-06-28,48.624962,48.875038,48.624962,48.875038,39200,1.829772
1971-06-25,49.374962,49.50,48.624962,48.624962,69600,1.820409
1971-06-24,49.625038,49.625038,48.999962,49.374962,89600,1.848488
1971-06-23,48.875038,50.25,48.500038,49.875,339200,1.867208
1971-06-22,48.624962,48.999962,48.500038,48.875038,490400,1.829772
1971-06-21,49.50,49.50,48.624962,48.624962,184800,1.820409
1971-06-18,50.000038,50.000038,48.75,49.50,127200,1.853169
1971-06-17,50.625,50.625,50.124962,50.499962,804000,1.890605
1971-06-16,51.375,51.500038,50.499962,50.750038,296000,1.899967
1971-06-15,50.750038,51.75,50.25,51.375,103200,1.923365
1971-06-14,50.124962,50.750038,50.124962,50.750038,219200,1.899967
1971-06-11,50.000038,50.499962,49.749962,50.000038,228800,1.871889
1971-06-10,49.875,50.750038,49.625038,50.000038,86400,1.871889
1971-06-09,50.750038,50.750038,49.50,49.875,82400,1.867208
1971-06-08,52.250038,52.250038,51.00,51.00,104000,1.909325
1971-06-07,52.374962,52.875,51.999962,52.250038,341600,1.956124
1971-06-04,51.999962,52.625038,51.999962,52.374962,300000,1.960801
1971-06-03,51.00,51.999962,50.874962,51.999962,180000,1.946762
1971-06-02,49.875,51.00,49.875,51.00,315200,1.909325
1971-06-01,49.50,50.000038,49.125,49.875,199200,1.867208
1971-05-28,48.500038,49.50,48.375,49.50,134400,1.853169
1971-05-27,49.374962,49.374962,48.500038,48.500038,286400,1.815733
1971-05-26,50.000038,50.124962,49.125,49.50,300800,1.853169
1971-05-25,50.375038,50.375038,48.75,50.000038,262400,1.871889
1971-05-24,51.375,51.375,50.25,50.625,82400,1.895286
1971-05-21,51.125038,51.500038,50.750038,51.500038,156000,1.928046
1971-05-20,51.500038,51.500038,51.125038,51.125038,34400,1.914007
1971-05-19,51.875038,52.250038,51.249962,51.500038,87200,1.928046
1971-05-18,52.250038,52.50,51.624962,51.875038,524000,1.942085
1971-05-17,52.625038,52.625038,51.875038,52.250038,94400,1.956124
1971-05-14,53.124962,53.375038,52.875,52.875,111200,1.979521
1971-05-13,53.25,53.25,52.625038,53.124962,72000,1.988879
1971-05-12,53.000038,53.874962,52.749962,53.499962,118400,2.002918
1971-05-11,52.250038,53.375038,52.125,53.000038,182400,1.984202
1971-05-10,52.374962,52.374962,51.624962,52.250038,79200,1.956124
1971-05-07,52.749962,52.749962,51.624962,52.625038,120000,1.970163
1971-05-06,53.499962,53.499962,52.250038,52.749962,112800,1.97484
1971-05-05,54.00,54.00,53.375038,53.750038,81600,2.012281
1971-05-04,53.625,54.249962,53.000038,54.249962,291200,2.030997
1971-05-03,53.499962,53.750038,53.25,53.625,93600,2.0076
1971-04-30,53.124962,53.499962,52.749962,53.499962,160800,2.002918
1971-04-29,53.25,53.499962,53.000038,53.124962,444800,1.988879
1971-04-28,53.000038,53.750038,53.000038,53.25,187200,1.99356
1971-04-27,52.250038,53.375038,52.250038,52.875,219200,1.979521
1971-04-26,52.875,53.375038,52.125,52.250038,132000,1.956124
1971-04-23,53.124962,53.375038,52.749962,52.875,154400,1.979521
1971-04-22,53.499962,53.750038,53.124962,53.124962,173600,1.988879
1971-04-21,52.875,53.750038,52.625038,53.499962,115200,2.002918
1971-04-20,52.749962,52.875,52.374962,52.875,196800,1.979521
1971-04-19,51.999962,53.000038,51.999962,52.749962,212000,1.97484
1971-04-16,52.125,52.50,51.500038,51.999962,154400,1.946762
1971-04-15,51.875038,52.50,51.875038,52.125,226400,1.951443
1971-04-14,51.875038,53.25,51.500038,51.624962,416000,1.932723
1971-04-13,51.125038,51.999962,51.125038,51.875038,423200,1.942085
1971-04-12,50.124962,51.125038,50.000038,51.125038,727200,1.914007
1971-04-08,50.124962,50.375038,50.124962,50.124962,192800,1.876566
1971-04-07,49.374962,50.375038,49.374962,50.124962,320000,1.876566
1971-04-06,48.00,49.125,47.874959,48.875038,412800,1.829772
1971-04-05,47.750041,48.249962,47.25,48.00,451200,1.797012
1971-04-02,47.874959,48.00,47.499959,47.750041,164000,1.787654
1971-04-01,47.625,47.874959,47.25,47.874959,161600,1.792331
1971-03-31,47.124959,47.750041,47.124959,47.625,165600,1.782973
1971-03-30,47.000041,47.000041,46.875,46.875,194400,1.754895
1971-03-29,47.750041,47.750041,47.000041,47.124959,175200,1.764253
1971-03-26,47.000041,47.750041,47.000041,47.750041,224000,1.787654
1971-03-25,47.375041,47.375041,47.000041,47.000041,183200,1.759576
1971-03-24,47.625,47.625,47.124959,47.499959,208800,1.778292
1971-03-23,47.874959,48.125038,47.499959,47.750041,166400,1.787654
1971-03-22,47.750041,48.249962,47.25,47.874959,127200,1.792331
1971-03-19,47.625,48.00,47.124959,47.750041,267200,1.787654
1971-03-18,47.625,48.375,47.625,47.625,273600,1.782973
1971-03-17,47.499959,48.75,47.499959,47.625,382400,1.782973
1971-03-16,47.25,47.874959,47.124959,47.499959,200000,1.778292
1971-03-15,47.499959,47.874959,47.25,47.25,221600,1.768934
1971-03-12,47.25,47.499959,47.124959,47.499959,403200,1.778292
1971-03-11,46.65624,47.625,46.625041,47.25,1666400,1.768934
1971-03-10,47.874959,48.00,46.625041,46.65624,484800,1.746705
1971-03-09,48.624962,48.624962,47.750041,47.874959,194400,1.792331
1971-03-08,48.375,48.999962,48.375,48.875038,197600,1.829772
1971-03-05,47.625,48.500038,47.625,48.249962,448800,1.80637
1971-03-04,47.124959,47.375041,46.749959,47.375041,135200,1.773615
1971-03-03,47.499959,47.750041,47.124959,47.124959,254400,1.764253
1971-03-02,47.124959,47.625,47.124959,47.499959,189600,1.778292
1971-03-01,46.875,47.000041,46.625041,47.000041,152000,1.759576
1971-02-26,46.50,46.875,46.50,46.875,272000,1.754895
1971-02-25,45.999959,46.749959,45.999959,46.50,175200,1.740856
1971-02-24,45.875041,46.250041,45.875041,45.875041,480800,1.717459
1971-02-23,44.874959,45.875041,44.625,45.624959,271200,1.708096
1971-02-22,45.875041,45.875041,44.750041,44.874959,656000,1.680018
1971-02-19,47.25,47.25,46.125,46.125,288800,1.726816
1971-02-18,47.25,48.00,47.25,47.25,410400,1.768934
1971-02-17,47.25,47.25,46.625041,46.625041,148800,1.745537
1971-02-16,47.25,47.874959,46.749959,47.25,202400,1.768934
1971-02-12,47.000041,47.625,47.000041,47.25,211200,1.768934
1971-02-11,46.374959,46.875,46.374959,46.50,309600,1.740856
1971-02-10,47.000041,47.25,46.250041,46.250041,514400,1.731498
1971-02-09,47.25,47.874959,46.625041,47.000041,240000,1.759576
1971-02-08,47.625,47.625,47.124959,47.25,180000,1.768934
1971-02-05,47.750041,48.00,47.625,47.750041,244800,1.787654
1971-02-04,47.625,47.874959,47.625,47.750041,206400,1.787654
1971-02-03,47.750041,48.00,47.625,47.625,184800,1.782973
1971-02-02,48.00,48.00,47.750041,47.750041,164000,1.787654
1971-02-01,47.625,48.125038,47.625,48.00,420000,1.797012
1971-01-29,47.25,47.750041,47.25,47.625,308000,1.782973
1971-01-28,46.50,47.25,46.50,47.000041,333600,1.759576
1971-01-27,46.875,46.875,46.125,46.374959,281600,1.736174
1971-01-26,46.875,47.25,46.625041,46.875,256800,1.754895
1971-01-25,45.75,46.875,45.624959,46.875,405600,1.754895
1971-01-22,45.125041,45.875041,45.125041,45.75,324800,1.712777
1971-01-21,45.500041,45.500041,44.874959,45.125041,568800,1.68938
1971-01-20,46.50,46.50,45.249959,45.875041,362400,1.717459
1971-01-19,45.624959,47.499959,45.624959,47.25,192800,1.768934
1971-01-18,44.874959,45.75,44.874959,45.375,220800,1.698738
1971-01-15,44.124959,45.375,44.124959,44.750041,297600,1.675341
1971-01-14,44.25,44.750041,43.875,43.875,596000,1.642581
1971-01-13,44.874959,44.874959,44.25,44.25,760800,1.656621
1971-01-12,44.25,44.874959,44.25,44.874959,288800,1.680018
1971-01-11,42.75,43.374959,42.500041,42.624959,168000,1.595783
1971-01-08,42.75,43.50,42.500041,42.75,262400,1.600464
1971-01-07,42.75,43.50,42.75,42.75,308000,1.600464
1971-01-06,42.375,42.999959,42.375,42.75,132000,1.600464
1971-01-05,42.249959,42.875041,42.125041,42.249959,276800,1.581744
1971-01-04,42.75,42.875041,42.125041,42.249959,144000,1.581744
1970-12-31,43.125,43.125,42.500041,42.75,224000,1.600464
1970-12-30,42.999959,44.000041,42.999959,43.125,1047200,1.614503
1970-12-29,41.750041,42.999959,41.625,42.75,223200,1.600464
1970-12-28,41.375041,41.750041,41.124959,41.750041,60800,1.563028
1970-12-24,41.375041,41.625,41.000041,41.375041,93600,1.548989
1970-12-23,41.375041,41.499959,40.749959,41.375041,362400,1.548989
1970-12-22,41.375041,41.750041,41.375041,41.375041,178400,1.548989
1970-12-21,41.499959,41.750041,41.124959,41.375041,543200,1.548989
1970-12-18,41.499959,41.874959,41.25,41.499959,451200,1.553665
1970-12-17,41.375041,41.625,41.124959,41.499959,132000,1.553665
1970-12-16,41.000041,41.499959,40.875,41.375041,250400,1.548989
1970-12-15,41.874959,41.874959,40.875,41.000041,562400,1.534949
1970-12-14,42.00,42.00,41.625,41.874959,151200,1.567704
1970-12-11,41.499959,42.125041,41.499959,42.125041,136800,1.577067
1970-12-10,40.749959,41.874959,40.749959,41.499959,387200,1.553665
1970-12-09,41.25,41.375041,40.749959,40.749959,343200,1.525587
1970-12-08,41.375041,41.625,41.124959,41.25,331200,1.544307
1970-12-07,41.124959,41.499959,41.124959,41.375041,305600,1.548989
1970-12-04,41.000041,41.000041,40.50,40.875,340800,1.530268
1970-12-03,41.000041,42.00,40.50,41.375041,328800,1.548989
1970-12-02,39.75,41.000041,39.75,41.000041,271200,1.534949
1970-12-01,39.00,40.250041,39.00,39.75,368000,1.488151
1970-11-30,38.375041,39.125041,38.25,38.750041,220800,1.450715
1970-11-27,37.374959,38.375041,37.374959,38.375041,82400,1.436675
1970-11-25,36.624959,37.374959,36.500041,37.250041,264800,1.394558
1970-11-24,36.500041,36.875041,36.125041,36.624959,132800,1.371156
1970-11-23,35.750041,36.624959,35.625,36.500041,144000,1.36648
1970-11-20,36.00,36.00,35.499959,35.750041,247200,1.338401
1970-11-19,36.00,36.249959,35.375041,36.00,142400,1.347759
1970-11-18,35.25,36.00,35.25,36.00,188000,1.347759
1970-11-17,35.000041,35.625,35.000041,35.25,177600,1.319681
1970-11-16,35.124959,35.25,35.000041,35.000041,80000,1.310323
1970-11-13,35.750041,35.750041,35.000041,35.124959,250400,1.315
1970-11-12,36.249959,36.375,36.00,36.00,362400,1.347759
1970-11-11,35.750041,36.75,35.750041,36.249959,202400,1.357117
1970-11-10,36.125041,36.375,35.750041,35.750041,554400,1.338401
1970-11-09,35.499959,36.375,35.499959,36.125041,158400,1.35244
1970-11-06,35.25,35.750041,35.25,35.25,236000,1.319681
1970-11-05,34.749959,35.25,34.625041,35.25,176000,1.319681
1970-11-04,34.625041,35.124959,34.625041,34.749959,276800,1.30096
1970-11-03,34.50,34.625041,34.374959,34.374959,177600,1.286921
1970-11-02,34.50,34.50,33.999959,34.50,398400,1.291603
1970-10-30,34.250041,34.50,34.125,34.50,86400,1.291603
1970-10-29,34.50,34.50,34.125,34.250041,211200,1.282245
1970-10-28,34.625041,34.625041,34.250041,34.625041,153600,1.296284
1970-10-27,34.374959,34.749959,34.250041,34.749959,403200,1.30096
1970-10-26,34.374959,34.374959,33.624959,34.374959,99200,1.286921
1970-10-23,34.125,34.50,34.125,34.50,48800,1.291603
1970-10-22,34.50,34.50,33.999959,34.125,125600,1.277563
1970-10-21,34.749959,34.749959,34.374959,34.50,118400,1.291603
1970-10-20,34.875,35.124959,34.625041,34.749959,223200,1.30096
1970-10-19,35.25,35.25,34.875,34.875,113600,1.305642
1970-10-16,35.375041,35.499959,34.749959,35.25,280800,1.319681
1970-10-15,34.875,35.375041,34.875,35.375041,170400,1.324362
1970-10-14,34.50,35.25,34.50,34.875,132800,1.305642
1970-10-13,34.749959,34.749959,33.624959,34.250041,320000,1.282245
1970-10-12,35.499959,35.499959,34.749959,35.000041,262400,1.310323
1970-10-09,36.249959,36.249959,35.499959,35.499959,512000,1.329039
1970-10-08,36.125041,36.875041,35.625,36.375,333600,1.361798
1970-10-07,37.125,37.50,36.125041,36.125041,160800,1.35244
1970-10-06,36.624959,37.374959,36.500041,37.125,300800,1.389877
1970-10-05,36.00,36.624959,36.00,36.624959,248000,1.371156
1970-10-02,35.499959,36.00,35.499959,35.874959,146400,1.343078
1970-10-01,35.625,35.874959,35.124959,35.375041,112800,1.324362
1970-09-30,35.499959,35.874959,35.000041,35.625,140000,1.33372
1970-09-29,35.375041,35.874959,35.000041,35.499959,196800,1.329039
1970-09-28,35.874959,35.874959,35.25,35.375041,62400,1.324362
1970-09-25,35.124959,35.874959,35.124959,35.874959,261600,1.343078
1970-09-24,34.875,35.750041,34.749959,35.000041,360000,1.310323
1970-09-23,34.250041,35.000041,34.125,34.875,255200,1.305642
1970-09-22,34.250041,34.50,34.125,34.250041,180800,1.282245
1970-09-21,34.50,34.625041,34.125,34.250041,158400,1.282245
1970-09-18,34.250041,34.749959,33.999959,34.50,171200,1.291603
1970-09-17,34.125,34.50,34.125,34.250041,376800,1.282245
1970-09-16,33.875041,34.125,33.875041,33.999959,487200,1.272882
1970-09-15,33.875041,34.250041,33.875041,33.875041,100800,1.268205
1970-09-14,33.999959,34.250041,33.75,33.875041,279200,1.268205
1970-09-11,34.250041,34.374959,33.999959,33.999959,257600,1.272882
1970-09-10,34.125,34.250041,33.999959,34.250041,184800,1.282245
1970-09-09,33.999959,34.250041,33.624959,34.125,274400,1.277563
1970-09-08,34.250041,34.250041,33.624959,33.999959,247200,1.272882
1970-09-04,33.249959,34.374959,33.125041,34.250041,379200,1.282245
1970-09-03,33.500041,33.75,33.249959,33.249959,216800,1.244804
1970-09-02,33.249959,33.999959,33.249959,33.500041,110400,1.254166
1970-09-01,33.375,33.624959,33.00,33.125041,87200,1.240127
1970-08-31,33.75,33.875041,32.25,33.375,171200,1.249485
1970-08-28,33.75,34.50,33.75,33.75,161600,1.263524
1970-08-27,34.749959,35.000041,33.75,33.75,213600,1.263524
1970-08-26,33.999959,35.124959,33.500041,34.749959,696000,1.30096
1970-08-25,33.999959,34.374959,33.00,33.999959,206400,1.272882
1970-08-24,33.875041,34.250041,33.500041,33.999959,278400,1.272882
1970-08-21,31.749959,33.875041,31.374959,33.875041,344000,1.268205
1970-08-20,31.625041,31.875,31.50,31.749959,132800,1.188647
1970-08-19,31.875,32.124959,31.625041,31.625041,276800,1.183971
1970-08-18,31.250041,32.000041,31.250041,31.875,112800,1.193328
1970-08-17,31.749959,32.25,31.250041,31.250041,136800,1.169931
1970-08-14,32.000041,32.499959,31.749959,31.749959,112800,1.188647
1970-08-13,32.499959,32.499959,32.000041,32.000041,144800,1.19801
1970-08-12,32.499959,32.625,32.124959,32.499959,132000,1.216725
1970-08-11,33.00,33.00,32.375041,32.499959,271200,1.216725
1970-08-10,33.375,33.624959,32.874959,33.375,91200,1.249485
1970-08-07,32.750041,33.375,32.750041,33.375,208800,1.249485
1970-08-06,32.750041,33.249959,32.499959,32.750041,72000,1.226088
1970-08-05,32.750041,33.00,32.000041,32.750041,252000,1.226088
1970-08-04,32.750041,32.750041,31.875,32.750041,249600,1.226088
1970-08-03,32.750041,33.00,32.625,32.874959,178400,1.230765
1970-07-31,32.375041,32.750041,32.124959,32.750041,228000,1.226088
1970-07-30,32.499959,32.499959,32.124959,32.375041,213600,1.212049
1970-07-29,32.499959,33.249959,32.499959,32.499959,764000,1.216725
1970-07-28,32.499959,32.874959,32.25,32.375041,152000,1.212049
1970-07-27,33.00,33.00,32.000041,32.499959,164000,1.216725
1970-07-24,33.624959,33.624959,32.750041,33.125041,117600,1.240127
1970-07-23,33.125041,33.999959,32.625,33.999959,213600,1.272882
1970-07-22,33.875041,33.999959,33.125041,33.125041,156800,1.240127
1970-07-21,33.624959,33.875041,32.499959,33.875041,465600,1.268205
1970-07-20,33.875041,33.999959,33.500041,33.624959,113600,1.258843
1970-07-17,33.249959,35.000041,33.249959,33.875041,413600,1.268205
1970-07-16,31.250041,33.375,31.250041,32.750041,297600,1.226088
1970-07-15,30.249959,31.250041,30.00,30.999959,166400,1.160569
1970-07-14,31.125,31.50,30.125041,30.249959,190400,1.132491
1970-07-13,31.749959,31.875,31.125,31.125,86400,1.16525
1970-07-10,31.875,31.875,31.749959,31.749959,76800,1.188647
1970-07-09,31.749959,32.375041,31.749959,31.875,127200,1.193328
1970-07-08,31.125,31.749959,30.75,31.625041,180000,1.183971
1970-07-07,31.749959,33.249959,31.125,31.125,413600,1.16525
1970-07-06,32.499959,32.499959,31.50,31.749959,264000,1.188647
1970-07-02,33.624959,33.875041,33.00,33.249959,269600,1.244804
1970-07-01,34.50,34.50,33.375,33.624959,291200,1.258843
1970-06-30,34.625041,35.124959,34.50,34.625041,84800,1.296284
1970-06-29,35.375041,35.625,34.625041,34.625041,146400,1.296284
1970-06-26,35.625,36.00,35.375041,35.375041,96800,1.324362
1970-06-25,36.00,36.624959,35.625,35.625,132000,1.33372
1970-06-24,36.00,36.75,35.375041,36.00,178400,1.347759
1970-06-23,36.249959,36.500041,35.750041,36.00,88800,1.347759
1970-06-22,36.00,36.500041,35.750041,36.249959,170400,1.357117
1970-06-19,36.00,36.999959,35.499959,36.00,348000,1.347759
1970-06-18,35.874959,36.75,35.625,36.00,177600,1.347759
1970-06-17,35.874959,37.125,35.874959,35.874959,149600,1.343078
1970-06-16,34.749959,36.500041,34.625041,35.750041,112800,1.338401
1970-06-15,34.50,35.000041,34.374959,34.749959,129600,1.30096
1970-06-12,35.000041,35.124959,34.125,34.50,146400,1.291603
1970-06-11,35.375041,35.375041,34.749959,35.000041,100800,1.310323
1970-06-10,35.625,36.249959,35.499959,35.625,80000,1.33372
1970-06-09,36.125041,36.249959,35.499959,35.625,148800,1.33372
1970-06-08,36.500041,36.500041,35.750041,36.125041,184800,1.35244
1970-06-05,36.999959,36.999959,36.249959,36.75,106400,1.375837
1970-06-04,36.999959,37.50,35.625,37.125,228000,1.389877
1970-06-03,37.250041,37.374959,36.375,36.999959,136800,1.385195
1970-06-02,36.999959,37.250041,36.375,37.250041,292800,1.394558
1970-06-01,35.000041,36.999959,34.749959,36.999959,176000,1.385195
1970-05-29,34.374959,35.000041,33.75,35.000041,339200,1.310323
1970-05-28,33.75,34.374959,33.375,34.374959,218400,1.286921
1970-05-27,31.374959,33.999959,31.374959,33.75,393600,1.263524
1970-05-26,30.624959,32.000041,30.500041,31.250041,537600,1.169931
1970-05-25,31.625041,31.625041,30.624959,30.624959,141600,1.14653
1970-05-22,32.25,32.25,31.625041,32.000041,369600,1.19801
1970-05-21,32.750041,32.874959,32.000041,32.499959,256800,1.216725
1970-05-20,34.250041,34.250041,32.25,32.750041,1509600,1.226088
1970-05-19,34.250041,34.625041,33.500041,34.250041,148800,1.282245
1970-05-18,34.625041,34.625041,33.999959,34.250041,158400,1.282245
1970-05-15,35.499959,36.249959,34.749959,34.749959,336000,1.30096
1970-05-14,36.249959,36.249959,35.000041,35.499959,427200,1.329039
1970-05-13,36.624959,36.999959,36.00,36.375,376800,1.361798
1970-05-12,38.375041,38.499959,36.500041,36.624959,266400,1.371156
1970-05-11,38.874959,38.874959,38.25,38.375041,43200,1.436675
1970-05-08,38.750041,39.00,38.499959,39.00,92000,1.460072
1970-05-07,38.625,38.874959,38.25,38.750041,92000,1.450715
1970-05-06,38.375041,38.874959,38.375041,38.625,132800,1.446033
1970-05-05,38.25,38.25,37.749959,38.124959,196800,1.427313
1970-05-04,39.375,39.624959,37.749959,38.375041,135200,1.436675
1970-05-01,38.375041,39.624959,37.50,39.375,302400,1.474112
1970-04-30,39.500041,39.500041,38.000041,38.375041,264800,1.436675
1970-04-29,38.000041,39.999959,37.374959,39.875041,415200,1.492832
1970-04-28,38.750041,38.874959,38.000041,38.000041,196800,1.422636
1970-04-27,38.874959,39.125041,38.25,38.750041,228800,1.450715
1970-04-24,39.00,39.00,38.000041,38.874959,184800,1.455391
1970-04-23,39.125041,39.125041,38.25,39.00,226400,1.460072
1970-04-22,39.875041,39.999959,39.500041,39.500041,401600,1.478793
1970-04-21,40.250041,40.374959,39.875041,39.875041,190400,1.492832
1970-04-20,40.50,40.50,39.999959,40.250041,293600,1.506871
1970-04-17,42.500041,42.624959,41.000041,41.124959,656000,1.539626
1970-04-16,42.375,42.500041,42.125041,42.500041,82400,1.591106
1970-04-15,42.999959,42.999959,42.375,42.375,136800,1.586425
1970-04-14,43.125,43.125,42.500041,43.125,878400,1.614503
1970-04-13,43.125,43.374959,43.125,43.125,180000,1.614503
1970-04-10,43.125,43.125,42.375,43.125,420800,1.614503
1970-04-09,43.250041,43.374959,42.999959,43.250041,122400,1.619184
1970-04-08,43.749959,43.875,42.999959,43.250041,75200,1.619184
1970-04-07,43.875,43.875,43.50,43.749959,177600,1.6379
1970-04-06,44.25,44.375041,43.875,44.124959,100800,1.651939
1970-04-03,43.875,44.375041,43.875,44.25,163200,1.656621
1970-04-02,43.625041,44.25,43.50,43.875,204000,1.642581
1970-04-01,43.875,44.000041,43.625041,43.625041,340800,1.633224
1970-03-31,44.000041,44.000041,43.781279,43.875,393600,1.642581
1970-03-30,44.25,44.25,43.625041,44.000041,160800,1.647263
1970-03-26,44.000041,44.499959,43.875,44.25,372800,1.656621
1970-03-25,42.500041,44.750041,42.249959,44.000041,996000,1.647263
1970-03-24,42.500041,43.875,42.249959,42.500041,430400,1.591106
1970-03-23,42.00,42.875041,42.00,42.500041,260000,1.591106
1970-03-20,42.500041,42.624959,41.625,41.874959,118400,1.567704
1970-03-19,42.125041,42.75,42.00,42.500041,140000,1.591106
1970-03-18,41.499959,42.999959,41.499959,42.125041,811200,1.577067
1970-03-17,40.250041,40.875,39.999959,40.875,824000,1.530268
1970-03-16,40.625041,40.625041,40.250041,40.250041,132800,1.506871
1970-03-13,40.374959,40.625041,40.374959,40.625041,372000,1.52091
1970-03-12,40.125,40.50,39.999959,40.250041,130400,1.506871
1970-03-11,40.250041,40.50,40.125,40.125,111200,1.50219
1970-03-10,40.625041,40.625041,40.125,40.250041,91200,1.506871
1970-03-09,40.749959,40.749959,40.250041,40.625041,130400,1.52091
1970-03-06,41.124959,41.499959,41.000041,41.124959,255200,1.539626
1970-03-05,40.749959,41.375041,40.749959,41.124959,216800,1.539626
1970-03-04,40.250041,41.25,40.250041,40.749959,264800,1.525587
1970-03-03,40.374959,41.124959,39.999959,39.999959,459200,1.497509
1970-03-02,39.875041,41.625,39.875041,40.374959,298400,1.511548
1970-02-27,39.75,40.250041,39.624959,39.75,99200,1.488151
1970-02-26,40.125,40.125,39.500041,39.75,88800,1.488151
1970-02-25,39.999959,40.50,39.75,40.250041,226400,1.506871
1970-02-24,39.249959,40.250041,39.125041,39.999959,168800,1.497509
1970-02-20,39.125041,40.250041,38.375041,39.249959,291200,1.46943
1970-02-19,37.749959,39.249959,37.749959,39.125041,788000,1.464754
1970-02-18,37.250041,37.875,36.999959,37.625041,1313600,1.408597
1970-02-17,37.374959,37.50,37.125,37.250041,166400,1.394558
1970-02-16,37.250041,37.749959,37.250041,37.374959,156800,1.399235
1970-02-13,37.250041,37.625041,37.125,37.250041,562400,1.394558
1970-02-12,37.749959,37.875,37.250041,37.250041,180800,1.394558
1970-02-11,37.374959,38.625,37.125,37.749959,242400,1.413274
1970-02-10,36.999959,37.625041,36.875041,37.374959,237600,1.399235
1970-02-09,36.375,37.625041,36.249959,36.999959,87200,1.385195
1970-02-06,36.500041,36.999959,36.00,36.375,196800,1.361798
1970-02-05,36.624959,36.624959,36.00,36.500041,276800,1.36648
1970-02-04,37.250041,37.374959,36.500041,36.75,346400,1.375837
1970-02-03,36.500041,37.875,36.500041,37.250041,806400,1.394558
1970-02-02,36.500041,37.875,36.500041,36.500041,172800,1.36648
1970-01-30,36.500041,37.125,36.00,36.375,547200,1.361798
1970-01-29,36.624959,37.125,36.249959,36.500041,240800,1.36648
1970-01-28,36.249959,36.999959,36.125041,36.624959,276000,1.371156
1970-01-27,36.75,36.75,36.125041,36.249959,204000,1.357117
1970-01-26,38.000041,38.000041,36.500041,36.875041,197600,1.380519
1970-01-23,38.124959,39.125041,38.000041,38.000041,247200,1.422636
1970-01-22,38.25,38.750041,38.000041,38.124959,216000,1.427313
1970-01-21,38.499959,38.750041,37.749959,38.25,292800,1.431994
1970-01-20,38.499959,39.00,38.124959,38.499959,279200,1.441352
1970-01-19,38.499959,38.874959,38.124959,38.499959,178400,1.441352
1970-01-16,39.00,39.375,38.499959,38.499959,216800,1.441352
1970-01-15,39.125041,39.125041,38.625,39.00,201600,1.460072
1970-01-14,38.750041,39.125041,38.124959,39.125041,256800,1.464754
1970-01-13,38.375041,38.874959,38.375041,38.750041,297600,1.450715
1970-01-12,38.499959,38.874959,37.749959,38.25,413600,1.431994
1970-01-09,39.249959,39.249959,38.499959,38.499959,345600,1.441352
1970-01-08,39.125041,39.999959,39.00,39.249959,324800,1.46943
1970-01-07,39.999959,39.999959,38.874959,39.125041,201600,1.464754
1970-01-06,41.375041,41.375041,40.125,40.374959,105600,1.511548
1970-01-05,41.499959,41.874959,41.25,41.375041,103200,1.548989
1970-01-02,42.500041,42.500041,41.375041,41.499959,276000,1.553665
1969-12-31,42.00,42.875041,42.00,42.500041,269600,1.591106
1969-12-30,41.625,41.625,41.124959,41.625,204800,1.558347
1969-12-29,42.00,42.375,41.499959,42.00,170400,1.572386
1969-12-26,41.25,42.375,41.124959,42.00,129600,1.572386
1969-12-24,40.374959,42.624959,40.250041,41.25,211200,1.544307
1969-12-23,39.125041,40.50,38.750041,40.374959,208800,1.511548
1969-12-22,40.749959,40.749959,39.125041,39.125041,485600,1.464754
1969-12-19,39.624959,40.749959,39.500041,40.749959,316800,1.525587
1969-12-18,38.750041,39.75,37.875,39.624959,1061600,1.483469
1969-12-17,38.499959,38.750041,38.499959,38.750041,180800,1.450715
1969-12-16,39.500041,39.875041,38.625,38.625,192000,1.446033
1969-12-15,41.000041,41.000041,39.500041,39.500041,296000,1.478793
1969-12-12,40.749959,42.00,40.50,41.375041,232800,1.548989
1969-12-11,40.374959,41.000041,39.999959,40.749959,113600,1.525587
1969-12-10,39.999959,40.374959,39.500041,40.374959,425600,1.511548
1969-12-09,40.374959,40.875,39.75,39.999959,448800,1.497509
1969-12-08,41.124959,41.124959,40.250041,40.374959,228800,1.511548
1969-12-05,41.000041,41.625,41.000041,41.375041,242400,1.548989
1969-12-04,40.749959,40.875,40.50,40.625041,202400,1.52091
1969-12-03,40.250041,40.875,40.250041,40.749959,494400,1.525587
1969-12-02,41.25,41.499959,40.125,40.125,158400,1.50219
1969-12-01,41.375041,41.750041,41.25,41.25,244800,1.544307
1969-11-28,41.000041,41.750041,41.000041,41.375041,300000,1.548989
1969-11-26,40.250041,40.625041,39.999959,40.625041,468800,1.52091
1969-11-25,39.875041,40.50,39.75,40.250041,343200,1.506871
1969-11-24,40.374959,40.374959,39.624959,39.875041,322400,1.492832
1969-11-21,41.874959,41.874959,40.50,40.50,704000,1.516229
1969-11-20,42.125041,42.125041,41.750041,41.874959,151200,1.567704
1969-11-19,42.75,42.999959,42.375,42.75,128000,1.600464
1969-11-18,43.250041,43.50,42.375,42.75,244800,1.600464
1969-11-17,44.000041,44.25,43.250041,43.250041,806400,1.619184
1969-11-14,44.750041,44.750041,43.50,44.000041,424800,1.647263
1969-11-13,45.249959,45.624959,44.750041,44.750041,276800,1.675341
1969-11-12,45.375,45.500041,45.00,45.249959,232800,1.694057
1969-11-11,45.375,45.75,45.125041,45.375,156000,1.698738
1969-11-10,45.249959,45.875041,45.125041,45.375,415200,1.698738
1969-11-07,45.00,45.500041,45.00,45.249959,259200,1.694057
1969-11-06,44.874959,45.75,44.874959,44.874959,233600,1.680018
1969-11-05,44.375041,45.375,44.375041,44.375041,274400,1.661302
1969-11-04,44.499959,44.874959,44.124959,44.375041,218400,1.661302
1969-11-03,44.000041,44.625,43.625041,44.499959,225600,1.665979
1969-10-31,43.50,44.375041,43.50,44.000041,243200,1.647263
1969-10-30,44.625,44.750041,43.50,43.50,185600,1.628542
1969-10-29,42.875041,44.874959,42.875041,44.625,331200,1.67066
1969-10-28,43.125,43.125,42.75,42.875041,259200,1.605145
1969-10-27,43.374959,43.374959,42.624959,43.250041,492000,1.619184
1969-10-24,43.374959,43.749959,42.875041,43.50,300800,1.628542
1969-10-23,43.374959,43.374959,42.624959,43.374959,128000,1.623861
1969-10-22,42.999959,44.375041,42.999959,43.50,288000,1.628542
1969-10-21,44.25,44.25,42.500041,42.75,636000,1.600464
1969-10-20,44.750041,45.500041,44.499959,45.249959,228800,1.694057
1969-10-17,44.750041,45.125041,44.499959,44.750041,559200,1.675341
1969-10-16,44.874959,45.375,44.375041,44.750041,549600,1.675341
1969-10-15,45.249959,45.249959,44.000041,44.874959,430400,1.680018
1969-10-14,45.375,45.500041,44.750041,45.249959,288800,1.694057
1969-10-13,45.00,45.375,44.25,45.375,56000,1.687507
1969-10-10,44.874959,45.00,44.750041,45.00,214400,1.67356
1969-10-09,44.000041,44.874959,44.000041,44.874959,424800,1.66891
1969-10-08,43.250041,43.749959,43.125,43.749959,329600,1.627071
1969-10-07,43.250041,43.875,43.250041,43.250041,153600,1.608479
1969-10-06,43.374959,43.875,43.250041,43.250041,168800,1.608479
1969-10-03,43.250041,43.625041,43.250041,43.374959,149600,1.613125
1969-10-02,44.124959,44.124959,43.250041,43.250041,245600,1.608479
1969-10-01,44.375041,45.125041,44.375041,44.499959,117600,1.654964
1969-09-30,44.499959,44.750041,44.124959,44.375041,137600,1.650318
1969-09-29,44.750041,44.750041,44.000041,44.499959,69600,1.654964
1969-09-26,45.375,45.375,44.625,44.750041,804000,1.664264
1969-09-25,45.500041,45.75,45.00,45.375,207200,1.687507
1969-09-24,45.75,45.75,44.499959,45.500041,178400,1.692157
1969-09-23,45.999959,47.000041,45.999959,45.999959,420800,1.710749
1969-09-22,45.999959,45.999959,45.375,45.875041,336000,1.706103
1969-09-19,45.249959,46.50,45.00,46.50,700800,1.729346
1969-09-18,45.125041,45.500041,45.00,45.249959,492800,1.682856
1969-09-17,44.625,45.500041,44.625,45.125041,442400,1.678211
1969-09-16,42.624959,44.375041,42.624959,44.375041,147200,1.650318
1969-09-15,42.375,43.374959,42.375,42.624959,290400,1.585232
1969-09-12,42.500041,43.125,42.249959,42.375,336800,1.575936
1969-09-11,42.75,42.875041,42.249959,42.500041,276800,1.580586
1969-09-10,42.249959,43.125,42.00,42.75,2030400,1.589882
1969-09-09,42.249959,42.75,41.625,42.249959,422400,1.571286
1969-09-08,42.875041,42.999959,41.375041,42.249959,264800,1.571286
1969-09-05,44.000041,44.000041,42.500041,42.875041,717600,1.594533
1969-09-04,45.00,45.00,44.000041,44.25,751200,1.645668
1969-09-03,45.999959,45.999959,44.874959,45.125041,339200,1.678211
1969-09-02,46.374959,46.875,46.374959,46.749959,1066400,1.738642
1969-08-29,47.124959,47.25,45.999959,46.125,177600,1.715399
1969-08-28,47.375041,47.375041,46.749959,47.124959,280800,1.752588
1969-08-27,48.00,48.00,47.499959,47.750041,134400,1.775835
1969-08-26,48.875038,48.875038,47.874959,48.00,178400,1.785131
1969-08-25,48.875038,49.50,48.875038,48.999962,108000,1.82232
1969-08-22,48.875038,49.875,48.624962,48.875038,202400,1.817674
1969-08-21,49.125,49.50,48.875038,48.875038,132000,1.817674
1969-08-20,50.25,50.25,48.999962,49.125,140000,1.82697
1969-08-19,49.749962,51.624962,49.749962,50.625,141600,1.882755
1969-08-18,48.500038,50.000038,47.750041,49.625038,115200,1.845567
1969-08-15,47.000041,48.500038,47.000041,48.500038,218400,1.803728
1969-08-14,47.124959,47.874959,46.875,46.875,195200,1.743292
1969-08-13,46.625041,47.375041,46.250041,47.124959,183200,1.752588
1969-08-12,47.499959,47.499959,46.625041,46.625041,231200,1.733996
1969-08-11,48.125038,48.125038,47.25,47.750041,140000,1.775835
1969-08-08,47.625,48.500038,47.499959,48.500038,244800,1.803728
1969-08-07,47.625,48.00,46.875,47.625,180800,1.771185
1969-08-06,47.625,48.500038,47.625,47.625,281600,1.771185
1969-08-05,48.00,48.125038,47.625,47.625,158400,1.771185
1969-08-04,47.625,48.00,47.499959,48.00,144800,1.785131
1969-08-01,46.374959,47.750041,46.374959,47.625,542400,1.771185
1969-07-31,45.999959,46.250041,45.00,46.250041,441600,1.72005
1969-07-30,45.500041,46.125,45.125041,45.999959,134400,1.710749
1969-07-29,44.750041,45.875041,44.750041,45.500041,137600,1.692157
1969-07-28,45.500041,45.500041,44.499959,44.625,281600,1.659614
1969-07-25,45.875041,45.999959,45.500041,45.75,367200,1.701453
1969-07-24,45.875041,45.999959,45.624959,45.875041,171200,1.706103
1969-07-23,46.125,46.125,45.500041,45.875041,427200,1.706103
1969-07-22,46.749959,47.750041,45.125041,46.125,199200,1.715399
1969-07-18,47.750041,47.750041,46.749959,46.749959,212000,1.738642
1969-07-17,47.000041,47.750041,47.000041,47.750041,492000,1.775835
1969-07-16,46.625041,47.375041,46.50,47.000041,392000,1.747942
1969-07-15,47.000041,47.124959,45.875041,46.625041,209600,1.733996
1969-07-14,48.624962,48.624962,46.250041,47.000041,201600,1.747942
1969-07-11,49.50,49.50,48.500038,48.999962,3840000,1.82232
1969-07-10,49.374962,49.875,49.374962,49.50,89600,1.840916
1969-07-09,49.374962,49.374962,48.875038,49.250038,147200,1.83162
1969-07-08,49.374962,50.25,48.375,49.50,116000,1.840916
1969-07-07,50.750038,50.750038,48.75,49.374962,92000,1.825109
1969-07-03,50.499962,51.125038,50.499962,51.125038,264800,1.889799
1969-07-02,50.750038,51.00,49.625038,50.000038,161600,1.848215
1969-07-01,50.499962,51.00,50.499962,50.750038,89600,1.875938
1969-06-30,51.00,51.75,50.375038,50.499962,254400,1.866694
1969-06-27,50.499962,51.249962,50.499962,51.00,257600,1.885178
1969-06-26,50.124962,51.00,50.124962,50.499962,259200,1.866694
1969-06-25,50.124962,51.249962,50.124962,50.124962,204800,1.852832
1969-06-24,50.124962,50.750038,50.124962,50.124962,140000,1.852832
1969-06-23,50.25,50.25,48.999962,49.250038,220800,1.820491
1969-06-20,50.375038,51.375,50.375038,50.499962,173600,1.866694
1969-06-19,50.000038,50.375038,49.749962,50.375038,108800,1.862076
1969-06-18,50.000038,50.375038,50.000038,50.000038,142400,1.848215
1969-06-17,51.00,51.375,48.999962,50.000038,2491200,1.848215
1969-06-16,51.500038,51.75,50.750038,51.00,101600,1.885178
1969-06-13,50.375038,51.500038,50.375038,51.500038,228800,1.903661
1969-06-12,51.75,51.75,50.000038,50.25,713600,1.857454
1969-06-11,52.625038,53.499962,51.624962,52.50,343200,1.940624
1969-06-10,53.25,53.25,52.50,52.625038,232800,1.945246
1969-06-09,53.25,54.249962,53.000038,53.375038,208800,1.972969
1969-06-06,54.624962,54.624962,53.25,53.25,302400,1.968347
1969-06-05,54.00,54.75,54.00,54.75,268800,2.023794
1969-06-04,53.625,54.125038,53.375038,53.750038,214400,1.986831
1969-06-03,53.625,54.00,52.50,53.625,281600,1.982209
1969-06-02,53.625,54.125038,53.499962,53.625,177600,1.982209
1969-05-29,53.375038,54.75,53.375038,53.625,218400,1.982209
1969-05-28,54.00,54.249962,53.000038,53.375038,303200,1.972969
1969-05-27,54.125038,54.875038,54.00,54.00,564000,1.99607
1969-05-26,54.125038,54.500038,54.125038,54.125038,69600,2.000692
1969-05-23,53.625,54.500038,53.625,54.125038,333600,2.000692
1969-05-22,53.124962,54.00,53.124962,53.625,199200,1.982209
1969-05-21,53.124962,53.874962,53.124962,53.124962,324000,1.963725
1969-05-20,53.874962,53.874962,52.749962,52.749962,439200,1.949864
1969-05-19,53.874962,54.249962,53.874962,54.249962,111200,2.00531
1969-05-16,53.499962,54.375,53.499962,53.874962,297600,1.991448
1969-05-15,52.625038,54.375,52.374962,53.124962,183200,1.963725
1969-05-14,51.875038,52.875,51.875038,52.625038,488000,1.945246
1969-05-13,51.249962,51.875038,50.750038,51.624962,206400,1.908279
1969-05-12,51.999962,52.250038,51.249962,51.249962,152000,1.894417
1969-05-09,52.250038,52.749962,51.999962,51.999962,134400,1.92214
1969-05-08,53.000038,53.375038,51.125038,52.250038,297600,1.931384
1969-05-07,54.75,54.875038,52.625038,53.000038,701600,1.959107
1969-05-06,54.249962,54.875038,54.249962,54.75,228800,2.023794
1969-05-05,53.874962,54.875038,53.625,54.00,331200,1.99607
1969-05-02,53.625,54.375,52.50,53.874962,250400,1.991448
1969-05-01,52.250038,54.00,52.250038,53.625,386400,1.982209
1969-04-30,51.624962,52.749962,51.624962,52.125,948000,1.926762
1969-04-29,49.749962,50.000038,49.250038,49.875,524000,1.843593
1969-04-28,48.624962,49.875,48.500038,49.749962,204000,1.838971
1969-04-25,49.125,49.125,48.375,48.624962,206400,1.797386
1969-04-24,48.875038,49.250038,48.500038,49.250038,183200,1.820491
1969-04-23,50.000038,50.000038,48.624962,48.875038,160800,1.80663
1969-04-22,50.000038,50.000038,48.249962,50.000038,459200,1.848215
1969-04-21,51.00,51.00,49.749962,50.000038,164000,1.848215
1969-04-18,51.00,52.250038,51.00,51.00,823200,1.885178
1969-04-17,51.249962,51.75,50.874962,51.00,146400,1.885178
1969-04-16,51.875038,51.875038,50.750038,51.249962,122400,1.894417
1969-04-15,52.374962,52.50,51.249962,52.125,200000,1.926762
1969-04-14,51.75,52.875,51.75,52.374962,464000,1.936002
1969-04-11,51.249962,52.749962,51.249962,51.375,452000,1.899039
1969-04-10,50.124962,51.500038,50.124962,51.125038,321600,1.889799
1969-04-09,47.874959,50.000038,47.874959,49.625038,516000,1.834353
1969-04-08,48.500038,48.500038,47.874959,47.874959,307200,1.769663
1969-04-07,48.624962,48.75,47.625,48.75,296000,1.790919
1969-04-03,49.250038,49.250038,48.375,48.624962,125600,1.786325
1969-04-02,49.50,49.50,48.875038,49.250038,272000,1.809288
1969-04-01,49.749962,49.875,48.875038,49.50,216800,1.818471
1969-03-28,49.250038,49.749962,49.250038,49.749962,847200,1.827654
1969-03-27,49.50,49.749962,48.999962,48.999962,420000,1.800101
1969-03-26,50.000038,50.000038,49.250038,49.50,415200,1.818471
1969-03-25,49.50,50.25,48.125038,50.000038,384800,1.836841
1969-03-24,48.500038,49.875,48.00,49.50,340800,1.818471
1969-03-21,49.125,49.125,47.124959,48.500038,245600,1.781736
1969-03-20,49.374962,49.625038,48.875038,49.125,1572800,1.804695
1969-03-19,49.125,49.749962,49.125,49.374962,368000,1.813878
1969-03-18,48.75,48.999962,48.75,48.999962,214400,1.800101
1969-03-17,47.375041,48.00,47.124959,47.750041,225600,1.754183
1969-03-14,46.625041,47.625,46.625041,47.375041,249600,1.740407
1969-03-13,46.374959,47.000041,46.374959,46.50,756000,1.708261
1969-03-12,46.625041,46.875,45.999959,45.999959,100800,1.689891
1969-03-11,46.50,46.875,46.250041,46.625041,94400,1.712855
1969-03-10,45.999959,46.50,45.500041,46.50,295200,1.708261
1969-03-07,45.624959,45.999959,45.500041,45.999959,146400,1.689891
1969-03-06,45.999959,45.999959,45.00,45.624959,96800,1.676115
1969-03-05,45.249959,46.374959,45.249959,46.374959,168000,1.703667
1969-03-04,45.125041,45.75,44.874959,45.125041,112800,1.657749
1969-03-03,45.125041,45.500041,45.00,45.125041,115200,1.657749
1969-02-28,44.874959,45.375,44.625,45.125041,137600,1.657749
1969-02-27,44.499959,44.874959,44.25,44.874959,132000,1.648562
1969-02-26,43.625041,44.750041,43.625041,44.499959,221600,1.634786
1969-02-25,45.375,45.375,43.625041,43.625041,237600,1.602644
1969-02-24,45.375,45.875041,45.00,45.500041,233600,1.671526
1969-02-20,45.375,45.624959,45.125041,45.375,262400,1.666932
1969-02-19,46.125,46.250041,45.375,45.375,211200,1.666932
1969-02-18,46.374959,46.374959,45.75,46.125,199200,1.694485
1969-02-17,45.875041,46.875,45.624959,46.625041,326400,1.712855
1969-02-14,46.125,46.625041,45.875041,45.875041,129600,1.685302
1969-02-13,46.125,46.50,45.500041,46.125,156800,1.694485
1969-02-12,46.250041,46.374959,45.999959,46.125,65600,1.694485
1969-02-11,46.374959,46.50,45.999959,46.250041,124800,1.699078
1969-02-07,46.374959,46.749959,46.125,46.374959,180800,1.703667
1969-02-06,45.875041,46.625041,45.75,46.374959,250400,1.703667
1969-02-05,45.500041,46.374959,45.500041,45.875041,88800,1.685302
1969-02-04,45.999959,45.999959,45.00,45.500041,303200,1.671526
1969-02-03,46.875,46.875,45.500041,46.625041,317600,1.712855
1969-01-31,47.625,48.00,46.625041,47.000041,466400,1.726631
1969-01-30,46.374959,47.874959,46.374959,47.625,370400,1.74959
1969-01-29,44.625,47.000041,44.499959,45.999959,396000,1.689891
1969-01-28,44.375041,44.874959,44.25,44.625,161600,1.639379
1969-01-27,44.000041,44.375041,44.000041,44.375041,147200,1.630197
1969-01-24,44.25,44.375041,43.749959,44.000041,506400,1.61642
1969-01-23,44.000041,44.625,44.000041,44.25,86400,1.625603
1969-01-22,44.000041,44.499959,43.374959,43.50,135200,1.598051
1969-01-21,44.625,44.625,43.875,44.000041,398400,1.61642
1969-01-20,43.749959,44.625,42.75,44.625,188000,1.639379
1969-01-17,44.25,44.25,43.125,43.749959,278400,1.607233
1969-01-16,44.750041,44.874959,43.749959,44.25,478400,1.625603
1969-01-15,44.499959,45.00,44.25,44.750041,266400,1.643973
1969-01-14,44.499959,44.874959,43.50,44.499959,243200,1.634786
1969-01-13,45.125041,45.125041,44.499959,44.499959,336000,1.634786
1969-01-10,45.00,45.375,44.625,45.125041,304800,1.657749
1969-01-09,45.125041,45.375,44.874959,45.00,300800,1.653156
1969-01-08,45.00,45.624959,44.874959,45.125041,412800,1.646728
1969-01-07,45.249959,46.374959,44.874959,45.00,216800,1.642165
1969-01-06,45.00,46.875,45.00,45.249959,329600,1.651287
1969-01-03,44.750041,45.249959,44.750041,45.00,201600,1.642165
1969-01-02,43.875,44.625,43.875,44.375041,135200,1.619359
1968-12-31,43.875,43.875,43.374959,43.625041,216000,1.591989
1968-12-30,44.000041,44.375041,43.625041,43.875,122400,1.601111
1968-12-27,44.750041,44.750041,42.999959,44.000041,240000,1.605674
1968-12-26,44.750041,44.750041,44.000041,44.750041,76800,1.633044
1968-12-24,44.000041,45.125041,44.000041,45.00,194400,1.642165
1968-12-23,45.999959,45.999959,44.000041,44.000041,237600,1.605674
1968-12-20,45.999959,46.749959,45.500041,45.999959,363200,1.678656
1968-12-19,46.374959,46.374959,45.624959,45.999959,708000,1.678656
1968-12-17,47.000041,47.499959,47.000041,47.000041,161600,1.715152
1968-12-16,46.50,47.000041,45.999959,47.000041,396000,1.715152
1968-12-13,48.00,48.125038,45.75,46.50,1395200,1.696904
1968-12-12,47.499959,48.249962,47.499959,48.00,492000,1.751643
1968-12-10,46.250041,47.750041,46.250041,47.25,159200,1.724273
1968-12-09,46.374959,46.50,45.375,46.250041,214400,1.687782
1968-12-06,46.50,46.50,46.125,46.374959,140000,1.692341
1968-12-05,47.25,47.25,45.999959,47.000041,341600,1.715152
1968-12-03,47.874959,47.874959,47.000041,47.25,297600,1.724273
1968-12-02,47.874959,47.874959,47.000041,47.874959,228000,1.74708
1968-11-29,47.874959,47.874959,47.499959,47.874959,172800,1.74708
1968-11-27,47.124959,47.874959,47.124959,47.874959,569600,1.74708
1968-11-26,46.875,47.750041,46.875,47.124959,396800,1.71971
1968-11-25,46.125,47.874959,46.125,46.749959,326400,1.706026
1968-11-22,45.500041,46.625041,45.500041,46.125,264800,1.683219
1968-11-21,45.375,47.25,45.375,45.375,226400,1.65585
1968-11-19,45.75,46.250041,45.375,45.375,220800,1.65585
1968-11-18,46.749959,46.749959,45.75,45.75,535200,1.669535
1968-11-15,46.625041,47.000041,46.374959,46.749959,283200,1.706026
1968-11-14,47.25,47.25,46.50,46.625041,211200,1.701467
1968-11-13,46.625041,47.375041,46.374959,47.375041,328800,1.728836
1968-11-12,47.874959,47.874959,46.250041,46.625041,171200,1.701467
1968-11-08,47.375041,48.249962,47.375041,47.874959,200000,1.74708
1968-11-07,47.625,47.750041,46.875,47.124959,72800,1.71971
1968-11-06,48.00,48.375,47.499959,47.625,148800,1.737958
1968-11-04,48.125038,48.125038,47.375041,48.00,147200,1.751643
1968-11-01,48.00,48.249962,47.499959,48.249962,396000,1.760765
1968-10-31,47.874959,48.249962,47.625,48.00,494400,1.751643
1968-10-29,47.499959,47.874959,47.499959,47.874959,348800,1.74708
1968-10-28,48.00,48.500038,47.375041,47.499959,216800,1.733395
1968-10-25,47.499959,48.00,47.25,48.00,220800,1.751643
1968-10-24,47.000041,47.874959,47.000041,47.499959,295200,1.733395
1968-10-22,46.749959,48.125038,46.749959,47.000041,425600,1.715152
1968-10-21,44.750041,46.50,44.750041,46.50,900000,1.696904
1968-10-18,44.499959,45.00,44.25,44.750041,521600,1.633044
1968-10-17,44.375041,45.624959,44.375041,44.499959,668000,1.623917
1968-10-15,43.749959,44.124959,43.50,44.124959,163200,1.610233
1968-10-14,43.749959,44.000041,43.50,43.749959,324000,1.596548
1968-10-11,43.125,43.749959,43.125,43.749959,178400,1.596548
1968-10-10,43.625041,43.625041,42.75,42.999959,370400,1.569179
1968-10-08,45.125041,45.125041,44.124959,44.375041,262400,1.619359
1968-10-07,45.500041,45.875041,45.375,45.624959,207200,1.654024
1968-10-04,45.875041,46.125,45.125041,45.500041,175200,1.649495
1968-10-03,45.500041,46.125,45.500041,45.875041,967200,1.66309
1968-10-01,45.875041,45.999959,45.00,45.375,178400,1.644962
1968-09-30,45.00,45.875041,44.625,45.875041,159200,1.66309
1968-09-27,44.874959,45.00,44.25,45.00,278400,1.631367
1968-09-26,45.75,45.75,44.625,44.874959,427200,1.626834
1968-09-24,47.000041,47.124959,46.125,46.50,260000,1.685746
1968-09-23,46.374959,47.124959,46.125,47.000041,400800,1.703874
1968-09-20,43.625041,46.374959,43.625041,46.374959,1191200,1.681213
1968-09-19,43.875,43.875,42.500041,43.125,307200,1.563394
1968-09-17,43.625041,44.000041,43.625041,43.875,209600,1.590583
1968-09-16,41.750041,43.250041,41.499959,42.999959,314400,1.558861
1968-09-13,42.249959,42.624959,41.750041,41.750041,424800,1.513548
1968-09-12,42.875041,42.875041,42.00,42.249959,422400,1.531671
1968-09-10,43.625041,44.000041,42.75,43.374959,280800,1.572455
1968-09-09,43.749959,44.25,43.125,43.625041,327200,1.581522
1968-09-06,43.749959,44.000041,43.250041,43.749959,118400,1.58605
1968-09-05,43.749959,43.875,43.250041,43.749959,149600,1.58605
1968-09-04,43.125,44.000041,42.875041,43.749959,905600,1.58605
1968-09-03,42.500041,43.125,42.249959,43.125,376800,1.563394
1968-08-30,42.00,42.75,42.00,42.500041,195200,1.540737
1968-08-29,43.125,43.125,41.499959,42.00,495200,1.52261
1968-08-27,45.00,45.00,42.75,43.749959,675200,1.58605
1968-08-26,44.499959,45.875041,44.499959,45.249959,809600,1.640429
1968-08-23,43.50,45.00,43.374959,44.375041,328800,1.608711
1968-08-22,43.50,43.625041,42.00,43.50,254400,1.576988
1968-08-20,41.625,44.25,41.124959,43.50,384000,1.576988
1968-08-19,40.875,42.00,40.50,41.625,256800,1.509015
1968-08-16,40.625041,41.25,40.125,40.875,120800,1.481825
1968-08-15,40.749959,40.749959,39.624959,40.625041,303200,1.472764
1968-08-13,40.250041,41.375041,40.125,40.749959,572000,1.477292
1968-08-12,39.999959,40.625041,39.999959,40.250041,340800,1.459169
1968-08-09,39.500041,40.50,39.375,39.875041,149600,1.445574
1968-08-08,37.125,39.500041,37.125,39.500041,389600,1.431979
1968-08-06,36.999959,38.000041,36.999959,36.999959,257600,1.341345
1968-08-05,36.999959,37.875,36.75,36.999959,309600,1.341345
1968-08-02,36.999959,37.50,36.375,36.999959,387200,1.341345
1968-08-01,37.250041,37.875,36.999959,36.999959,439200,1.341345
1968-07-30,37.125,37.875,37.125,37.250041,388800,1.350411
1968-07-29,37.125,37.875,36.875041,37.125,214400,1.345878
1968-07-26,36.75,37.749959,36.125041,37.125,427200,1.345878
1968-07-25,37.50,37.50,36.75,36.75,398400,1.332283
1968-07-23,37.749959,37.749959,36.999959,37.625041,312000,1.364006
1968-07-22,38.25,38.25,37.374959,37.875,305600,1.373068
1968-07-19,39.249959,39.249959,38.124959,38.375041,235200,1.391195
1968-07-18,39.875041,39.875041,39.375,39.375,316800,1.427446
1968-07-16,39.75,40.749959,39.75,39.999959,530400,1.450103
1968-07-15,40.749959,42.00,39.500041,39.75,360000,1.441041
1968-07-12,39.75,41.25,39.75,40.749959,290400,1.477292
1968-07-11,38.625,39.999959,38.625,39.375,1013600,1.427446
1968-07-09,37.625041,38.874959,37.125,38.499959,585600,1.395724
1968-07-08,37.50,38.750041,37.50,37.625041,300000,1.35313
1968-07-03,38.000041,38.000041,37.250041,37.374959,296000,1.344136
1968-07-02,38.499959,38.499959,38.000041,38.375041,348000,1.380103
1968-07-01,38.25,38.750041,38.124959,38.499959,176000,1.384595
1968-06-28,38.000041,38.874959,38.000041,38.25,396000,1.375606
1968-06-27,38.625,38.625,37.125,38.000041,699200,1.366616
1968-06-25,39.375,39.375,38.750041,39.00,303200,1.402579
1968-06-24,40.125,40.125,39.00,39.624959,348800,1.425054
1968-06-21,39.875041,40.374959,39.500041,40.125,488000,1.443038
1968-06-20,40.875,40.875,39.875041,39.875041,350400,1.434048
1968-06-18,41.375041,41.499959,40.250041,41.25,291200,1.483497
1968-06-17,41.874959,41.874959,41.124959,41.375041,171200,1.487993
1968-06-14,42.00,42.00,41.124959,42.00,321600,1.510469
1968-06-13,41.000041,42.75,41.000041,42.00,422400,1.510469
1968-06-11,39.999959,41.499959,39.500041,40.875,254400,1.47001
1968-06-10,39.875041,40.125,39.500041,39.999959,269600,1.438541
1968-06-07,40.250041,40.250041,39.500041,39.875041,255200,1.434048
1968-06-06,40.250041,40.749959,39.75,40.250041,231200,1.447534
1968-06-05,40.625041,40.875,39.999959,40.250041,128000,1.447534
1968-06-04,40.749959,40.749959,40.125,40.625041,483200,1.461021
1968-06-03,40.250041,40.749959,39.999959,40.749959,225600,1.465513
1968-05-31,40.125,40.374959,39.999959,40.250041,98400,1.447534
1968-05-29,40.50,40.749959,39.999959,40.125,168000,1.443038
1968-05-28,39.875041,40.749959,39.249959,40.50,173600,1.456524
1968-05-27,40.625041,40.625041,39.75,39.875041,84800,1.434048
1968-05-24,40.50,40.875,40.250041,40.749959,264000,1.465513
1968-05-23,40.125,40.50,39.624959,40.50,208800,1.456524
1968-05-22,39.999959,40.50,39.624959,40.125,212000,1.443038
1968-05-21,40.125,40.50,39.624959,39.999959,159200,1.438541
1968-05-20,39.999959,40.625041,39.500041,40.125,235200,1.443038
1968-05-17,40.875,40.875,39.875041,39.999959,235200,1.438541
1968-05-16,41.375041,41.874959,40.50,41.000041,197600,1.474507
1968-05-15,41.124959,41.625,41.000041,41.375041,254400,1.487993
1968-05-14,40.50,41.499959,40.125,41.124959,272000,1.479
1968-05-13,41.124959,41.375041,40.125,40.50,164000,1.456524
1968-05-10,41.625,41.750041,41.000041,41.124959,112800,1.479
1968-05-09,40.875,42.00,40.625041,41.625,171200,1.496983
1968-05-08,40.125,41.000041,39.999959,40.875,300000,1.47001
1968-05-07,40.250041,41.000041,39.875041,40.125,199200,1.443038
1968-05-06,41.000041,41.000041,39.75,40.250041,158400,1.447534
1968-05-03,41.000041,41.750041,40.625041,41.000041,124800,1.474507
1968-05-02,41.499959,41.874959,40.625041,41.000041,156800,1.474507
1968-05-01,42.375,42.375,41.375041,41.499959,343200,1.492486
1968-04-30,41.750041,42.875041,41.750041,42.500041,176000,1.528452
1968-04-29,42.00,42.500041,40.50,41.124959,192000,1.479
1968-04-26,42.249959,42.375,41.375041,42.00,221600,1.510469
1968-04-25,42.00,42.375,42.00,42.249959,192000,1.519459
1968-04-24,41.874959,42.00,41.000041,42.00,408800,1.510469
1968-04-23,42.00,42.875041,41.625,41.874959,351200,1.505972
1968-04-22,41.874959,42.00,41.750041,42.00,268800,1.510469
1968-04-19,42.249959,42.249959,41.625,41.874959,122400,1.505972
1968-04-18,42.75,42.75,42.249959,42.249959,216800,1.519459
1968-04-17,43.374959,43.50,42.75,42.875041,262400,1.541939
1968-04-16,41.874959,43.50,41.874959,43.374959,435200,1.559918
1968-04-15,41.124959,41.25,40.625041,40.749959,219200,1.465513
1968-04-11,40.50,41.124959,40.250041,41.124959,185600,1.479
1968-04-10,39.875041,41.499959,39.00,40.50,432000,1.456524
1968-04-08,39.75,40.374959,39.500041,39.875041,106400,1.434048
1968-04-05,39.999959,40.50,39.125041,39.75,130400,1.429551
1968-04-04,39.999959,40.749959,39.999959,39.999959,182400,1.438541
1968-04-03,39.249959,40.50,39.249959,39.999959,387200,1.438541
1968-04-02,38.000041,39.500041,37.875,39.125041,283200,1.407075
1968-04-01,37.625041,38.375041,37.625041,38.000041,375200,1.366616
1968-03-29,37.374959,37.875,36.875041,37.125,237600,1.335147
1968-03-28,37.374959,38.25,37.125,37.374959,124800,1.344136
1968-03-27,38.499959,38.499959,37.374959,37.374959,70400,1.344136
1968-03-26,37.250041,38.750041,37.125,38.625,340800,1.389092
1968-03-25,37.875,37.875,37.250041,37.250041,105600,1.339644
1968-03-22,38.124959,38.25,37.625041,38.000041,113600,1.366616
1968-03-21,38.25,38.25,37.749959,38.124959,149600,1.371109
1968-03-20,38.000041,38.375041,38.000041,38.25,77600,1.375606
1968-03-19,38.000041,38.25,37.625041,37.875,144000,1.36212
1968-03-18,38.375041,38.874959,37.749959,38.000041,207200,1.366616
1968-03-15,38.874959,38.874959,37.749959,38.375041,122400,1.380103
1968-03-14,39.875041,39.999959,38.625,39.125041,156000,1.407075
1968-03-13,39.624959,39.875041,39.125041,39.875041,129600,1.434048
1968-03-12,39.624959,40.250041,39.624959,39.624959,321600,1.425054
1968-03-11,39.00,39.75,38.375041,39.500041,130400,1.420562
1968-03-08,39.125041,39.125041,38.499959,39.00,152000,1.402579
1968-03-07,38.375041,39.624959,38.25,39.249959,128000,1.411568
1968-03-06,37.250041,38.499959,37.250041,38.375041,195200,1.380103
1968-03-05,36.875041,37.374959,36.624959,36.624959,112800,1.317164
1968-03-04,37.374959,37.374959,36.375,36.875041,140000,1.326157
1968-03-01,36.75,37.625041,36.375,37.625041,180000,1.35313
1968-02-29,38.000041,38.000041,36.500041,36.75,188000,1.321661
1968-02-28,38.375041,38.375041,37.875,38.000041,72000,1.366616
1968-02-27,38.499959,39.00,38.124959,38.625,112800,1.389092
1968-02-26,39.875041,39.875041,38.499959,38.499959,99200,1.384595
1968-02-23,39.00,40.749959,39.00,39.999959,352800,1.438541
1968-02-21,38.000041,38.25,37.875,38.000041,216800,1.366616
1968-02-20,38.499959,38.499959,38.000041,38.000041,202400,1.366616
1968-02-19,38.874959,39.375,38.124959,38.625,180800,1.389092
1968-02-16,38.499959,38.874959,38.000041,38.874959,142400,1.398082
1968-02-15,38.000041,38.625,37.875,38.499959,106400,1.384595
1968-02-14,36.500041,38.750041,36.375,38.000041,183200,1.366616
1968-02-13,37.749959,37.749959,36.500041,36.500041,163200,1.312671
1968-02-09,38.000041,39.125041,36.249959,38.25,543200,1.375606
1968-02-08,38.625,38.625,38.000041,38.000041,117600,1.366616
1968-02-07,39.125041,39.125041,38.625,38.874959,14800,1.398082
1968-02-06,39.125041,39.125041,38.25,39.00,194400,1.402579
1968-02-05,39.249959,39.875041,38.874959,39.249959,132800,1.411568
1968-02-02,38.874959,39.249959,38.25,39.249959,182400,1.411568
1968-02-01,38.874959,38.874959,38.375041,38.874959,266400,1.398082
1968-01-31,41.000041,41.000041,39.500041,39.624959,225600,1.425054
1968-01-30,41.750041,42.00,41.124959,41.625,202400,1.496983
1968-01-29,40.625041,41.874959,40.374959,41.750041,204000,1.50148
1968-01-26,40.625041,42.125041,40.625041,40.625041,127200,1.461021
1968-01-25,40.125,40.749959,39.125041,40.625041,327200,1.461021
1968-01-24,40.875,40.875,39.999959,40.125,288000,1.443038
1968-01-23,42.249959,42.249959,41.874959,41.874959,60000,1.505972
1968-01-22,43.625041,43.625041,42.125041,42.375,130400,1.523956
1968-01-19,44.000041,44.000041,42.500041,43.625041,384800,1.568911
1968-01-18,44.874959,44.874959,43.749959,44.000041,184800,1.582398
1968-01-17,44.124959,45.00,43.625041,44.874959,170400,1.613863
1968-01-16,44.874959,44.874959,43.374959,44.124959,204800,1.58689
1968-01-15,44.874959,45.00,44.375041,44.874959,123200,1.613863
1968-01-12,44.499959,45.375,44.499959,44.874959,220800,1.613863
1968-01-11,43.50,44.750041,43.50,44.000041,326400,1.582398
1968-01-10,42.875041,43.50,42.875041,43.250041,185600,1.555425
1968-01-09,42.500041,43.374959,42.00,42.624959,283200,1.522156
1968-01-08,42.375,44.000041,42.249959,42.500041,454400,1.517695
1968-01-05,41.750041,42.375,41.750041,42.375,98400,1.51323
1968-01-04,42.249959,42.624959,41.750041,41.750041,149600,1.490912
1968-01-03,42.00,42.75,42.00,42.249959,132000,1.508764
1968-01-02,42.999959,42.999959,41.375041,41.375041,93600,1.477521
1967-12-29,44.499959,44.499959,42.875041,43.374959,281600,1.548939
1967-12-28,42.75,44.750041,42.500041,44.750041,154400,1.598044
1967-12-27,42.00,43.374959,41.499959,42.75,120000,1.526621
1967-12-26,42.75,42.75,42.00,42.00,134400,1.499838
1967-12-22,43.625041,43.625041,42.999959,42.999959,180800,1.535547
1967-12-21,44.625,44.874959,44.000041,44.000041,142400,1.571261
1967-12-20,44.124959,44.874959,44.000041,44.625,127200,1.593578
1967-12-19,44.625,44.625,44.000041,44.124959,159200,1.575722
1967-12-18,44.375041,44.625,44.375041,44.625,92000,1.593578
1967-12-15,45.500041,45.75,44.124959,44.124959,101600,1.575722
1967-12-14,46.250041,46.250041,45.500041,45.500041,328800,1.624826
1967-12-13,44.750041,46.875,44.499959,46.250041,184800,1.651609
1967-12-12,44.000041,44.874959,43.749959,44.750041,141600,1.598044
1967-12-11,42.999959,44.000041,42.999959,44.000041,108000,1.571261
1967-12-08,42.75,43.125,42.249959,42.875041,96000,1.531086
1967-12-07,42.75,43.875,42.75,42.75,180000,1.526621
1967-12-06,41.124959,42.999959,41.124959,42.75,237600,1.526621
1967-12-05,41.25,41.375041,40.875,41.000041,285600,1.464129
1967-12-04,41.625,41.750041,41.000041,41.25,128000,1.473056
1967-12-01,42.00,42.00,41.375041,41.625,70400,1.486447
1967-11-30,41.874959,42.125041,41.625,42.00,76800,1.499838
1967-11-29,42.00,42.249959,41.625,41.874959,75200,1.495373
1967-11-28,42.00,42.00,41.625,42.00,60000,1.499838
1967-11-27,42.624959,42.875041,41.499959,42.00,135200,1.499838
1967-11-24,42.624959,42.999959,42.375,42.624959,135200,1.522156
1967-11-22,41.499959,43.50,41.499959,42.624959,184800,1.522156
1967-11-21,41.625,41.874959,41.000041,41.375041,113600,1.477521
1967-11-20,41.750041,42.00,41.000041,41.625,154400,1.486447
1967-11-17,41.750041,41.750041,41.25,41.750041,161600,1.490912
1967-11-16,42.249959,42.75,41.750041,42.00,344000,1.499838
1967-11-15,42.125041,42.75,41.124959,42.249959,130400,1.508764
1967-11-14,42.875041,42.875041,42.00,42.125041,52800,1.504304
1967-11-13,42.624959,42.999959,42.125041,42.875041,224000,1.531086
1967-11-10,44.000041,44.25,42.624959,42.624959,111200,1.522156
1967-11-09,42.125041,44.375041,42.125041,44.000041,122400,1.571261
1967-11-08,41.499959,42.999959,41.25,42.00,317600,1.499838
1967-11-06,42.249959,42.75,40.875,41.499959,139200,1.481982
1967-11-03,43.875,44.000041,42.00,42.249959,216800,1.508764
1967-11-02,43.749959,44.124959,43.625041,43.875,120000,1.566795
1967-11-01,44.750041,44.750041,43.749959,43.749959,264000,1.56233
1967-10-31,44.375041,45.125041,44.375041,44.874959,58400,1.602504
1967-10-30,44.375041,44.750041,43.50,44.375041,93600,1.584652
1967-10-27,45.624959,45.999959,44.124959,44.375041,89600,1.584652
1967-10-26,44.750041,45.999959,44.750041,45.624959,165600,1.629287
1967-10-25,43.875,44.874959,43.875,44.499959,224000,1.589113
1967-10-24,43.749959,44.625,43.625041,43.625041,125600,1.557869
1967-10-23,43.374959,43.875,43.125,43.749959,152000,1.56233
1967-10-20,42.500041,43.50,42.125041,43.374959,178400,1.548939
1967-10-19,42.875041,42.999959,42.125041,42.500041,192800,1.517695
1967-10-18,42.999959,43.125,42.500041,42.875041,161600,1.531086
1967-10-17,42.875041,43.625041,42.125041,42.999959,168000,1.535547
1967-10-16,43.50,43.625041,42.624959,42.875041,82400,1.531086
1967-10-13,43.749959,43.749959,42.999959,43.50,132000,1.553404
1967-10-12,43.625041,43.749959,43.250041,43.749959,118400,1.56233
1967-10-11,44.874959,44.874959,43.625041,43.625041,168000,1.557869
1967-10-10,45.75,46.125,44.625,45.00,104000,1.60697
1967-10-09,46.250041,46.875,45.375,45.75,99200,1.623039
1967-10-06,46.125,46.50,45.875041,46.250041,140000,1.640779
1967-10-05,46.125,46.125,45.375,46.125,93600,1.636343
1967-10-04,46.749959,46.875,46.374959,46.374959,51200,1.645211
1967-10-03,46.875,46.875,46.250041,46.749959,128000,1.658514
1967-10-02,47.499959,47.625,46.749959,47.124959,106400,1.671818
1967-09-29,47.25,47.750041,47.25,47.499959,94400,1.685121
1967-09-28,48.500038,48.624962,46.50,47.000041,46400,1.667386
1967-09-27,48.999962,48.999962,47.625,48.500038,132000,1.7206
1967-09-26,49.875,49.875,48.999962,48.999962,92000,1.738336
1967-09-25,49.50,50.000038,49.374962,49.875,159200,1.769379
1967-09-22,49.250038,49.749962,48.999962,49.50,151200,1.756075
1967-09-21,49.50,50.000038,48.999962,49.250038,717600,1.747208
1967-09-20,49.250038,49.50,48.999962,49.50,141600,1.756075
1967-09-19,49.250038,49.50,48.999962,49.250038,338400,1.747208
1967-09-18,47.375041,49.250038,47.000041,49.250038,288000,1.747208
1967-09-15,47.000041,47.625,47.000041,47.375041,125600,1.68069
1967-09-14,45.75,47.499959,45.75,47.000041,209600,1.667386
1967-09-13,48.00,48.00,45.500041,45.500041,75200,1.614172
1967-09-12,47.499959,48.125038,47.375041,48.125038,106400,1.707297
1967-09-11,47.375041,48.375,47.375041,47.499959,214400,1.685121
1967-09-08,45.375,47.25,45.125041,47.000041,124800,1.667386
1967-09-07,45.00,45.75,45.00,45.375,92000,1.609736
1967-09-06,45.249959,45.624959,45.00,45.00,236000,1.596432
1967-09-05,46.250041,46.250041,45.125041,45.249959,96000,1.6053
1967-09-01,46.625041,46.749959,45.75,46.250041,75200,1.640779
1967-08-31,46.374959,46.875,46.374959,46.625041,60800,1.654083
1967-08-30,45.249959,46.625041,45.249959,46.374959,36000,1.645211
1967-08-29,45.249959,45.624959,45.125041,45.249959,51200,1.6053
1967-08-28,44.375041,45.375,44.375041,45.249959,62400,1.6053
1967-08-25,45.125041,45.125041,44.25,44.25,113600,1.569825
1967-08-24,46.625041,47.000041,45.125041,45.500041,75200,1.614172
1967-08-23,47.000041,47.625,46.50,46.625041,91200,1.654083
1967-08-22,47.499959,47.874959,47.000041,47.000041,175200,1.667386
1967-08-21,48.624962,48.875038,47.499959,47.499959,286400,1.685121
1967-08-18,49.250038,49.250038,48.500038,48.624962,72000,1.725032
1967-08-17,48.624962,49.250038,48.249962,49.250038,92000,1.747208
1967-08-16,48.999962,48.999962,48.624962,48.624962,67200,1.725032
1967-08-15,49.125,49.625038,48.999962,49.125,108000,1.742772
1967-08-14,48.624962,49.125,48.624962,49.125,116000,1.742772
1967-08-11,48.624962,49.50,48.624962,48.624962,170400,1.725032
1967-08-10,48.75,48.999962,48.500038,48.500038,24000,1.7206
1967-08-09,48.999962,48.999962,48.500038,48.75,125600,1.729468
1967-08-08,49.250038,49.250038,48.249962,48.999962,132800,1.738336
1967-08-07,49.749962,50.000038,49.250038,50.000038,137600,1.773815
1967-08-04,48.875038,49.749962,48.875038,49.749962,224000,1.764943
1967-08-03,48.00,48.875038,47.874959,48.624962,151200,1.725032
1967-08-02,47.375041,48.75,47.124959,48.00,194400,1.702861
1967-08-01,47.375041,47.499959,47.25,47.375041,79200,1.68069
1967-07-31,47.750041,47.874959,47.375041,47.375041,117600,1.68069
1967-07-28,47.874959,48.00,47.750041,47.750041,113600,1.693993
1967-07-27,48.00,48.00,47.625,47.874959,120000,1.698425
1967-07-26,47.750041,48.249962,47.499959,48.00,94400,1.702861
1967-07-25,46.875,47.874959,46.749959,47.750041,94400,1.693993
1967-07-24,47.000041,47.625,46.625041,46.875,79200,1.66295
1967-07-21,46.625041,47.625,46.625041,47.000041,103200,1.667386
1967-07-20,45.75,46.125,45.75,45.875041,264000,1.627475
1967-07-19,45.999959,46.250041,45.624959,45.75,208800,1.623039
1967-07-18,45.875041,45.999959,45.75,45.999959,72800,1.631907
1967-07-17,45.875041,45.999959,45.500041,45.875041,96000,1.627475
1967-07-14,45.125041,46.250041,45.125041,45.875041,156800,1.627475
1967-07-13,45.999959,46.250041,44.874959,45.125041,103200,1.600868
1967-07-12,46.749959,46.749959,45.999959,45.999959,111200,1.631907
1967-07-11,46.50,47.000041,46.125,47.000041,76800,1.667386
1967-07-10,46.250041,48.00,45.999959,46.50,110400,1.639004
1967-07-07,45.249959,46.250041,44.874959,46.250041,84800,1.630193
1967-07-06,45.00,45.500041,44.750041,45.249959,200000,1.594943
1967-07-05,44.25,45.624959,44.124959,45.00,285600,1.586133
1967-07-03,44.499959,44.750041,44.124959,44.25,113600,1.559697
1967-06-30,44.874959,45.125041,44.25,44.499959,178400,1.568507
1967-06-29,44.000041,45.125041,44.000041,44.874959,151200,1.581725
1967-06-28,44.25,45.249959,44.000041,44.000041,216000,1.550887
1967-06-27,44.25,44.375041,44.000041,44.25,92000,1.559697
1967-06-26,44.375041,44.874959,44.000041,44.25,153600,1.559697
1967-06-23,44.124959,44.499959,44.000041,44.375041,152000,1.564104
1967-06-22,44.124959,44.25,43.875,44.124959,87200,1.55529
1967-06-21,43.374959,44.124959,42.999959,44.124959,112800,1.55529
1967-06-20,42.375,43.749959,42.249959,43.374959,152000,1.528854
1967-06-19,42.500041,42.875041,41.874959,42.375,211200,1.493608
1967-06-16,42.500041,43.50,42.500041,42.500041,124800,1.498016
1967-06-15,42.999959,42.999959,42.500041,42.500041,164000,1.498016
1967-06-14,43.250041,43.50,42.999959,43.125,360800,1.520044
1967-06-13,43.250041,43.250041,42.875041,43.250041,320000,1.524451
1967-06-12,42.75,43.749959,42.624959,43.374959,211200,1.528854
1967-06-09,43.374959,43.374959,42.624959,42.75,281600,1.506826
1967-06-08,44.124959,44.625,43.250041,43.50,156800,1.533261
1967-06-07,44.750041,45.249959,44.124959,44.124959,216800,1.55529
1967-06-06,45.00,45.00,44.124959,44.750041,117600,1.577322
1967-06-05,45.125041,45.125041,44.25,45.125041,135200,1.59054
1967-06-02,44.874959,45.75,44.625,45.125041,120000,1.59054
1967-06-01,45.249959,45.375,44.625,44.874959,350400,1.581725
1967-05-31,45.375,45.500041,44.874959,45.249959,165600,1.594943
1967-05-29,45.00,45.624959,45.00,45.375,144000,1.59935
1967-05-26,45.00,45.375,45.00,45.00,132000,1.586133
1967-05-25,44.750041,45.375,44.750041,45.00,124800,1.586133
1967-05-24,44.750041,45.125041,44.625,44.750041,245600,1.577322
1967-05-23,44.25,45.00,44.25,44.750041,141600,1.577322
1967-05-22,44.000041,44.499959,43.875,44.25,141600,1.559697
1967-05-19,44.25,44.25,43.625041,44.000041,499200,1.550887
1967-05-18,44.625,45.375,44.375041,44.375041,388800,1.564104
1967-05-17,46.250041,46.250041,44.625,44.625,240000,1.572915
1967-05-16,46.749959,46.749959,45.624959,46.374959,154400,1.634596
1967-05-15,48.00,48.125038,47.124959,47.124959,116000,1.661032
1967-05-12,47.499959,48.249962,47.25,48.00,187200,1.691875
1967-05-11,46.250041,47.874959,46.250041,47.499959,120000,1.67425
1967-05-10,45.999959,46.250041,45.125041,45.624959,98400,1.608161
1967-05-09,46.625041,47.000041,45.999959,45.999959,140000,1.621379
1967-05-08,47.499959,47.499959,46.50,46.625041,140000,1.643411
1967-05-05,49.625038,49.625038,46.875,47.625,372000,1.678657
1967-05-04,49.625038,50.000038,49.374962,49.625038,261600,1.749153
1967-05-03,48.624962,49.875,48.624962,49.625038,273600,1.749153
1967-05-02,48.624962,48.875038,48.500038,48.624962,120800,1.713903
1967-05-01,49.125,49.125,48.624962,48.624962,176000,1.713903
1967-04-28,48.875038,49.374962,48.500038,49.125,228800,1.731528
1967-04-27,48.500038,48.999962,48.125038,48.875038,194400,1.722718
1967-04-26,48.75,49.250038,48.375,48.500038,146400,1.7095
1967-04-25,48.875038,49.250038,48.75,48.75,381600,1.71831
1967-04-24,46.749959,48.999962,46.749959,48.875038,381600,1.722718
1967-04-21,45.75,46.50,45.500041,46.374959,308000,1.634596
1967-04-20,44.499959,45.75,44.499959,45.75,206400,1.612568
1967-04-19,44.874959,44.874959,44.375041,44.499959,427200,1.568507
1967-04-18,44.499959,45.375,44.499959,45.00,459200,1.586133
1967-04-17,44.000041,44.750041,44.000041,44.499959,208800,1.568507
1967-04-14,43.250041,43.875,42.999959,43.875,200000,1.546479
1967-04-13,42.875041,43.374959,42.500041,43.250041,296000,1.524451
1967-04-12,42.624959,42.999959,42.624959,42.875041,173600,1.511233
1967-04-11,42.249959,42.875041,41.750041,42.249959,158400,1.489201
1967-04-10,43.125,43.125,42.249959,42.249959,151200,1.478627
1967-04-07,44.124959,44.375041,43.125,43.374959,175200,1.517998
1967-04-06,43.749959,44.499959,43.625041,44.124959,125600,1.544246
1967-04-05,43.749959,44.124959,43.749959,43.749959,130400,1.531122
1967-04-04,43.50,43.875,43.125,43.625041,110400,1.52675
1967-04-03,43.50,43.50,42.125041,43.50,255200,1.522374
1967-03-31,44.25,44.25,43.749959,44.000041,199200,1.539874
1967-03-30,44.499959,44.625,44.25,44.375041,168000,1.552998
1967-03-29,44.750041,44.750041,44.25,44.499959,128000,1.55737
1967-03-28,43.875,44.874959,43.875,44.750041,132000,1.566122
1967-03-27,46.250041,46.250041,42.999959,43.749959,386400,1.531122
1967-03-23,46.875,47.499959,46.250041,46.50,221600,1.627366
1967-03-22,46.125,46.875,45.75,46.875,141600,1.64049
1967-03-21,45.75,47.000041,45.75,46.125,336000,1.614242
1967-03-20,44.750041,45.624959,44.750041,45.500041,172800,1.59237
1967-03-17,44.25,45.00,44.124959,44.750041,216000,1.566122
1967-03-16,43.50,45.375,43.50,44.25,440000,1.548622
1967-03-15,42.624959,43.50,42.624959,43.50,368000,1.522374
1967-03-14,41.625,42.875041,41.625,42.624959,228000,1.491751
1967-03-13,41.124959,42.00,41.124959,41.499959,135200,1.452379
1967-03-10,40.625041,43.625041,40.625041,40.625041,519200,1.421759
1967-03-09,40.250041,40.625041,40.125,40.250041,224000,1.408635
1967-03-08,39.75,40.50,39.75,40.250041,398400,1.408635
1967-03-07,38.750041,39.75,38.750041,39.500041,261600,1.382387
1967-03-06,38.375041,39.00,38.375041,38.750041,204800,1.35614
1967-03-03,37.749959,38.375041,37.749959,38.000041,334400,1.329892
1967-03-02,37.50,38.124959,37.50,37.625041,324000,1.316768
1967-03-01,36.624959,37.125,36.624959,37.125,600800,1.299268
1967-02-28,36.875041,36.875041,36.00,36.249959,232800,1.268644
1967-02-27,37.625041,37.875,36.75,36.999959,429600,1.294892
1967-02-24,38.124959,38.375041,37.625041,37.625041,288800,1.316768
1967-02-23,38.375041,38.874959,37.749959,38.124959,225600,1.334263
1967-02-21,38.750041,39.00,38.25,38.375041,212000,1.343016
1967-02-20,38.750041,38.750041,37.875,38.750041,223200,1.35614
1967-02-17,38.874959,39.00,38.625,38.750041,163200,1.35614
1967-02-16,39.00,39.125041,38.25,38.874959,115200,1.360511
1967-02-15,38.750041,39.249959,38.625,39.00,170400,1.364887
1967-02-14,38.750041,39.624959,38.750041,38.750041,216000,1.35614
1967-02-13,39.375,39.375,38.874959,39.00,137600,1.364887
1967-02-10,39.624959,39.624959,38.874959,39.624959,245600,1.386759
1967-02-09,39.500041,39.875041,39.249959,39.624959,163200,1.386759
1967-02-08,39.999959,39.999959,39.249959,39.500041,188000,1.382387
1967-02-07,39.875041,39.999959,39.624959,39.999959,118400,1.399883
1967-02-06,39.624959,39.875041,39.00,39.875041,412800,1.395511
1967-02-03,39.375,39.999959,39.375,39.624959,268800,1.386759
1967-02-02,39.00,39.500041,38.750041,39.125041,216000,1.369263
1967-02-01,39.500041,39.500041,38.499959,39.00,240000,1.364887
1967-01-31,39.624959,40.250041,39.624959,39.999959,350400,1.399883
1967-01-30,38.874959,39.875041,38.874959,39.375,240800,1.378011
1967-01-27,38.375041,39.00,38.25,38.874959,221600,1.360511
1967-01-26,37.250041,38.375041,37.125,38.375041,280800,1.343016
1967-01-25,37.250041,37.875,37.250041,37.250041,740000,1.303644
1967-01-24,36.249959,37.250041,35.750041,37.250041,1046400,1.303644
1967-01-23,36.999959,37.250041,36.00,36.249959,177600,1.268644
1967-01-20,37.374959,37.374959,36.500041,36.999959,204000,1.294892
1967-01-19,36.75,37.749959,36.249959,37.374959,548000,1.308016
1967-01-18,36.500041,36.999959,36.00,36.75,213600,1.286144
1967-01-17,36.125041,36.500041,35.625,36.500041,127200,1.277396
1967-01-16,36.500041,36.875041,35.874959,36.125041,111200,1.264272
1967-01-13,37.625041,37.625041,36.125041,36.500041,732000,1.277396
1967-01-12,39.375,39.500041,37.250041,37.875,262400,1.325516
1967-01-11,39.75,39.75,38.874959,39.375,233600,1.378011
1967-01-10,38.625,39.999959,38.625,39.999959,221600,1.389384
1967-01-09,37.749959,38.375041,37.625041,38.124959,127200,1.324256
1967-01-06,36.500041,37.749959,36.500041,37.749959,200000,1.311231
1967-01-05,35.124959,35.874959,35.124959,35.750041,118400,1.241765
1967-01-04,34.50,34.875,34.50,34.625041,168000,1.202688
1967-01-03,35.000041,35.750041,34.250041,34.374959,211200,1.194002
1966-12-30,35.874959,35.874959,35.000041,35.000041,245600,1.215714
1966-12-29,35.499959,36.375,35.499959,36.375,136800,1.263472
1966-12-28,36.500041,36.500041,34.625041,35.124959,84000,1.220053
1966-12-27,36.75,36.999959,36.75,36.75,103200,1.276498
1966-12-23,36.125041,37.374959,36.125041,36.624959,124800,1.272155
1966-12-22,35.625,36.375,35.124959,36.00,175200,1.250447
1966-12-21,35.25,35.625,35.000041,35.625,117600,1.237421
1966-12-20,34.875,35.375041,34.50,35.25,216800,1.224396
1966-12-19,35.750041,36.249959,34.875,34.875,149600,1.21137
1966-12-16,36.125041,36.75,35.625,35.750041,290400,1.241765
1966-12-15,36.875041,36.875041,36.125041,36.125041,100800,1.25479
1966-12-14,36.375,36.875041,35.750041,36.875041,223200,1.280841
1966-12-13,36.75,36.875041,36.375,36.375,112800,1.263472
1966-12-12,37.625041,37.749959,36.75,36.75,113600,1.276498
1966-12-09,36.75,37.625041,36.75,37.625041,156800,1.306892
1966-12-08,36.500041,36.999959,36.500041,36.75,267200,1.276498
1966-12-07,36.249959,36.875041,36.125041,36.249959,187200,1.259129
1966-12-06,36.375,36.999959,36.249959,36.249959,176000,1.259129
1966-12-05,36.00,36.75,35.625,36.375,200000,1.263472
1966-12-02,35.750041,36.125041,35.375041,36.00,216000,1.250447
1966-12-01,36.999959,37.125,35.750041,35.750041,200000,1.241765
1966-11-30,37.125,37.125,36.624959,36.999959,139200,1.28518
1966-11-29,38.375041,38.499959,37.250041,37.250041,182400,1.293867
1966-11-28,39.00,39.375,38.375041,38.375041,98400,1.332943
1966-11-25,38.750041,39.249959,38.124959,39.00,190400,1.354651
1966-11-23,38.625,39.875041,38.625,38.750041,178400,1.345968
1966-11-22,38.625,38.874959,38.499959,38.625,120000,1.341625
1966-11-21,39.00,39.125041,38.625,38.625,86400,1.341625
1966-11-18,40.749959,40.749959,39.00,39.00,96000,1.354651
1966-11-17,41.750041,42.999959,40.50,40.749959,357600,1.415435
1966-11-16,39.00,41.750041,39.00,41.750041,178400,1.450172
1966-11-15,37.625041,38.750041,37.50,38.750041,192000,1.345968
1966-11-14,36.75,37.875,36.375,37.625041,117600,1.306892
1966-11-11,37.125,37.125,35.874959,36.75,79200,1.276498
1966-11-10,37.749959,38.375041,37.125,37.125,175200,1.289523
1966-11-09,38.124959,38.124959,37.749959,37.749959,173600,1.311231
1966-11-07,36.624959,38.25,36.624959,38.25,154400,1.3286
1966-11-04,35.375041,36.500041,35.124959,36.249959,158400,1.259129
1966-11-03,35.499959,36.00,35.25,35.375041,154400,1.228739
1966-11-02,35.000041,35.499959,34.875,35.499959,243200,1.233078
1966-11-01,35.000041,35.000041,34.625041,35.000041,156800,1.215714
1966-10-31,34.875,35.25,34.875,35.000041,250400,1.215714
1966-10-28,34.625041,35.375041,34.50,34.875,141600,1.21137
1966-10-27,34.250041,34.749959,34.250041,34.625041,242400,1.202688
1966-10-26,33.875041,33.999959,33.624959,33.875041,158400,1.176637
1966-10-25,34.125,34.125,33.624959,33.875041,324800,1.176637
1966-10-24,33.75,34.250041,33.75,34.125,139200,1.185319
1966-10-21,33.999959,34.250041,33.624959,33.624959,288000,1.167951
1966-10-20,33.624959,33.999959,33.624959,33.999959,112800,1.180976
1966-10-19,33.75,34.125,33.624959,33.624959,124800,1.167951
1966-10-18,33.875041,33.999959,33.500041,33.75,110400,1.172294
1966-10-17,33.875041,33.875041,33.500041,33.875041,140000,1.176637
1966-10-14,34.125,34.374959,33.75,33.875041,134400,1.176637
1966-10-13,34.374959,34.50,33.999959,34.125,207200,1.185319
1966-10-12,34.250041,34.374959,33.75,34.374959,65600,1.194002
1966-10-11,34.374959,34.374959,34.125,34.250041,223200,1.189663
1966-10-10,34.374959,34.374959,33.875041,34.374959,142400,1.194002
1966-10-07,33.875041,34.374959,33.875041,34.374959,125600,1.183581
1966-10-06,33.999959,34.250041,33.624959,33.75,92000,1.162063
1966-10-05,33.999959,34.374959,33.624959,33.999959,117600,1.170669
1966-10-04,34.250041,34.50,33.624959,33.999959,310400,1.170669
1966-10-03,34.250041,34.50,33.875041,34.250041,93600,1.17928
1966-09-30,34.50,34.50,33.999959,34.250041,123200,1.17928
1966-09-29,34.875,34.875,34.125,34.50,84800,1.187887
1966-09-28,35.375041,35.499959,34.250041,34.875,118400,1.200798
1966-09-27,35.375041,35.750041,34.875,35.375041,252000,1.218016
1966-09-26,35.625,36.125041,35.124959,35.375041,110400,1.218016
1966-09-23,35.874959,36.375,35.375041,35.625,511200,1.226622
1966-09-22,36.00,36.999959,35.874959,35.874959,188000,1.235228
1966-09-21,37.875,37.875,36.00,36.00,180800,1.239534
1966-09-20,38.375041,38.375041,37.875,38.124959,63200,1.312699
1966-09-19,37.875,38.375041,37.625041,38.375041,96000,1.32131
1966-09-16,37.125,38.000041,37.125,37.875,96000,1.304093
1966-09-15,35.750041,36.999959,35.625,36.999959,168000,1.273964
1966-09-14,35.25,35.874959,35.25,35.750041,91200,1.230927
1966-09-13,35.25,35.874959,35.25,35.25,185600,1.21371
1966-09-12,34.875,35.375041,34.749959,35.124959,148800,1.209405
1966-09-09,34.250041,34.875,33.125041,34.875,105600,1.200798
1966-09-08,34.625041,34.875,33.999959,34.250041,70400,1.17928
1966-09-07,35.000041,35.625,34.625041,34.625041,110400,1.192192
1966-09-06,35.000041,35.750041,35.000041,35.000041,98400,1.205104
1966-09-02,35.375041,35.375041,34.749959,35.000041,115200,1.205104
1966-09-01,35.874959,35.874959,35.124959,35.499959,232800,1.222317
1966-08-31,35.25,36.375,35.25,36.00,171200,1.239534
1966-08-30,35.000041,35.750041,34.50,35.000041,201600,1.205104
1966-08-29,36.125041,36.375,35.000041,35.000041,223200,1.205104
1966-08-26,36.875041,36.875041,36.125041,36.125041,147200,1.243839
1966-08-25,37.125,37.749959,36.875041,37.125,137600,1.278269
1966-08-24,37.125,37.374959,36.375,37.125,184800,1.278269
1966-08-23,36.75,37.374959,36.75,37.125,108800,1.278269
1966-08-22,36.875041,37.50,36.624959,36.624959,99200,1.261052
1966-08-19,36.624959,38.000041,36.624959,36.875041,141600,1.269663
1966-08-18,36.999959,36.999959,36.125041,36.500041,108000,1.256751
1966-08-17,37.749959,37.875,36.999959,37.250041,196800,1.282575
1966-08-16,38.124959,38.124959,37.625041,37.749959,196800,1.299788
1966-08-15,38.000041,38.25,37.374959,38.25,171200,1.317005
1966-08-12,37.749959,38.750041,37.749959,38.000041,180800,1.308398
1966-08-11,38.000041,38.25,37.749959,37.749959,147200,1.299788
1966-08-10,37.875,38.000041,37.250041,38.000041,160800,1.308398
1966-08-09,38.25,38.25,37.749959,37.875,63200,1.304093
1966-08-08,37.50,38.25,37.250041,38.25,101600,1.317005
1966-08-05,37.125,37.625041,37.125,37.50,249600,1.291181
1966-08-04,36.875041,37.625041,36.75,37.125,212000,1.278269
1966-08-03,36.249959,36.999959,35.874959,36.875041,164000,1.269663
1966-08-02,36.125041,37.250041,36.125041,36.249959,184800,1.24814
1966-08-01,37.125,37.250041,35.000041,35.750041,351200,1.230927
1966-07-29,36.875041,37.250041,36.624959,37.125,60800,1.278269
1966-07-28,37.250041,37.250041,36.875041,36.875041,104000,1.269663
1966-07-27,36.75,37.250041,36.624959,37.250041,113600,1.282575
1966-07-26,36.75,37.625041,36.500041,36.75,123200,1.265357
1966-07-25,37.625041,37.875,36.75,36.75,172800,1.265357
1966-07-22,37.625041,37.875,37.625041,37.625041,135200,1.295486
1966-07-21,37.749959,38.000041,37.374959,37.50,250400,1.291181
1966-07-20,38.124959,38.25,37.625041,37.749959,151200,1.299788
1966-07-19,38.000041,38.124959,37.749959,38.124959,305600,1.312699
1966-07-18,37.625041,38.124959,37.625041,38.000041,328800,1.308398
1966-07-15,38.000041,38.000041,37.50,37.625041,202400,1.295486
1966-07-14,38.000041,39.00,37.625041,38.000041,288000,1.308398
1966-07-13,38.375041,38.375041,38.000041,38.000041,192000,1.308398
1966-07-12,39.624959,39.624959,38.874959,38.874959,298400,1.338523
1966-07-11,40.125,40.875,39.624959,39.875041,175200,1.362628
1966-07-08,40.250041,40.374959,39.875041,40.125,158400,1.371169
1966-07-07,40.625041,40.625041,40.125,40.250041,108000,1.375442
1966-07-06,40.749959,41.25,40.625041,40.749959,199200,1.392526
1966-07-05,40.625041,41.375041,40.374959,40.749959,113600,1.392526
1966-07-01,41.499959,41.750041,40.374959,40.625041,141600,1.388257
1966-06-30,41.750041,41.874959,41.000041,41.499959,100800,1.418155
1966-06-29,42.00,42.00,41.625,41.750041,99200,1.426701
1966-06-28,42.624959,42.624959,42.00,42.249959,118400,1.443785
1966-06-27,42.500041,43.125,42.500041,42.624959,93600,1.456599
1966-06-24,42.875041,43.125,42.375,42.375,132800,1.448057
1966-06-23,42.875041,43.374959,42.375,42.875041,188000,1.465145
1966-06-22,42.624959,43.125,42.624959,42.875041,159200,1.465145
1966-06-21,42.00,42.375,42.00,42.375,98400,1.448057
1966-06-20,41.874959,42.249959,41.750041,41.874959,80000,1.43097
1966-06-17,41.375041,41.874959,41.124959,41.874959,171200,1.43097
1966-06-16,41.375041,41.375041,41.000041,41.375041,139200,1.413886
1966-06-15,41.499959,41.499959,41.25,41.375041,161600,1.413886
1966-06-14,41.25,41.750041,41.25,41.499959,196800,1.418155
1966-06-13,41.499959,41.874959,41.000041,41.25,216000,1.409613
1966-06-10,40.875,41.499959,40.749959,41.499959,188000,1.418155
1966-06-09,40.374959,40.875,40.374959,40.875,108800,1.396799
1966-06-08,40.250041,40.374959,39.999959,40.125,182400,1.371169
1966-06-07,40.749959,40.749959,40.125,40.250041,144000,1.375442
1966-06-06,41.000041,41.25,40.749959,40.749959,113600,1.392526
1966-06-03,41.25,41.25,41.000041,41.000041,110400,1.401072
1966-06-02,41.124959,42.375,41.124959,41.25,152000,1.409613
1966-06-01,42.75,43.125,41.750041,42.125041,108800,1.439516
1966-05-31,42.75,43.374959,42.624959,42.75,98400,1.460872
1966-05-27,41.499959,42.75,41.375041,42.75,108800,1.460872
1966-05-26,42.249959,42.249959,41.000041,41.499959,233600,1.418155
1966-05-25,43.125,43.125,42.249959,42.375,135200,1.448057
1966-05-24,44.124959,44.750041,43.50,43.50,235200,1.486501
1966-05-23,44.375041,44.874959,43.50,44.124959,213600,1.507858
1966-05-20,42.999959,44.625,42.75,44.375041,200000,1.516404
1966-05-19,41.625,43.625041,41.625,42.999959,183200,1.469414
1966-05-18,41.000041,41.874959,41.000041,41.25,264800,1.409613
1966-05-17,41.375041,41.625,40.625041,40.625041,236000,1.388257
1966-05-16,41.375041,41.499959,41.124959,41.375041,158400,1.413886
1966-05-13,41.375041,41.625,40.875,41.375041,424800,1.413886
1966-05-12,41.625,41.625,40.875,41.375041,314400,1.413886
1966-05-11,40.125,41.625,39.875041,41.625,309600,1.422428
1966-05-10,39.875041,40.875,39.624959,40.125,268800,1.371169
1966-05-09,40.374959,40.374959,39.875041,39.875041,208800,1.362628
1966-05-06,40.374959,40.50,39.75,40.50,387200,1.383984
1966-05-05,40.50,40.625041,40.125,40.374959,207200,1.379711
1966-05-04,40.625041,40.625041,40.125,40.50,260000,1.383984
1966-05-03,41.25,41.375041,40.625041,40.625041,195200,1.388257
1966-05-02,41.499959,41.625,41.25,41.25,129600,1.409613
1966-04-29,41.25,41.750041,41.124959,41.499959,197600,1.418155
1966-04-28,41.750041,41.750041,40.875,41.25,344000,1.409613
1966-04-27,42.125041,42.249959,41.750041,41.874959,175200,1.43097
1966-04-26,42.500041,42.500041,42.00,42.125041,228800,1.439516
1966-04-25,44.000041,44.000041,42.375,42.875041,147200,1.465145
1966-04-22,44.625,44.874959,44.000041,44.25,224000,1.512131
1966-04-21,44.375041,44.874959,44.375041,44.625,132000,1.524945
1966-04-20,44.874959,44.874959,44.375041,44.375041,132000,1.516404
1966-04-19,45.249959,45.249959,44.499959,45.00,204000,1.53776
1966-04-18,45.624959,45.75,45.375,45.375,96800,1.550575
1966-04-15,45.875041,45.999959,45.624959,45.624959,137600,1.559117
1966-04-14,45.624959,45.875041,45.624959,45.875041,149600,1.567662
1966-04-13,45.875041,45.999959,45.500041,45.500041,192000,1.554848
1966-04-12,45.75,45.875041,45.249959,45.875041,132800,1.567662
1966-04-11,46.125,46.374959,45.75,45.75,159200,1.563389
1966-04-07,45.75,46.374959,45.75,46.125,237600,1.565953
1966-04-06,45.875041,46.125,45.500041,45.75,240000,1.553221
1966-04-05,45.375,45.999959,45.375,45.875041,332000,1.557466
1966-04-04,45.75,45.999959,45.00,45.249959,200000,1.536245
1966-04-01,46.250041,46.250041,45.500041,45.75,244800,1.553221
1966-03-31,45.999959,46.875,45.999959,46.625041,139200,1.582929
1966-03-30,45.875041,46.250041,45.75,45.875041,104000,1.557466
1966-03-29,45.75,46.374959,45.624959,45.875041,70400,1.557466
1966-03-28,46.250041,46.875,45.75,45.75,105600,1.553221
1966-03-25,46.250041,46.749959,46.250041,46.250041,128000,1.570198
1966-03-24,45.500041,46.250041,45.500041,45.875041,65600,1.557466
1966-03-23,45.500041,45.875041,44.874959,45.375,108000,1.54049
1966-03-22,45.999959,46.50,45.500041,45.500041,103200,1.544735
1966-03-21,45.875041,46.625041,45.875041,45.999959,120000,1.561707
1966-03-18,45.249959,45.875041,45.249959,45.875041,113600,1.557466
1966-03-17,45.00,45.00,44.124959,44.750041,152000,1.519272
1966-03-16,45.00,45.500041,44.124959,45.125041,233600,1.532004
1966-03-15,44.750041,45.875041,44.750041,45.00,171200,1.527759
1966-03-14,44.750041,45.75,44.750041,44.750041,152000,1.519272
1966-03-11,44.124959,45.00,44.124959,44.750041,232800,1.519272
1966-03-10,44.124959,45.500041,44.124959,44.124959,249600,1.498051
1966-03-09,43.125,43.875,43.125,43.875,173600,1.489565
1966-03-08,43.374959,43.374959,42.75,42.999959,542400,1.459857
1966-03-07,44.625,44.625,43.625041,43.625041,197600,1.481078
1966-03-04,44.874959,45.125041,44.625,44.750041,684800,1.519272
1966-03-03,45.375,45.624959,44.499959,44.874959,122400,1.523513
1966-03-02,45.624959,45.875041,45.125041,45.375,135200,1.54049
1966-03-01,45.624959,46.125,45.125041,45.624959,224000,1.548976
1966-02-28,46.125,46.374959,45.624959,45.624959,161600,1.548976
1966-02-25,46.50,46.875,46.125,46.125,196800,1.565953
1966-02-24,46.875,47.000041,46.50,46.50,266400,1.578684
1966-02-23,46.875,47.499959,46.875,46.875,200000,1.591415
1966-02-21,46.50,47.375041,46.250041,46.625041,132800,1.582929
1966-02-18,46.50,46.875,46.374959,46.50,129600,1.578684
1966-02-17,46.374959,46.875,45.999959,46.50,182400,1.578684
1966-02-16,46.374959,46.875,46.374959,46.374959,196800,1.574439
1966-02-15,47.25,47.750041,46.374959,46.374959,192800,1.574439
1966-02-14,46.875,47.625,46.875,47.25,170400,1.604146
1966-02-11,47.000041,47.750041,46.374959,46.749959,180800,1.58717
1966-02-10,46.625041,47.499959,46.625041,47.000041,247200,1.59566
1966-02-09,45.75,47.375041,45.75,46.625041,252000,1.582929
1966-02-08,45.75,45.999959,45.00,45.375,372000,1.54049
1966-02-07,47.000041,47.25,45.75,45.75,165600,1.553221
1966-02-04,47.499959,47.874959,46.749959,47.000041,159200,1.59566
1966-02-03,48.00,48.249962,46.875,47.499959,147200,1.612633
1966-02-02,48.375,48.375,47.25,48.00,223200,1.629609
1966-02-01,49.250038,49.374962,48.624962,48.624962,144800,1.650827
1966-01-31,49.125,49.50,48.500038,49.250038,196800,1.672048
1966-01-28,48.500038,49.125,48.375,49.125,147200,1.667803
1966-01-27,48.875038,48.999962,48.500038,48.500038,202400,1.646585
1966-01-26,48.999962,48.999962,48.624962,48.875038,116000,1.659317
1966-01-25,48.875038,49.374962,48.75,48.999962,172800,1.663558
1966-01-24,48.999962,49.625038,48.875038,48.875038,156800,1.659317
1966-01-21,48.75,48.999962,48.500038,48.999962,88800,1.663558
1966-01-20,49.374962,49.374962,48.75,48.75,190400,1.655072
1966-01-19,49.125,49.374962,48.999962,49.374962,134400,1.676289
1966-01-18,49.250038,49.374962,48.999962,49.125,160800,1.667803
1966-01-17,49.374962,49.50,48.999962,49.250038,231200,1.672048
1966-01-14,48.999962,49.50,48.999962,49.374962,128000,1.676289
1966-01-13,49.374962,49.374962,48.999962,48.999962,130400,1.663558
1966-01-12,50.750038,50.750038,49.374962,49.374962,214400,1.676289
1966-01-11,50.874962,51.375,50.000038,50.750038,199200,1.722973
1966-01-10,50.124962,51.125038,50.124962,50.874962,144800,1.717029
1966-01-07,49.625038,50.000038,49.50,49.875,120800,1.683281
1966-01-06,49.374962,49.875,48.999962,49.625038,164000,1.674845
1966-01-05,49.125,49.875,49.125,49.374962,128000,1.666404
1966-01-04,48.875038,49.749962,48.75,49.125,237600,1.657968
1966-01-03,49.50,49.50,48.500038,48.875038,160800,1.649532
1965-12-31,49.50,50.000038,49.250038,49.749962,89600,1.679061
1965-12-30,49.875,49.875,49.250038,49.50,115200,1.670625
1965-12-29,50.124962,50.625,49.50,50.000038,532800,1.687501
1965-12-28,50.124962,50.625,50.124962,50.124962,92000,1.691717
1965-12-27,51.00,51.125038,50.124962,50.124962,91200,1.691717
1965-12-23,51.375,51.624962,50.625,51.00,91200,1.721249
1965-12-22,51.00,51.999962,50.874962,51.375,86400,1.733906
1965-12-21,50.874962,51.125038,50.750038,51.00,77600,1.721249
1965-12-20,50.750038,51.00,50.25,50.874962,164000,1.717029
1965-12-17,50.499962,50.750038,50.25,50.750038,110400,1.712813
1965-12-16,50.625,51.125038,50.499962,50.499962,62400,1.704373
1965-12-15,50.874962,51.375,50.25,50.625,112800,1.708593
1965-12-14,51.249962,51.624962,50.874962,50.874962,81600,1.717029
1965-12-13,52.374962,52.374962,50.750038,51.249962,147200,1.729686
1965-12-10,50.625,52.875,50.625,52.50,140000,1.771874
1965-12-09,50.499962,51.00,50.499962,50.625,259200,1.708593
1965-12-08,50.000038,51.249962,50.000038,50.499962,110400,1.704373
1965-12-07,49.50,50.25,49.50,49.50,242400,1.670625
1965-12-06,49.875,49.875,48.875038,49.374962,293600,1.666404
1965-12-03,51.500038,51.500038,50.625,50.625,180800,1.708593
1965-12-02,51.500038,51.875038,51.00,51.624962,129600,1.742342
1965-12-01,53.000038,53.000038,51.500038,51.500038,130400,1.738126
1965-11-30,53.499962,53.874962,52.625038,53.124962,660800,1.792967
1965-11-29,52.125,53.625,52.125,53.499962,189600,1.805623
1965-11-26,50.499962,51.75,50.499962,51.75,271200,1.746562
1965-11-24,50.000038,50.124962,49.125,50.000038,488000,1.687501
1965-11-23,49.50,50.499962,49.50,50.000038,213600,1.687501
1965-11-22,49.625038,49.875,49.250038,49.50,199200,1.670625
1965-11-19,49.250038,50.25,49.125,49.625038,156800,1.674845
1965-11-18,49.749962,49.749962,49.125,49.250038,140000,1.662188
1965-11-17,49.625038,50.000038,49.50,49.749962,147200,1.679061
1965-11-16,49.875,50.000038,49.374962,49.625038,178400,1.674845
1965-11-15,49.749962,50.000038,49.374962,49.875,125600,1.683281
1965-11-12,49.374962,50.000038,49.374962,49.749962,92000,1.679061
1965-11-11,49.250038,49.625038,49.250038,49.374962,36000,1.666404
1965-11-10,48.500038,49.749962,48.249962,49.125,118400,1.657968
1965-11-09,48.75,49.125,48.125038,48.500038,80000,1.636876
1965-11-08,49.374962,49.875,48.75,48.75,88800,1.645312
1965-11-05,49.374962,49.875,48.875038,49.374962,86400,1.666404
1965-11-04,49.875,50.000038,49.374962,49.374962,88800,1.666404
1965-11-03,49.374962,49.875,48.75,49.875,166400,1.683281
1965-11-01,49.50,49.749962,48.999962,49.374962,130400,1.666404
1965-10-29,48.375,49.749962,48.375,49.50,209600,1.670625
1965-10-28,48.875038,48.875038,47.750041,48.125038,106400,1.62422
1965-10-27,49.125,49.374962,48.624962,48.875038,144000,1.649532
1965-10-26,48.75,49.125,48.375,49.125,156000,1.657968
1965-10-25,48.75,48.999962,48.249962,48.75,142400,1.645312
1965-10-22,48.00,48.875038,48.00,48.75,209600,1.645312
1965-10-21,47.625,48.00,47.625,47.874959,199200,1.615779
1965-10-20,46.625041,47.375041,46.374959,47.375041,224000,1.598907
1965-10-19,46.749959,46.875,46.125,46.625041,117600,1.573595
1965-10-18,46.250041,46.749959,45.375,46.749959,160800,1.577811
1965-10-15,46.875,47.000041,46.250041,46.250041,88800,1.560938
1965-10-14,46.749959,46.875,46.625041,46.875,72000,1.582031
1965-10-13,46.749959,47.000041,46.625041,46.749959,58400,1.577811
1965-10-12,46.125,46.749959,46.125,46.749959,80000,1.577811
1965-10-11,45.875041,46.374959,45.500041,45.875041,208800,1.548282
1965-10-08,46.250041,46.250041,45.500041,45.875041,91200,1.548282
1965-10-07,46.625041,47.375041,46.250041,46.50,87200,1.560938
1965-10-06,46.374959,47.000041,46.250041,46.625041,171200,1.565136
1965-10-05,45.75,46.50,45.500041,46.374959,81600,1.556741
1965-10-04,47.25,47.625,45.249959,45.75,142400,1.535762
1965-10-01,46.749959,47.25,46.50,47.25,64800,1.586115
1965-09-30,46.50,47.124959,45.999959,46.749959,259200,1.569329
1965-09-29,47.750041,47.874959,46.125,46.50,129600,1.560938
1965-09-28,47.874959,47.874959,47.25,47.750041,141600,1.602901
1965-09-27,47.499959,48.00,47.375041,48.00,257600,1.611291
1965-09-24,47.25,47.499959,46.875,47.499959,177600,1.594506
1965-09-23,47.499959,47.874959,46.749959,47.25,204000,1.586115
1965-09-22,46.250041,47.874959,46.250041,47.499959,288800,1.594506
1965-09-21,45.125041,46.250041,44.750041,45.999959,187200,1.544153
1965-09-20,44.625,45.125041,44.25,45.125041,288800,1.514783
1965-09-17,44.25,44.625,44.124959,44.625,156000,1.497997
1965-09-16,43.749959,44.499959,43.625041,44.25,204800,1.485409
1965-09-15,43.250041,43.749959,43.125,43.749959,123200,1.468623
1965-09-14,43.250041,43.625041,42.999959,43.250041,135200,1.451842
1965-09-13,43.625041,43.875,43.250041,43.250041,175200,1.451842
1965-09-10,43.50,43.749959,42.999959,43.625041,408000,1.46443
1965-09-09,43.125,43.50,42.999959,43.50,120800,1.460233
1965-09-08,42.875041,43.50,42.875041,43.125,165600,1.447645
1965-09-07,42.999959,43.749959,42.75,42.75,108000,1.435056
1965-09-03,42.999959,43.374959,42.624959,42.999959,164000,1.443447
1965-09-02,43.50,43.749959,42.999959,42.999959,146400,1.443447
1965-09-01,43.749959,43.749959,43.250041,43.50,124800,1.460233
1965-08-31,43.749959,43.875,43.250041,43.875,67200,1.472821
1965-08-30,43.374959,43.749959,42.999959,43.749959,82400,1.468623
1965-08-27,43.125,43.625041,42.999959,43.374959,104000,1.456035
1965-08-26,43.125,43.625041,42.875041,43.125,60000,1.447645
1965-08-25,43.875,43.875,43.125,43.125,106400,1.447645
1965-08-24,43.125,43.875,43.125,43.875,72000,1.472821
1965-08-23,43.374959,43.875,42.999959,42.999959,98400,1.443447
1965-08-20,42.999959,43.374959,42.999959,43.374959,75200,1.456035
1965-08-19,42.999959,43.50,42.624959,42.875041,149600,1.439254
1965-08-18,42.624959,43.250041,42.624959,42.999959,144800,1.443447
1965-08-17,43.50,43.749959,42.00,42.249959,144800,1.418271
1965-08-16,44.000041,44.499959,43.50,43.50,89600,1.460233
1965-08-13,43.50,44.375041,42.875041,44.000041,164000,1.477018
1965-08-12,42.00,43.625041,42.00,43.50,141600,1.460233
1965-08-11,41.124959,41.874959,40.749959,41.874959,117600,1.405682
1965-08-10,41.124959,41.375041,40.625041,41.124959,87200,1.380506
1965-08-09,41.000041,41.375041,40.625041,41.124959,88800,1.380506
1965-08-06,41.25,41.625,41.000041,41.000041,105600,1.376313
1965-08-05,41.124959,41.874959,40.875,41.25,122400,1.384703
1965-08-04,40.625041,41.25,40.625041,41.124959,62400,1.380506
1965-08-03,41.25,41.499959,40.625041,40.625041,108800,1.363724
1965-08-02,41.25,41.499959,41.000041,41.25,117600,1.384703
1965-07-30,41.124959,42.249959,41.124959,41.25,188000,1.384703
1965-07-29,39.125041,40.250041,39.125041,40.250041,173600,1.351136
1965-07-28,39.125041,39.125041,38.874959,39.00,204800,1.309174
1965-07-27,39.125041,39.249959,38.874959,39.125041,187200,1.313372
1965-07-26,39.375,39.375,38.625,39.125041,209600,1.313372
1965-07-23,39.875041,40.125,39.500041,39.500041,149600,1.32596
1965-07-22,39.75,40.749959,39.75,39.875041,156800,1.338548
1965-07-21,40.625041,40.749959,39.75,39.75,236000,1.334351
1965-07-20,41.625,41.874959,40.625041,40.625041,182400,1.363724
1965-07-19,42.00,42.375,41.625,41.625,80000,1.397292
1965-07-16,41.750041,42.249959,41.625,42.00,125600,1.40988
1965-07-15,42.500041,42.75,41.375041,41.750041,130400,1.401489
1965-07-14,43.125,43.125,42.249959,42.500041,293600,1.426666
1965-07-13,43.374959,43.875,43.125,43.374959,154400,1.456035
1965-07-12,42.875041,43.749959,42.875041,43.374959,134400,1.456035
1965-07-09,42.500041,43.125,42.500041,42.624959,132800,1.430859
1965-07-08,42.125041,42.999959,42.00,42.500041,118400,1.418275
1965-07-07,42.500041,42.500041,42.00,42.125041,94400,1.405761
1965-07-06,43.125,43.125,42.624959,42.75,100800,1.426616
1965-07-02,42.249959,43.250041,42.249959,43.125,296000,1.43913
1965-07-01,42.999959,42.999959,42.125041,42.249959,132800,1.409929
1965-06-30,41.750041,43.374959,41.750041,42.999959,219200,1.434958
1965-06-29,39.999959,43.374959,39.999959,41.000041,302400,1.368218
1965-06-28,40.749959,41.000041,39.375,39.75,329600,1.326503
1965-06-25,41.750041,42.00,40.749959,40.749959,156800,1.359873
1965-06-24,43.374959,43.374959,41.124959,41.750041,240000,1.393246
1965-06-23,44.000041,44.000041,43.50,43.50,148800,1.451645
1965-06-22,44.25,44.874959,44.000041,44.25,144800,1.476673
1965-06-21,44.25,44.499959,44.124959,44.25,120000,1.476673
1965-06-18,44.499959,45.00,44.25,44.25,245600,1.476673
1965-06-17,44.874959,44.874959,44.499959,44.499959,108000,1.485014
1965-06-16,43.875,45.249959,43.875,45.00,184800,1.501701
1965-06-15,42.999959,43.625041,42.500041,43.374959,223200,1.447472
1965-06-14,42.999959,43.875,42.999959,42.999959,92000,1.434958
1965-06-11,42.249959,42.875041,42.249959,42.875041,89600,1.430789
1965-06-10,42.125041,42.624959,42.00,42.125041,187200,1.405761
1965-06-09,42.624959,42.75,42.125041,42.125041,170400,1.405761
1965-06-08,42.624959,43.374959,42.500041,42.624959,172800,1.422443
1965-06-07,42.375,42.875041,42.375,42.624959,144000,1.422443
1965-06-04,42.75,42.875041,42.249959,42.375,136800,1.414102
1965-06-03,43.374959,44.375041,42.624959,42.75,206400,1.426616
1965-06-02,44.25,44.375041,42.375,43.374959,161600,1.447472
1965-06-01,44.25,44.874959,44.124959,44.25,187200,1.476673
1965-05-28,44.000041,44.25,44.000041,44.25,74400,1.476673
1965-05-27,45.249959,45.249959,43.875,43.875,123200,1.464159
1965-05-26,45.875041,46.50,45.249959,45.249959,98400,1.510043
1965-05-25,45.999959,46.250041,45.624959,45.875041,53600,1.530902
1965-05-24,46.625041,47.000041,45.500041,45.999959,127200,1.535071
1965-05-21,47.000041,47.124959,45.500041,46.625041,101600,1.555931
1965-05-20,46.875,47.124959,46.50,47.000041,98400,1.568445
1965-05-19,47.000041,47.750041,46.875,46.875,159200,1.564272
1965-05-18,46.625041,47.25,46.50,47.000041,106400,1.568445
1965-05-17,46.250041,47.25,46.250041,46.625041,170400,1.555931
1965-05-14,46.374959,46.374959,45.75,45.75,113600,1.52673
1965-05-13,46.625041,46.875,46.250041,46.374959,68000,1.547585
1965-05-12,46.125,46.875,46.125,46.625041,100800,1.555931
1965-05-11,46.875,46.875,46.125,46.125,132000,1.539244
1965-05-10,46.875,47.25,46.625041,47.000041,58400,1.568445
1965-05-07,46.125,46.875,46.125,46.875,101600,1.564272
1965-05-06,45.999959,46.625041,45.999959,45.999959,117600,1.535071
1965-05-05,46.374959,46.875,45.999959,45.999959,113600,1.535071
1965-05-04,46.374959,46.749959,46.374959,46.374959,72800,1.547585
1965-05-03,45.875041,46.875,45.875041,46.374959,100800,1.547585
1965-04-30,45.249959,45.999959,45.249959,45.75,158400,1.52673
1965-04-29,45.125041,46.125,45.125041,45.375,184800,1.514215
1965-04-28,47.375041,47.375041,47.000041,47.124959,163200,1.572614
1965-04-27,47.000041,47.874959,47.000041,47.625,197600,1.5893
1965-04-26,45.75,47.000041,45.75,46.875,196800,1.564272
1965-04-23,44.874959,45.624959,44.874959,45.624959,214400,1.522557
1965-04-22,44.25,44.750041,44.25,44.750041,144000,1.49336
1965-04-21,43.875,44.25,43.875,43.875,168800,1.464159
1965-04-20,43.125,44.124959,43.125,43.875,418400,1.464159
1965-04-19,42.500041,42.875041,42.125041,42.875041,209600,1.430789
1965-04-15,41.124959,42.500041,41.124959,42.500041,240000,1.418275
1965-04-14,40.374959,41.25,40.374959,41.000041,216000,1.368218
1965-04-13,41.000041,41.375041,39.999959,40.250041,1188000,1.334848
1965-04-12,40.625041,41.375041,40.50,41.000041,96000,1.359721
1965-04-09,40.749959,41.000041,40.625041,40.625041,118400,1.347285
1965-04-08,40.50,40.749959,40.374959,40.749959,108000,1.351427
1965-04-07,40.749959,40.749959,40.374959,40.50,142400,1.343138
1965-04-06,40.625041,41.124959,40.374959,41.124959,136800,1.363864
1965-04-05,41.25,41.375041,40.625041,40.625041,139200,1.347285
1965-04-02,41.750041,41.750041,41.000041,41.25,137600,1.368011
1965-04-01,40.875,42.249959,40.875,41.874959,208800,1.388737
1965-03-31,39.375,41.499959,39.375,40.749959,252800,1.351427
1965-03-30,39.249959,39.375,39.00,39.375,172800,1.305828
1965-03-29,38.750041,39.375,38.750041,39.249959,279200,1.301682
1965-03-26,39.125041,39.249959,37.749959,38.625,368000,1.280956
1965-03-25,39.375,39.75,39.125041,39.125041,226400,1.297539
1965-03-24,39.999959,39.999959,39.249959,39.375,446400,1.305828
1965-03-23,39.875041,40.250041,39.75,39.999959,156800,1.326555
1965-03-22,39.999959,40.374959,39.875041,39.875041,189600,1.322412
1965-03-19,39.75,40.250041,39.75,39.999959,168000,1.326555
1965-03-18,40.749959,41.499959,39.249959,39.249959,302400,1.301682
1965-03-17,42.75,42.75,40.50,40.749959,171200,1.351427
1965-03-16,43.125,43.125,42.75,42.75,86400,1.417757
1965-03-15,43.250041,43.374959,42.875041,43.125,226400,1.430193
1965-03-12,43.125,43.50,42.875041,43.250041,183200,1.43434
1965-03-11,43.50,43.749959,43.125,43.125,84000,1.430193
1965-03-10,42.999959,43.875,42.999959,43.50,164000,1.44263
1965-03-09,42.75,43.125,42.75,42.999959,82400,1.426046
1965-03-08,42.500041,43.374959,42.500041,42.75,214400,1.417757
1965-03-05,42.999959,42.999959,42.500041,42.500041,168000,1.409467
1965-03-04,43.875,44.000041,43.374959,43.374959,96000,1.438483
1965-03-03,43.625041,43.875,43.250041,43.875,120000,1.455066
1965-03-02,43.749959,44.124959,42.999959,43.625041,86400,1.446776
1965-03-01,44.25,44.750041,42.75,43.749959,93600,1.450919
1965-02-26,43.875,44.375041,43.875,44.25,111200,1.467502
1965-02-25,44.000041,44.25,43.749959,43.749959,159200,1.450919
1965-02-24,43.875,44.25,43.50,44.000041,420000,1.459213
1965-02-23,43.250041,44.000041,42.999959,43.875,280800,1.455066
1965-02-19,43.125,43.749959,42.875041,43.250041,166400,1.43434
1965-02-18,42.75,44.000041,42.75,43.125,230400,1.430193
1965-02-17,42.500041,42.875041,42.249959,42.75,208800,1.417757
1965-02-16,42.249959,42.875041,42.249959,42.500041,103200,1.409467
1965-02-15,42.125041,42.875041,42.125041,42.125041,197600,1.397031
1965-02-12,41.375041,42.125041,41.375041,41.750041,101600,1.384594
1965-02-11,41.124959,42.125041,41.124959,41.25,204800,1.368011
1965-02-10,41.750041,42.249959,41.124959,41.124959,130400,1.363864
1965-02-09,41.25,41.874959,41.25,41.750041,106400,1.384594
1965-02-08,40.625041,41.124959,39.999959,41.124959,308000,1.363864
1965-02-05,40.50,40.875,40.50,40.625041,104000,1.347285
1965-02-04,40.50,40.875,40.50,40.50,213600,1.343138
1965-02-03,40.125,40.625041,40.125,40.374959,158400,1.338991
1965-02-02,40.50,40.749959,40.125,40.125,111200,1.330701
1965-02-01,40.625041,40.625041,40.125,40.50,212000,1.343138
1965-01-29,40.875,40.875,40.250041,40.625041,194400,1.347285
1965-01-28,40.875,41.25,40.625041,40.875,93600,1.355574
1965-01-27,40.50,41.499959,40.50,40.875,207200,1.355574
1965-01-26,40.875,41.375041,40.50,40.50,130400,1.343138
1965-01-25,41.000041,41.000041,40.625041,40.875,96800,1.355574
1965-01-22,41.000041,41.000041,40.50,41.000041,189600,1.359721
1965-01-21,41.25,41.375041,40.875,41.000041,219200,1.359721
1965-01-20,41.124959,41.499959,41.000041,41.25,321600,1.368011
1965-01-19,40.749959,41.25,40.749959,41.124959,202400,1.363864
1965-01-18,41.000041,41.124959,40.50,40.749959,135200,1.351427
1965-01-15,40.374959,41.000041,40.374959,41.000041,124800,1.359721
1965-01-14,41.000041,41.000041,40.250041,40.250041,116000,1.326559
1965-01-13,41.25,41.625,40.749959,41.124959,105600,1.355394
1965-01-12,40.875,41.625,40.875,41.25,84000,1.359515
1965-01-11,41.375041,41.750041,40.625041,40.625041,99200,1.338918
1965-01-08,40.875,41.375041,40.625041,41.375041,171200,1.363636
1965-01-07,40.625041,40.875,40.250041,40.875,92000,1.347156
1965-01-06,40.50,41.000041,40.50,40.625041,142400,1.338918
1965-01-05,40.749959,40.749959,39.75,40.374959,178400,1.330676
1965-01-04,41.25,41.750041,40.50,40.875,120800,1.347156
1964-12-31,41.124959,41.499959,40.625041,41.25,216800,1.359515
1964-12-30,40.625041,41.375041,40.625041,41.124959,105600,1.355394
1964-12-29,40.749959,41.375041,40.625041,40.625041,92000,1.338918
1964-12-28,41.874959,41.874959,40.749959,40.749959,142400,1.343035
1964-12-24,42.500041,42.624959,41.750041,42.00,62400,1.384234
1964-12-23,42.624959,42.624959,42.125041,42.500041,67200,1.400714
1964-12-22,42.500041,42.75,42.125041,42.75,104000,1.408952
1964-12-21,42.125041,42.999959,42.00,42.500041,235200,1.400714
1964-12-18,41.124959,42.875041,41.124959,42.125041,171200,1.388355
1964-12-17,40.50,41.124959,40.50,40.875,128000,1.347156
1964-12-16,39.375,40.625041,39.375,40.50,123200,1.334797
1964-12-15,39.624959,40.125,38.499959,38.874959,158400,1.281239
1964-12-14,41.124959,41.124959,39.624959,39.624959,216000,1.305957
1964-12-11,41.124959,41.25,40.875,41.25,110400,1.359515
1964-12-10,41.000041,41.375041,40.875,41.124959,160800,1.355394
1964-12-09,41.000041,41.25,40.749959,41.000041,153600,1.351277
1964-12-08,41.124959,41.375041,40.875,41.000041,108800,1.351277
1964-12-07,41.25,41.375041,41.000041,41.124959,76800,1.355394
1964-12-04,41.000041,41.25,40.50,41.25,84800,1.359515
1964-12-03,40.875,41.375041,40.625041,41.000041,93600,1.351277
1964-12-02,40.50,41.124959,40.374959,40.875,204000,1.347156
1964-12-01,41.000041,41.000041,40.374959,40.50,164000,1.334797
1964-11-30,42.875041,42.875041,42.00,42.00,235200,1.384234
1964-11-27,42.125041,43.50,41.625,42.999959,187200,1.41719
1964-11-25,41.000041,42.125041,40.625041,42.125041,149600,1.388355
1964-11-24,40.374959,41.124959,40.125,41.000041,154400,1.351277
1964-11-23,39.624959,40.374959,39.624959,40.374959,196800,1.330676
1964-11-20,39.75,39.999959,39.125041,39.624959,329600,1.305957
1964-11-19,40.125,40.125,39.624959,39.75,132800,1.310078
1964-11-18,39.375,40.125,39.375,40.125,164000,1.322437
1964-11-17,38.625,39.375,38.499959,39.249959,151200,1.293598
1964-11-16,39.249959,39.500041,38.625,38.625,101600,1.273001
1964-11-13,39.125041,39.75,39.00,39.249959,165600,1.293598
1964-11-12,38.625,39.125041,38.625,39.125041,57600,1.289481
1964-11-11,38.750041,39.125041,37.625041,38.375041,98400,1.264762
1964-11-10,39.249959,39.624959,38.750041,38.750041,142400,1.277122
1964-11-09,38.625,39.249959,38.625,39.249959,128000,1.293598
1964-11-06,38.625,38.625,38.000041,38.625,84800,1.273001
1964-11-05,38.625,38.625,38.124959,38.625,219200,1.273001
1964-11-04,38.25,38.874959,38.000041,38.625,207200,1.273001
1964-11-02,37.749959,38.25,37.625041,38.25,101600,1.260641
1964-10-30,37.250041,37.749959,37.250041,37.749959,89600,1.244161
1964-10-29,36.999959,37.374959,36.999959,37.125,115200,1.223564
1964-10-28,37.250041,37.749959,36.999959,36.999959,146400,1.219443
1964-10-27,38.25,38.375041,37.250041,37.250041,151200,1.227685
1964-10-26,38.000041,38.750041,38.000041,38.25,194400,1.260641
1964-10-23,37.50,38.000041,36.875041,38.000041,96000,1.252403
1964-10-22,37.875,37.875,37.250041,37.50,132800,1.235923
1964-10-21,37.749959,38.25,37.625041,37.875,141600,1.248282
1964-10-20,36.500041,37.749959,36.500041,37.749959,192000,1.244161
1964-10-19,36.624959,36.875041,36.125041,36.500041,140000,1.202966
1964-10-16,35.625,36.624959,35.625,36.624959,120000,1.207083
1964-10-15,36.999959,36.999959,34.749959,35.499959,184800,1.170006
1964-10-14,37.250041,37.374959,36.875041,37.125,104000,1.216971
1964-10-13,37.250041,37.250041,36.75,37.250041,111200,1.22107
1964-10-12,36.875041,37.250041,36.624959,37.250041,44000,1.22107
1964-10-09,37.125,37.250041,36.624959,36.875041,81600,1.208777
1964-10-08,36.875041,37.374959,36.875041,37.125,75200,1.216971
1964-10-07,37.125,37.374959,36.75,36.75,180800,1.204678
1964-10-06,36.75,37.250041,36.500041,37.125,87200,1.216971
1964-10-05,36.500041,37.50,36.500041,36.75,176000,1.204678
1964-10-02,35.874959,36.375,35.499959,36.125041,92000,1.184192
1964-10-01,35.499959,36.375,35.499959,35.874959,175200,1.175994
1964-09-30,36.00,36.00,35.124959,35.499959,132800,1.163701
1964-09-29,36.00,36.624959,35.625,36.00,88800,1.180093
1964-09-28,35.750041,36.375,35.750041,36.00,130400,1.180093
1964-09-25,36.249959,36.500041,35.25,35.625,192800,1.1678
1964-09-24,36.500041,36.624959,35.750041,36.249959,211200,1.188287
1964-09-23,37.50,37.625041,36.00,36.500041,235200,1.196484
1964-09-22,37.749959,37.875,37.125,37.50,149600,1.229263
1964-09-21,36.999959,37.749959,36.999959,37.749959,142400,1.237457
1964-09-18,36.999959,37.749959,36.375,36.75,189600,1.204678
1964-09-17,36.500041,36.999959,36.249959,36.999959,190400,1.212872
1964-09-16,35.874959,36.624959,35.750041,36.500041,125600,1.196484
1964-09-15,36.00,36.00,35.499959,35.874959,106400,1.175994
1964-09-14,36.249959,36.375,35.625,36.00,218400,1.180093
1964-09-11,36.125041,36.375,36.00,36.249959,345600,1.188287
1964-09-10,34.749959,36.375,34.749959,36.125041,512000,1.184192
1964-09-09,34.749959,34.875,34.250041,34.50,120800,1.130922
1964-09-08,34.250041,34.749959,34.125,34.749959,105600,1.139116
1964-09-04,33.875041,34.374959,33.624959,34.250041,177600,1.122729
1964-09-03,33.875041,34.125,33.624959,33.875041,111200,1.110436
1964-09-02,33.875041,34.374959,33.75,33.875041,132000,1.110436
1964-09-01,33.75,33.999959,33.624959,33.875041,79200,1.110436
1964-08-31,33.624959,33.999959,33.624959,33.75,98400,1.106337
1964-08-28,33.375,33.875041,33.375,33.375,141600,1.094044
1964-08-27,33.624959,33.624959,33.125041,33.249959,236000,1.089946
1964-08-26,33.375,33.624959,33.375,33.624959,74400,1.102238
1964-08-25,33.500041,33.500041,33.125041,33.249959,108000,1.089946
1964-08-24,32.750041,33.500041,32.750041,33.500041,116000,1.098143
1964-08-21,33.00,33.249959,32.625,32.625,130400,1.069459
1964-08-20,32.750041,33.125041,32.750041,33.00,171200,1.081752
1964-08-19,32.874959,33.00,32.750041,32.750041,103200,1.073558
1964-08-18,33.00,33.00,32.750041,32.874959,84000,1.077653
1964-08-17,32.499959,33.249959,32.499959,33.00,108800,1.081752
1964-08-14,33.249959,33.249959,32.499959,32.499959,140000,1.06536
1964-08-13,33.375,33.624959,33.00,33.249959,158400,1.089946
1964-08-12,32.874959,33.624959,32.750041,33.375,132800,1.094044
1964-08-11,32.625,32.874959,32.375041,32.874959,1023200,1.077653
1964-08-10,32.750041,33.00,32.375041,32.625,1004000,1.069459
1964-08-07,32.499959,32.874959,32.000041,32.750041,204800,1.073558
1964-08-06,33.375,33.375,32.499959,32.499959,91200,1.06536
1964-08-05,31.749959,33.500041,31.625041,33.500041,166400,1.098143
1964-08-04,33.999959,33.999959,31.374959,31.749959,132000,1.040775
1964-08-03,34.50,34.625041,33.75,34.125,248000,1.11863
1964-07-31,34.250041,34.50,33.999959,34.50,129600,1.130922
1964-07-30,33.624959,34.250041,33.624959,34.250041,105600,1.122729
1964-07-29,33.125041,33.875041,33.00,33.375,86400,1.094044
1964-07-28,33.624959,33.75,32.625,33.125041,101600,1.085851
1964-07-27,33.624959,33.999959,33.624959,33.624959,112800,1.102238
1964-07-24,34.125,34.374959,33.500041,33.500041,82400,1.098143
1964-07-23,34.250041,34.50,33.999959,34.125,81600,1.11863
1964-07-22,34.374959,34.749959,34.250041,34.250041,99200,1.122729
1964-07-21,34.50,34.625041,33.999959,34.374959,125600,1.126823
1964-07-20,34.625041,34.875,34.50,34.50,91200,1.130922
1964-07-17,34.374959,34.749959,34.374959,34.625041,88800,1.135021
1964-07-16,34.374959,34.625041,34.374959,34.374959,148800,1.126823
1964-07-15,34.250041,34.50,33.875041,34.250041,142400,1.122729
1964-07-14,34.250041,34.50,34.125,34.250041,93600,1.116171
1964-07-13,34.50,34.50,34.125,34.250041,104000,1.116171
1964-07-10,34.50,35.124959,34.374959,34.625041,245600,1.128392
1964-07-09,34.875,34.875,34.374959,34.50,173600,1.124317
1964-07-08,34.374959,35.25,34.250041,35.000041,235200,1.140613
1964-07-07,34.374959,35.000041,34.250041,34.374959,264800,1.120242
1964-07-06,34.374959,34.374959,33.375,34.374959,15200,1.120242
1964-07-02,66.00,66.499918,66.00,66.250082,72000,1.079509
1964-07-01,65.62512,66.00,65.124962,65.874962,116800,1.073396
1964-06-30,65.874962,65.874962,65.500082,65.62512,68800,1.069325
1964-06-29,65.25,65.874962,65.25,65.874962,92800,1.073396
1964-06-26,65.874962,65.874962,64.50,65.25,140800,1.063213
1964-06-25,65.375038,65.874962,65.124962,65.874962,124800,1.073396
1964-06-24,64.87488,65.62512,64.50,65.375038,96000,1.06525
1964-06-23,64.50,64.87488,64.12512,64.87488,88000,1.057101
1964-06-22,64.12512,64.50,64.000082,64.50,78400,1.050992
1964-06-19,64.625038,64.625038,64.000082,64.12512,83200,1.044884
1964-06-18,64.87488,65.124962,64.625038,64.625038,68800,1.05303
1964-06-17,65.124962,65.25,64.750082,64.87488,131200,1.057101
1964-06-16,64.625038,65.25,64.625038,65.124962,227200,1.061175
1964-06-15,63.75,64.87488,63.75,64.50,148800,1.050992
1964-06-12,63.624962,64.000082,63.499918,63.75,150400,1.038771
1964-06-11,62.874962,63.875038,62.874962,63.624962,150400,1.036734
1964-06-10,61.999918,62.500082,61.000082,62.500082,264000,1.018405
1964-06-09,61.999918,62.25,61.750082,61.999918,102400,1.010255
1964-06-08,62.375038,62.62512,61.625038,61.999918,174400,1.010255
1964-06-05,61.87488,62.500082,61.87488,62.375038,227200,1.016367
1964-06-04,62.25,62.375038,61.625038,61.625038,136000,1.004146
1964-06-03,62.25,62.375038,61.999918,62.25,112000,1.01433
1964-06-02,62.25,62.500082,61.999918,62.25,164800,1.01433
1964-06-01,61.87488,62.375038,61.87488,62.25,280000,1.01433
1964-05-28,62.124962,62.124962,61.87488,61.87488,196800,1.008217
1964-05-27,62.62512,62.62512,62.25,62.25,148800,1.01433
1964-05-26,62.874962,63.125038,62.62512,62.874962,201600,1.024513
1964-05-25,62.62512,63.125038,62.500082,62.874962,203200,1.024513
1964-05-22,62.375038,63.125038,62.375038,62.62512,201600,1.020442
1964-05-21,61.000082,61.999918,61.000082,61.625038,254400,1.004146
1964-05-20,60.125038,60.875038,60.00,60.875038,254400,0.991925
1964-05-19,60.125038,60.499918,59.62512,60.125038,251200,0.979704
1964-05-18,60.125038,60.250082,59.874962,60.125038,91200,0.979704
1964-05-15,59.62512,60.125038,59.500082,60.125038,188800,0.979704
1964-05-14,59.749918,59.749918,59.124962,59.62512,81600,0.971559
1964-05-13,59.500082,60.00,59.500082,59.749918,230400,0.973592
1964-05-12,58.999918,59.500082,58.999918,59.500082,120000,0.969521
1964-05-11,58.999918,59.375038,58.750082,58.999918,160000,0.961371
1964-05-08,59.124962,59.62512,58.999918,58.999918,251200,0.961371
1964-05-07,59.25,59.749918,59.124962,59.124962,78400,0.963409
1964-05-06,59.500082,59.874962,59.124962,59.25,211200,0.965446
1964-05-05,58.50,59.62512,57.250082,59.500082,172800,0.969521
1964-05-04,59.500082,59.500082,58.50,58.50,110400,0.953225
1964-05-01,59.749918,59.749918,59.375038,59.749918,144000,0.973592
1964-04-30,59.749918,60.37488,59.25,60.00,88000,0.977667
1964-04-29,59.375038,60.250082,59.375038,59.749918,140800,0.973592
1964-04-28,60.499918,60.624962,58.999918,58.999918,140800,0.961371
1964-04-27,60.75,60.75,60.499918,60.499918,96000,0.985813
1964-04-24,61.750082,61.750082,60.875038,61.000082,116800,0.993963
1964-04-23,61.50,61.87488,61.249918,61.750082,131200,1.006184
1964-04-22,61.999918,61.999918,61.12512,61.50,145600,1.002109
1964-04-21,61.750082,62.25,61.750082,61.999918,62400,1.010255
1964-04-20,61.374962,62.25,61.12512,61.374962,259200,1.000071
1964-04-17,61.374962,61.750082,61.374962,61.374962,105600,1.000071
1964-04-16,60.875038,61.625038,60.875038,61.249918,129600,0.998034
1964-04-15,61.625038,61.625038,60.37488,60.75,249600,0.989888
1964-04-14,61.12512,61.625038,61.000082,61.625038,174400,0.997627
1964-04-13,61.750082,61.999918,61.12512,61.12512,196800,0.989534
1964-04-10,61.374962,62.25,61.374962,61.750082,129600,0.999651
1964-04-09,61.750082,61.750082,61.000082,61.12512,115200,0.989534
1964-04-08,62.124962,62.25,61.625038,61.87488,116800,1.001672
1964-04-07,63.00,63.00,61.87488,62.124962,153600,1.00572
1964-04-06,63.37488,63.499918,63.00,63.250082,100800,1.023934
1964-04-03,62.500082,63.499918,62.500082,63.37488,203200,1.025955
1964-04-02,61.87488,62.749918,61.87488,62.500082,220800,1.011793
1964-04-01,61.50,61.999918,61.12512,61.87488,251200,1.001672
1964-03-31,59.124962,61.50,58.50,61.50,409600,0.995603
1964-03-30,59.375038,59.500082,58.625038,59.124962,139200,0.957154
1964-03-26,59.874962,59.874962,58.999918,59.375038,182400,0.961203
1964-03-25,60.75,60.75,59.62512,59.874962,172800,0.969296
1964-03-24,60.37488,61.50,60.37488,61.249918,193600,0.991554
1964-03-23,59.62512,60.250082,59.62512,60.250082,179200,0.975368
1964-03-20,59.500082,59.874962,59.124962,59.500082,179200,0.963227
1964-03-19,59.124962,59.749918,59.124962,59.500082,124800,0.963227
1964-03-18,58.87488,58.999918,58.374962,58.625038,91200,0.949061
1964-03-17,59.25,59.25,58.249918,58.87488,139200,0.953106
1964-03-16,57.250082,59.749918,56.749918,59.375038,193600,0.961203
1964-03-13,59.124962,59.124962,57.00,57.250082,100800,0.926802
1964-03-12,59.375038,59.375038,58.374962,59.25,129600,0.959178
1964-03-11,58.999918,60.00,58.999918,59.500082,302400,0.963227
1964-03-10,58.625038,59.62512,58.625038,58.999918,124800,0.95513
1964-03-09,58.50,58.50,58.12512,58.50,169600,0.947037
1964-03-06,56.500082,59.25,56.500082,58.50,235200,0.947037
1964-03-05,55.374962,56.25,55.12512,56.25,139200,0.910612
1964-03-04,55.000082,55.50,54.75,55.374962,112000,0.896447
1964-03-03,54.250082,55.000082,54.00,55.000082,164800,0.890378
1964-03-02,54.250082,54.499918,53.500082,54.250082,124800,0.878236
1964-02-28,54.75,54.75,54.00,54.250082,92800,0.878236
1964-02-27,53.500082,54.875038,53.500082,54.875038,169600,0.888354
1964-02-26,51.875038,53.749918,51.875038,53.500082,139200,0.866095
1964-02-25,51.00,51.875038,51.00,51.624962,424000,0.835739
1964-02-24,50.500082,50.749918,50.124962,50.500082,304000,0.817529
1964-02-20,50.874962,51.125038,50.500082,50.500082,112000,0.817529
1964-02-19,50.749918,51.00,50.749918,50.874962,91200,0.823598
1964-02-18,50.62512,51.125038,50.62512,50.62512,174400,0.819553
1964-02-17,51.00,51.75,50.500082,50.62512,235200,0.819553
1964-02-14,51.125038,51.37488,50.749918,51.00,107200,0.825622
1964-02-13,50.749918,51.250082,50.749918,51.125038,136000,0.827646
1964-02-12,50.874962,50.874962,50.500082,50.500082,92800,0.817529
1964-02-11,50.500082,50.874962,50.25,50.874962,136000,0.823598
1964-02-10,50.749918,51.250082,50.500082,50.500082,136000,0.817529
1964-02-07,50.375038,50.749918,50.375038,50.749918,88000,0.821573
1964-02-06,50.874962,51.125038,50.25,50.375038,158400,0.815505
1964-02-05,50.874962,51.37488,50.375038,50.874962,336000,0.823598
1964-02-04,50.62512,50.874962,50.124962,50.874962,260800,0.823598
1964-02-03,52.249918,52.249918,50.25,50.62512,203200,0.819553
1964-01-31,52.249918,52.87488,52.12512,52.374962,155200,0.847881
1964-01-30,52.999918,53.124962,52.249918,52.249918,160000,0.845856
1964-01-29,52.374962,53.375038,52.374962,52.999918,241600,0.857998
1964-01-28,52.374962,52.50,52.000082,52.374962,144000,0.847881
1964-01-27,51.75,52.50,51.75,52.374962,136000,0.847881
1964-01-24,51.75,51.75,51.00,51.75,177600,0.837763
1964-01-23,51.624962,52.625038,51.624962,52.000082,96000,0.841812
1964-01-22,51.125038,51.499918,51.125038,51.499918,91200,0.833715
1964-01-21,50.874962,51.00,50.25,51.00,126400,0.825622
1964-01-20,51.125038,51.125038,50.25,50.874962,72000,0.823598
1964-01-17,51.499918,51.875038,50.874962,51.125038,270400,0.827646
1964-01-16,51.875038,51.875038,51.00,51.499918,153600,0.833715
1964-01-15,51.875038,52.000082,51.499918,51.875038,177600,0.839788
1964-01-14,51.250082,52.000082,51.250082,51.875038,259200,0.834931
1964-01-13,50.375038,51.624962,50.375038,51.250082,177600,0.824872
1964-01-10,49.50,50.375038,49.50,50.124962,246400,0.806763
1964-01-09,49.249918,49.625038,49.249918,49.50,83200,0.796705
1964-01-08,49.12512,49.249918,48.75,49.249918,92800,0.79268
1964-01-07,49.000082,49.374962,48.875038,49.12512,115200,0.790671
1964-01-06,48.75,49.000082,48.75,49.000082,73600,0.788658
1964-01-03,48.875038,49.000082,48.499918,48.75,110400,0.784633
1964-01-02,48.250082,48.875038,48.250082,48.875038,164800,0.786646
1963-12-31,48.125038,48.125038,47.62512,48.00,19200,0.772562
1963-12-30,48.00,48.250082,47.499839,48.250082,68800,0.776587
1963-12-27,47.499839,48.00,47.499839,48.00,86400,0.772562
1963-12-26,47.25,47.874959,47.25,47.375041,78400,0.762503
1963-12-24,47.499839,48.00,47.124959,47.25,76800,0.760491
1963-12-23,47.124959,47.499839,47.124959,47.499839,110400,0.764512
1963-12-20,47.25,48.125038,47.124959,47.124959,160000,0.758478
1963-12-19,48.00,48.00,47.25,47.25,148800,0.760491
1963-12-18,47.750161,48.250082,47.499839,48.250082,246400,0.776587
1963-12-17,48.00,48.00,47.25,47.750161,192000,0.768541
1963-12-16,47.124959,48.125038,47.000161,48.00,288000,0.772562
1963-12-13,47.499839,47.499839,47.124959,47.124959,52800,0.758478
1963-12-12,47.375041,48.250082,47.375041,47.499839,321600,0.764512
1963-12-11,48.00,48.00,46.50,47.25,105600,0.760491
1963-12-10,48.624962,48.624962,47.750161,48.250082,148800,0.776587
1963-12-09,48.875038,49.12512,48.499918,48.875038,100800,0.786646
1963-12-06,48.37488,49.625038,48.00,48.875038,294400,0.786646
1963-12-05,48.00,48.499918,47.499839,48.37488,164800,0.778596
1963-12-04,47.62512,48.250082,47.62512,48.00,163200,0.772562
1963-12-03,47.499839,47.62512,47.375041,47.499839,78400,0.764512
1963-12-02,47.124959,47.750161,47.000161,47.499839,169600,0.764512
1963-11-29,45.37488,47.124959,45.249839,47.124959,97600,0.758478
1963-11-27,45.125041,45.37488,45.00,45.37488,155200,0.730311
1963-11-26,45.00,45.624959,45.00,45.125041,187200,0.726289
1963-11-22,46.50,46.749839,44.000161,44.000161,428800,0.708185
1963-11-21,47.375041,47.62512,46.50,46.50,139200,0.74842
1963-11-20,45.999839,47.499839,45.500161,47.375041,212800,0.762503
1963-11-19,46.374959,46.749839,45.999839,45.999839,78400,0.740369
1963-11-18,47.124959,47.124959,46.374959,46.374959,96000,0.746407
1963-11-15,46.87488,47.375041,46.87488,47.124959,153600,0.758478
1963-11-14,47.000161,47.124959,46.625041,46.87488,148800,0.754453
1963-11-13,47.000161,47.62512,47.000161,47.000161,268800,0.75647
1963-11-12,47.000161,47.375041,47.000161,47.000161,112000,0.75647
1963-11-11,46.50,47.124959,46.50,47.000161,115200,0.75647
1963-11-08,46.12512,46.625041,45.999839,46.374959,188800,0.746407
1963-11-07,46.50,46.50,45.999839,46.12512,480000,0.742386
1963-11-06,46.625041,46.749839,46.250161,46.625041,249600,0.750432
1963-11-04,46.749839,46.87488,46.374959,46.625041,192000,0.750432
1963-11-01,46.50,46.87488,46.374959,46.749839,78400,0.752441
1963-10-31,47.25,47.25,46.50,46.50,288000,0.74842
1963-10-30,47.375041,47.62512,47.000161,47.25,275200,0.760491
1963-10-29,46.12512,47.750161,46.12512,47.375041,332800,0.762503
1963-10-28,44.499839,45.999839,44.499839,45.999839,318400,0.740369
1963-10-25,43.749839,44.499839,43.749839,44.499839,260800,0.716227
1963-10-24,43.12512,43.50,43.12512,43.250161,212800,0.696113
1963-10-23,42.999839,43.50,42.999839,43.12512,136000,0.694101
1963-10-22,43.625041,43.625041,42.999839,42.999839,225600,0.692084
1963-10-21,43.625041,43.87488,43.625041,43.87488,201600,0.706168
1963-10-18,43.87488,44.124959,43.625041,43.625041,216000,0.702147
1963-10-17,43.50,44.124959,43.50,43.87488,208000,0.706168
1963-10-16,43.50,44.000161,43.50,43.50,188800,0.700134
1963-10-15,43.749839,43.749839,43.250161,43.50,107200,0.700134
1963-10-14,44.375041,44.375041,43.749839,43.87488,112000,0.70134
1963-10-11,44.25,44.874959,44.25,44.874959,163200,0.717326
1963-10-10,43.749839,44.62512,43.625041,44.124959,182400,0.705337
1963-10-09,43.749839,44.000161,43.374959,43.749839,174400,0.699341
1963-10-08,43.625041,43.87488,43.50,43.749839,40000,0.699341
1963-10-07,44.499839,44.499839,43.374959,43.625041,155200,0.697346
1963-10-04,43.87488,44.62512,43.749839,44.499839,121600,0.71133
1963-10-03,42.500161,43.87488,42.500161,43.87488,131200,0.70134
1963-10-02,42.875041,42.875041,42.249839,42.500161,134400,0.679365
1963-10-01,43.250161,44.25,42.875041,42.875041,246400,0.685357
1963-09-30,42.624959,43.250161,42.37488,43.250161,124800,0.691353
1963-09-27,42.00,42.999839,42.00,42.624959,54400,0.68136
1963-09-26,42.875041,43.50,41.62512,41.62512,217600,0.665377
1963-09-25,43.625041,43.87488,42.500161,42.875041,153600,0.685357
1963-09-24,43.87488,43.87488,43.250161,43.625041,158400,0.697346
1963-09-23,43.87488,43.87488,43.250161,43.87488,115200,0.70134
1963-09-20,42.999839,44.25,42.999839,43.87488,232000,0.70134
1963-09-19,42.624959,43.50,42.624959,42.875041,124800,0.685357
1963-09-18,43.749839,43.749839,42.37488,42.500161,240000,0.679365
1963-09-17,43.749839,44.62512,43.749839,44.124959,86400,0.705337
1963-09-16,44.124959,44.124959,43.50,43.749839,105600,0.699341
1963-09-13,44.124959,44.124959,43.625041,44.124959,57600,0.705337
1963-09-12,44.124959,44.375041,43.625041,44.124959,192000,0.705337
1963-09-11,43.749839,44.375041,43.625041,44.124959,134400,0.705337
1963-09-10,43.50,43.749839,43.12512,43.749839,57600,0.699341
1963-09-09,44.000161,44.000161,43.12512,43.50,78400,0.695347
1963-09-06,44.499839,44.874959,44.000161,44.124959,177600,0.705337
1963-09-05,44.750161,44.874959,44.124959,44.499839,275200,0.71133
1963-09-04,44.62512,44.874959,44.62512,44.750161,110400,0.715331
1963-09-03,44.874959,44.874959,44.124959,44.499839,280000,0.71133
1963-08-30,45.125041,45.249839,44.750161,44.874959,126400,0.717326
1963-08-29,45.00,45.500161,44.750161,45.125041,371200,0.721323
1963-08-28,44.874959,45.00,44.499839,45.00,158400,0.719325
1963-08-27,45.125041,45.249839,44.874959,44.874959,81600,0.717326
1963-08-26,45.249839,45.37488,44.874959,45.125041,203200,0.721323
1963-08-23,45.125041,45.500161,45.125041,45.249839,120000,0.723318
1963-08-22,45.125041,45.37488,45.125041,45.125041,59200,0.721323
1963-08-21,45.249839,45.500161,45.125041,45.125041,150400,0.721323
1963-08-20,45.00,45.500161,45.00,45.249839,136000,0.723318
1963-08-19,44.750161,45.500161,44.499839,45.00,174400,0.719325
1963-08-16,44.62512,45.00,44.375041,44.750161,160000,0.715331
1963-08-15,43.749839,44.62512,43.749839,44.62512,68800,0.713332
1963-08-14,44.25,44.25,43.50,43.50,144000,0.695347
1963-08-13,44.499839,44.62512,44.25,44.499839,160000,0.71133
1963-08-12,44.25,44.62512,44.25,44.499839,129600,0.71133
1963-08-09,43.749839,44.25,43.625041,44.25,168000,0.707336
1963-08-08,43.625041,44.124959,43.625041,43.749839,68800,0.699341
1963-08-07,43.87488,43.87488,43.374959,43.50,92800,0.695347
1963-08-06,43.87488,44.124959,43.625041,43.87488,203200,0.70134
1963-08-05,43.50,44.000161,43.250161,43.87488,192000,0.70134
1963-08-02,43.625041,43.749839,43.50,43.50,164800,0.695347
1963-08-01,43.374959,43.625041,43.250161,43.625041,105600,0.697346
1963-07-31,43.12512,43.625041,43.12512,43.374959,96000,0.693348
1963-07-30,42.125041,42.999839,42.125041,42.875041,105600,0.685357
1963-07-29,42.00,42.00,41.62512,41.874959,92800,0.669371
1963-07-26,43.12512,43.12512,41.874959,42.00,172800,0.67137
1963-07-25,43.12512,43.50,43.12512,43.250161,150400,0.691353
1963-07-24,43.250161,43.374959,42.624959,43.12512,100800,0.689355
1963-07-23,43.50,43.50,43.12512,43.250161,78400,0.691353
1963-07-22,43.749839,43.749839,43.12512,43.625041,187200,0.697346
1963-07-19,44.000161,44.000161,43.50,43.87488,73600,0.70134
1963-07-18,44.499839,44.874959,44.124959,44.124959,518400,0.705337
1963-07-17,44.499839,44.750161,44.499839,44.499839,107200,0.71133
1963-07-16,44.874959,44.874959,44.124959,44.499839,323200,0.71133
1963-07-15,45.624959,45.624959,45.00,45.00,163200,0.714529
1963-07-12,45.875041,45.875041,45.37488,45.624959,110400,0.724452
1963-07-11,45.37488,46.12512,45.37488,45.875041,318400,0.728423
1963-07-10,45.125041,45.624959,45.00,45.249839,126400,0.718496
1963-07-09,44.874959,45.249839,44.62512,45.125041,150400,0.716515
1963-07-08,44.874959,45.37488,44.750161,44.874959,192000,0.712544
1963-07-05,44.499839,44.874959,44.375041,44.874959,144000,0.712544
1963-07-03,43.749839,44.499839,43.749839,44.499839,208000,0.706587
1963-07-02,42.500161,43.625041,42.37488,43.625041,558400,0.692697
1963-07-01,43.12512,43.250161,42.00,42.500161,187200,0.674836
1963-06-28,42.75,43.374959,42.624959,43.12512,153600,0.684759
1963-06-27,43.12512,43.12512,42.75,42.75,188800,0.678803
1963-06-26,43.50,43.50,42.999839,43.250161,124800,0.686744
1963-06-25,43.50,43.87488,42.999839,43.50,308800,0.690711
1963-06-24,43.749839,44.000161,43.50,43.50,97600,0.690711
1963-06-21,43.50,43.87488,43.50,43.749839,192000,0.694678
1963-06-20,43.12512,43.625041,43.12512,43.250161,217600,0.686744
1963-06-19,43.50,43.87488,42.999839,42.999839,246400,0.68277
1963-06-18,43.12512,43.625041,43.12512,43.50,115200,0.690711
1963-06-17,44.000161,44.25,43.12512,43.12512,112000,0.684759
1963-06-14,43.12512,44.000161,42.624959,44.000161,246400,0.698653
1963-06-13,43.374959,43.50,43.12512,43.12512,112000,0.684759
1963-06-12,43.50,44.25,43.12512,43.374959,268800,0.688726
1963-06-11,44.000161,44.375041,43.374959,43.50,268800,0.690711
1963-06-10,44.499839,44.499839,43.50,44.000161,355200,0.698653
1963-06-07,45.75,45.75,45.00,45.00,312000,0.714529
1963-06-06,46.12512,46.87488,46.12512,46.12512,249600,0.732394
1963-06-05,45.999839,46.87488,45.999839,46.12512,336000,0.732394
1963-06-04,45.75,45.999839,45.249839,45.999839,328000,0.730405
1963-06-03,44.62512,45.875041,44.62512,45.75,283200,0.726438
1963-05-31,43.50,44.874959,43.50,44.375041,328000,0.704606
1963-05-29,42.624959,43.374959,42.500161,43.12512,105600,0.684759
1963-05-28,42.00,42.875041,42.00,42.624959,278400,0.676817
1963-05-27,42.249839,42.249839,41.874959,42.00,164800,0.666894
1963-05-24,42.125041,42.500161,42.00,42.37488,134400,0.672846
1963-05-23,41.375041,42.37488,41.375041,42.125041,510400,0.668879
1963-05-22,41.375041,41.750161,41.25,41.25,198400,0.654985
1963-05-21,41.499839,41.499839,41.000161,41.375041,374400,0.65697
1963-05-20,41.499839,41.750161,41.375041,41.62512,91200,0.660941
1963-05-17,41.499839,41.874959,41.375041,41.499839,203200,0.658952
1963-05-16,41.499839,41.874959,41.375041,41.499839,192000,0.658952
1963-05-15,41.375041,41.499839,41.124959,41.499839,131200,0.658952
1963-05-14,41.25,41.62512,41.124959,41.375041,184000,0.65697
1963-05-13,40.250161,41.499839,40.250161,41.25,299200,0.654985
1963-05-10,39.500161,40.374959,39.37488,40.250161,342400,0.639109
1963-05-09,38.62512,39.624959,38.499839,39.500161,520000,0.6272
1963-05-08,38.000161,38.62512,37.625041,38.62512,153600,0.613306
1963-05-07,38.25,38.750161,38.000161,38.000161,289600,0.603383
1963-05-06,37.50,38.499839,37.250161,38.25,676800,0.60735
1963-05-03,37.50,38.000161,37.250161,37.50,163200,0.595441
1963-05-02,37.50,37.749839,37.50,37.50,155200,0.595441
1963-05-01,37.250161,37.625041,36.999839,37.250161,196800,0.591474
1963-04-30,37.250161,37.625041,37.250161,37.250161,198400,0.591474
1963-04-29,37.250161,37.50,37.12512,37.250161,168000,0.591474
1963-04-26,37.12512,37.625041,36.999839,37.250161,169600,0.591474
1963-04-25,36.875041,37.374959,36.875041,37.12512,283200,0.589488
1963-04-24,36.875041,36.999839,36.624959,36.624959,227200,0.581547
1963-04-23,36.999839,36.999839,36.624959,36.875041,230400,0.585518
1963-04-22,37.50,37.50,36.999839,37.12512,163200,0.589488
1963-04-19,37.50,37.87488,36.999839,37.625041,419200,0.597426
1963-04-18,36.999839,37.749839,36.875041,37.50,158400,0.595441
1963-04-17,37.250161,37.250161,36.75,36.999839,88000,0.587499
1963-04-16,37.250161,37.250161,36.75,37.250161,129600,0.591474
1963-04-15,37.374959,37.374959,36.999839,37.374959,150400,0.588692
1963-04-11,37.50,37.50,36.624959,37.374959,408000,0.588692
1963-04-10,38.25,38.25,36.999839,37.50,715200,0.590661
1963-04-09,37.749839,38.25,37.374959,38.25,227200,0.602475
1963-04-08,37.374959,37.87488,37.374959,37.749839,158400,0.594597
1963-04-05,37.374959,37.374959,37.12512,37.374959,44800,0.588692
1963-04-04,37.50,37.625041,37.12512,37.374959,100800,0.588692
1963-04-03,37.12512,37.50,36.999839,37.50,115200,0.590661
1963-04-02,37.12512,37.374959,37.12512,37.12512,144000,0.584757
1963-04-01,36.500161,37.87488,36.500161,37.12512,134400,0.584757
1963-03-29,36.75,36.75,36.249839,36.500161,220800,0.574913
1963-03-28,36.37488,36.875041,36.37488,36.875041,134400,0.580818
1963-03-27,35.62512,36.249839,35.62512,36.249839,240000,0.57097
1963-03-26,35.25,35.62512,35.25,35.62512,54400,0.56113
1963-03-25,35.25,35.874959,35.000161,35.124959,145600,0.553252
1963-03-22,35.25,35.62512,35.25,35.25,30400,0.555222
1963-03-21,35.375041,35.375041,34.749839,35.25,59200,0.555222
1963-03-20,35.750161,35.874959,35.000161,35.375041,174400,0.557191
1963-03-19,35.750161,35.750161,35.124959,35.750161,73600,0.5631
1963-03-18,35.499839,35.874959,35.124959,35.750161,184000,0.5631
1963-03-15,35.62512,35.62512,35.499839,35.499839,131200,0.559157
1963-03-14,35.874959,36.00,35.874959,35.874959,48000,0.565065
1963-03-13,36.125041,36.249839,35.750161,35.874959,254400,0.565065
1963-03-12,36.00,36.249839,36.00,36.125041,140800,0.569005
1963-03-11,35.499839,36.125041,35.499839,36.00,148800,0.567035
1963-03-08,36.00,36.125041,35.499839,35.499839,169600,0.559157
1963-03-07,35.62512,36.125041,35.62512,36.00,97600,0.567035
1963-03-06,35.25,35.750161,35.25,35.62512,174400,0.56113
1963-03-05,35.62512,36.00,35.124959,35.25,206400,0.555222
1963-03-04,34.87488,35.750161,34.87488,35.62512,155200,0.56113
1963-03-01,35.000161,35.25,34.625041,34.87488,384000,0.549313
1963-02-28,35.124959,35.25,35.000161,35.000161,91200,0.551287
1963-02-27,35.375041,35.375041,35.000161,35.124959,116800,0.553252
1963-02-26,35.25,35.499839,35.124959,35.499839,105600,0.559157
1963-02-25,35.000161,35.375041,35.000161,35.25,131200,0.555222
1963-02-21,35.499839,35.499839,35.000161,35.124959,192000,0.553252
1963-02-20,35.750161,35.874959,35.000161,35.499839,265600,0.559157
1963-02-19,36.00,36.125041,35.750161,35.750161,230400,0.5631
1963-02-18,36.00,36.500161,35.62512,36.00,225600,0.567035
1963-02-15,36.249839,36.249839,35.874959,36.00,412800,0.567035
1963-02-14,36.37488,36.75,36.37488,36.500161,44800,0.574913
1963-02-13,36.37488,36.500161,36.00,36.37488,86400,0.57294
1963-02-12,35.750161,36.37488,35.750161,36.37488,150400,0.57294
1963-02-11,36.37488,36.37488,35.62512,35.750161,222400,0.5631
1963-02-08,36.37488,36.37488,36.00,36.37488,169600,0.57294
1963-02-07,37.50,37.50,35.750161,36.500161,131200,0.574913
1963-02-06,37.250161,37.625041,36.999839,37.50,81600,0.590661
1963-02-05,37.625041,37.625041,36.999839,37.250161,153600,0.586726
1963-02-04,38.000161,38.000161,36.999839,37.749839,102400,0.594597
1963-02-01,38.499839,38.62512,38.000161,38.000161,150400,0.598539
1963-01-31,38.124959,38.499839,38.000161,38.499839,126400,0.60641
1963-01-30,38.124959,38.375041,37.87488,38.124959,96000,0.600505
1963-01-29,38.000161,38.375041,37.749839,38.124959,292800,0.600505
1963-01-28,37.50,38.62512,37.374959,38.000161,265600,0.598539
1963-01-25,37.374959,37.749839,37.250161,37.50,240000,0.590661
1963-01-24,37.250161,37.87488,37.250161,37.374959,256000,0.588692
1963-01-23,37.374959,37.50,37.12512,37.250161,150400,0.586726
1963-01-22,37.12512,37.625041,37.12512,37.374959,155200,0.588692
1963-01-21,38.000161,38.000161,37.12512,37.12512,203200,0.584757
1963-01-18,38.124959,38.62512,38.000161,38.000161,196800,0.598539
1963-01-17,37.749839,38.124959,37.625041,38.124959,88000,0.600505
1963-01-16,38.499839,38.874959,37.749839,37.749839,62400,0.594597
1963-01-15,38.25,38.62512,37.749839,38.499839,124800,0.60641
1963-01-14,38.000161,38.375041,37.749839,38.25,153600,0.598536
1963-01-11,37.999921,38.25,37.87488,37.999921,5400,0.594622
1963-01-10,38.124959,38.375041,38.000161,38.000161,83200,0.594626
1963-01-09,38.124959,38.499839,38.124959,38.124959,115200,0.596579
1963-01-08,38.124959,38.62512,37.87488,38.124959,260800,0.596579
1963-01-07,38.25,38.62512,38.124959,38.124959,129600,0.596579
1963-01-04,37.374959,38.375041,37.374959,38.25,140800,0.598536
1963-01-03,37.12512,37.625041,37.12512,37.374959,73600,0.584843
1963-01-02,37.374959,37.50,36.999839,36.999839,112000,0.578973
1962-12-31,36.999839,37.50,36.624959,37.374959,97600,0.584843
1962-12-28,37.250161,37.250161,36.624959,36.999839,158400,0.578973
1962-12-27,37.12512,37.250161,36.875041,37.250161,121600,0.58289
1962-12-26,36.875041,37.12512,36.875041,37.12512,121600,0.580934
1962-12-24,36.500161,36.75,36.500161,36.624959,116800,0.573107
1962-12-21,35.750161,36.500161,35.499839,36.500161,398400,0.571154
1962-12-20,36.125041,36.249839,35.750161,35.750161,273600,0.559418
1962-12-19,36.00,36.93744,36.00,36.125041,102400,0.565284
1962-12-18,35.499839,36.500161,35.499839,36.00,313600,0.563328
1962-12-17,35.750161,35.750161,35.375041,35.375041,129600,0.553548
1962-12-14,35.874959,35.874959,35.499839,35.750161,88000,0.559418
1962-12-13,35.874959,36.249839,35.750161,36.249839,64000,0.567237
1962-12-12,36.875041,36.875041,35.499839,35.874959,374400,0.561371
1962-12-11,36.999839,36.999839,36.500161,36.999839,408000,0.578973
1962-12-10,37.749839,38.000161,36.999839,36.999839,441600,0.578973
1962-12-07,37.87488,37.87488,37.250161,37.749839,96000,0.590709
1962-12-06,37.250161,37.87488,37.12512,37.87488,126400,0.592666
1962-12-05,37.625041,37.749839,37.250161,37.250161,182400,0.58289
1962-12-04,36.249839,37.625041,36.249839,37.625041,206400,0.588756
1962-12-03,36.125041,36.500161,36.125041,36.249839,81600,0.567237
1962-11-30,36.125041,36.624959,36.125041,36.125041,124800,0.565284
1962-11-29,36.125041,36.500161,36.125041,36.125041,131200,0.565284
1962-11-28,36.00,36.125041,35.874959,36.125041,177600,0.565284
1962-11-27,36.00,36.125041,35.62512,36.00,164800,0.563328
1962-11-26,36.00,36.125041,35.874959,36.00,187200,0.563328
1962-11-23,36.00,36.624959,35.874959,36.00,227200,0.563328
1962-11-21,36.00,36.125041,35.874959,36.00,105600,0.563328
1962-11-20,36.00,36.125041,35.874959,36.00,112000,0.563328
1962-11-19,36.00,36.125041,35.750161,36.00,112000,0.563328
1962-11-16,36.00,36.37488,35.874959,36.00,126400,0.563328
1962-11-15,36.125041,36.75,35.874959,36.00,187200,0.563328
1962-11-14,35.62512,36.624959,35.499839,36.125041,260800,0.565284
1962-11-13,35.000161,35.750161,34.87488,35.62512,216000,0.557462
1962-11-12,34.87488,35.000161,34.625041,35.000161,96000,0.547682
1962-11-09,34.87488,34.87488,34.50,34.87488,120000,0.545722
1962-11-08,35.000161,35.000161,34.625041,35.000161,129600,0.547682
1962-11-07,34.50,35.124959,34.50,35.000161,182400,0.547682
1962-11-05,33.875041,34.87488,33.875041,34.50,172800,0.539856
1962-11-02,33.624959,33.999839,33.500161,33.875041,211200,0.530076
1962-11-01,32.874959,33.75,32.874959,33.624959,136000,0.526163
1962-10-31,33.00,33.125041,32.750161,32.874959,150400,0.514427
1962-10-30,31.87488,33.00,31.50,33.00,217600,0.516384
1962-10-29,32.124959,32.499839,31.12512,31.87488,179200,0.498778
1962-10-26,30.624959,31.374959,30.500161,30.500161,88000,0.477266
1962-10-25,30.75,31.374959,30.00,30.624959,230400,0.479219
1962-10-24,29.874959,30.875041,29.62512,30.75,249600,0.481176
1962-10-23,30.37488,30.624959,29.62512,29.874959,179200,0.467483
1962-10-22,30.875041,30.875041,30.249839,30.37488,179200,0.475306
1962-10-19,32.000161,32.375041,30.999839,30.999839,313600,0.485085
1962-10-18,32.62512,32.750161,32.000161,32.000161,184000,0.500738
1962-10-17,32.375041,32.750161,32.375041,32.62512,153600,0.510518
1962-10-16,32.375041,33.249839,32.375041,32.375041,225600,0.506604
1962-10-15,31.625041,32.874959,31.625041,32.874959,76800,0.510514
1962-10-12,31.749839,31.749839,31.50,31.625041,72000,0.491104
1962-10-11,32.000161,32.000161,31.50,31.87488,188800,0.494984
1962-10-10,31.625041,32.499839,31.625041,32.499839,139200,0.504689
1962-10-09,31.50,32.000161,31.50,31.625041,323200,0.491104
1962-10-08,32.124959,32.124959,31.87488,32.124959,110400,0.498867
1962-10-05,32.499839,32.62512,32.124959,32.25,86400,0.500809
1962-10-04,31.749839,32.499839,31.625041,32.499839,78400,0.504689
1962-10-03,31.50,32.499839,31.50,31.749839,76800,0.493042
1962-10-02,31.374959,32.874959,31.250161,31.50,164800,0.489162
1962-10-01,31.250161,31.625041,31.250161,31.374959,105600,0.48722
1962-09-28,31.87488,32.375041,31.50,31.50,81600,0.489162
1962-09-27,32.375041,32.874959,31.87488,31.87488,232000,0.494984
1962-09-26,33.37488,33.37488,32.375041,32.375041,211200,0.502751
1962-09-25,32.874959,33.37488,32.874959,33.37488,112000,0.518277
1962-09-24,33.37488,33.37488,32.499839,32.874959,260800,0.510514
1962-09-21,33.75,33.75,33.37488,33.75,230400,0.524102
1962-09-20,33.75,34.250161,33.75,34.12512,160000,0.529928
1962-09-19,33.37488,33.875041,33.37488,33.75,134400,0.524102
1962-09-18,33.624959,34.250161,33.624959,34.12512,203200,0.529928
1962-09-17,33.75,34.12512,33.500161,33.624959,232000,0.522161
1962-09-14,34.87488,35.000161,33.75,33.75,144000,0.524102
1962-09-13,34.250161,35.000161,34.250161,34.87488,120000,0.541571
1962-09-12,33.875041,34.374959,33.75,33.999839,102400,0.527982
1962-09-11,33.75,33.999839,33.624959,33.875041,102400,0.526044
1962-09-10,34.250161,34.250161,33.37488,33.75,164800,0.524102
1962-09-07,33.875041,34.374959,33.500161,34.374959,289600,0.533807
1962-09-06,33.875041,33.999839,33.37488,33.875041,182400,0.526044
1962-09-05,34.50,34.50,33.624959,33.875041,385600,0.526044
1962-09-04,35.124959,35.874959,34.749839,34.749839,227200,0.539629
1962-08-31,35.124959,35.750161,35.124959,35.124959,92800,0.545454
1962-08-30,35.000161,35.375041,35.000161,35.000161,168000,0.543516
1962-08-29,35.000161,35.375041,34.50,35.000161,289600,0.543516
1962-08-28,35.375041,35.375041,35.000161,35.000161,179200,0.543516
1962-08-27,35.000161,35.375041,34.625041,35.375041,168000,0.549337
1962-08-24,34.625041,35.375041,34.625041,35.000161,76800,0.543516
1962-08-23,34.250161,35.499839,34.12512,34.625041,246400,0.537691
1962-08-22,33.875041,34.374959,33.875041,34.250161,235200,0.531869
1962-08-21,33.624959,34.12512,33.249839,33.624959,160000,0.522161
1962-08-20,33.75,34.12512,33.624959,33.624959,140800,0.522161
1962-08-17,33.75,33.999839,33.249839,33.75,163200,0.524102
1962-08-16,33.75,33.999839,33.249839,33.75,174400,0.524102
1962-08-15,31.87488,33.75,31.87488,33.75,304000,0.524102
1962-08-14,31.250161,31.87488,31.12512,31.50,160000,0.489162
1962-08-13,31.50,31.749839,30.999839,31.250161,235200,0.485282
1962-08-10,31.625041,31.749839,31.250161,31.50,134400,0.489162
1962-08-09,31.87488,32.000161,31.50,31.625041,172800,0.491104
1962-08-08,32.124959,32.124959,31.625041,31.87488,115200,0.494984
1962-08-07,32.25,32.499839,31.625041,32.375041,150400,0.502751
1962-08-06,32.000161,32.375041,32.000161,32.25,88000,0.500809
1962-08-03,31.625041,32.000161,31.625041,32.000161,52800,0.496929
1962-08-02,31.625041,31.87488,31.374959,31.625041,102400,0.491104
1962-08-01,31.749839,31.87488,31.374959,31.625041,201600,0.491104
1962-07-31,31.12512,31.749839,31.12512,31.749839,131200,0.493042
1962-07-30,30.999839,31.50,30.875041,31.12512,100800,0.483341
1962-07-27,30.500161,31.374959,30.37488,30.999839,105600,0.481395
1962-07-26,30.500161,30.500161,30.249839,30.500161,112000,0.473636
1962-07-25,30.75,30.75,29.499839,30.624959,196800,0.475574
1962-07-24,31.50,31.50,30.999839,30.999839,302400,0.481395
1962-07-23,31.87488,32.25,31.50,31.625041,126400,0.491104
1962-07-20,31.374959,32.124959,31.374959,31.87488,172800,0.494984
1962-07-19,31.250161,31.749839,31.12512,31.250161,174400,0.485282
1962-07-18,31.749839,31.749839,31.12512,31.250161,169600,0.485282
1962-07-17,32.499839,32.62512,31.87488,32.000161,283200,0.496929
1962-07-16,32.124959,32.874959,32.124959,32.499839,131200,0.500805
1962-07-13,32.62512,32.750161,32.124959,32.124959,116800,0.495028
1962-07-12,32.499839,33.00,32.499839,32.62512,136000,0.502736
1962-07-11,32.62512,32.62512,32.000161,32.499839,160000,0.500805
1962-07-10,33.00,34.374959,33.00,33.00,321600,0.508512
1962-07-09,32.874959,32.874959,32.375041,32.874959,96000,0.506586
1962-07-06,33.249839,33.249839,32.000161,33.00,107200,0.508512
1962-07-05,32.62512,33.500161,32.62512,33.249839,97600,0.512362
1962-07-03,32.000161,32.62512,32.000161,32.375041,120000,0.498882
1962-07-02,31.87488,32.750161,31.50,32.000161,121600,0.493105
1962-06-29,31.625041,32.499839,31.50,31.87488,158400,0.491175
1962-06-28,30.500161,32.25,30.500161,31.625041,145600,0.487325
1962-06-27,30.00,30.00,29.499839,30.00,124800,0.462284
1962-06-26,29.62512,30.624959,29.499839,30.125041,211200,0.464211
1962-06-25,30.75,30.75,29.499839,29.62512,318400,0.456507
1962-06-22,32.000161,32.499839,30.875041,30.875041,379200,0.475768
1962-06-21,32.750161,33.249839,32.000161,32.000161,225600,0.493105
1962-06-20,33.37488,33.37488,32.499839,32.750161,139200,0.504662
1962-06-19,33.125041,33.37488,32.750161,33.37488,148800,0.514289
1962-06-18,33.125041,33.624959,33.125041,33.125041,198400,0.510439
1962-06-15,32.124959,32.874959,32.124959,32.874959,278400,0.506586
1962-06-14,33.00,33.00,32.124959,32.124959,544000,0.495028
1962-06-13,33.500161,34.50,33.00,33.125041,265600,0.510439
1962-06-12,33.500161,33.500161,33.125041,33.500161,220800,0.51622
1962-06-11,34.749839,34.749839,33.37488,33.75,120000,0.520069
1962-06-08,34.87488,34.87488,34.12512,34.87488,112000,0.537403
1962-06-07,34.50,35.750161,34.374959,35.000161,153600,0.539334
1962-06-06,34.250161,35.124959,34.250161,34.50,140800,0.531627
1962-06-05,33.37488,34.374959,33.125041,33.875041,196800,0.521996
1962-06-04,34.250161,34.250161,33.249839,33.37488,158400,0.514289
1962-06-01,34.374959,34.87488,33.999839,34.87488,148800,0.537403
1962-05-31,33.500161,34.625041,33.500161,34.374959,196800,0.5297
1962-05-29,32.750161,34.50,30.999839,32.499839,451200,0.500805
1962-05-28,34.625041,34.625041,32.750161,32.750161,148800,0.504662
1962-05-25,34.749839,35.000161,34.250161,34.625041,155200,0.533553
1962-05-24,35.124959,35.874959,34.625041,34.749839,336000,0.535476
1962-05-23,36.00,36.125041,34.87488,35.124959,256000,0.541257
1962-05-22,36.500161,36.75,36.00,36.00,116800,0.554741
1962-05-21,36.875041,36.875041,36.249839,36.500161,131200,0.562448
1962-05-18,36.500161,37.250161,36.500161,36.875041,187200,0.568225
1962-05-17,36.37488,36.500161,36.00,36.249839,179200,0.558591
1962-05-16,36.624959,36.624959,36.125041,36.37488,102400,0.560517
1962-05-15,36.00,36.875041,36.00,36.624959,131200,0.564371
1962-05-14,35.375041,36.75,34.749839,34.749839,145600,0.535476
1962-05-11,35.375041,35.375041,34.87488,35.375041,140800,0.54511
1962-05-10,36.875041,36.875041,35.25,35.375041,16000,0.54511
1962-05-09,37.250161,37.50,36.00,36.999839,96000,0.570148
1962-05-08,37.250161,37.749839,37.12512,37.250161,129600,0.574005
1962-05-07,37.250161,37.50,36.999839,37.250161,182400,0.574005
1962-05-04,37.625041,38.000161,37.250161,37.250161,76800,0.574005
1962-05-03,36.00,37.625041,35.874959,37.625041,78400,0.579782
1962-05-02,35.750161,36.37488,35.750161,36.00,139200,0.554741
1962-05-01,35.499839,35.874959,34.250161,35.750161,227200,0.550891
1962-04-30,36.999839,36.999839,35.25,35.499839,187200,0.547034
1962-04-27,37.250161,37.374959,36.500161,36.999839,182400,0.570148
1962-04-26,36.875041,37.87488,36.875041,37.250161,163200,0.574005
1962-04-25,37.50,37.50,36.75,36.75,120000,0.566298
1962-04-24,37.250161,37.749839,37.250161,37.749839,102400,0.581705
1962-04-23,38.375041,38.375041,36.999839,37.12512,136000,0.572078
1962-04-19,38.499839,39.00,38.499839,38.499839,81600,0.593262
1962-04-18,38.25,38.750161,38.000161,38.499839,131200,0.593262
1962-04-17,37.87488,38.874959,37.87488,38.25,172800,0.589412
1962-04-16,38.62512,38.62512,37.250161,37.749839,129600,0.581705
1962-04-13,39.624959,39.624959,38.750161,38.750161,38400,0.593266
1962-04-12,39.875041,39.875041,39.249839,39.75,158400,0.608573
1962-04-11,40.250161,40.625041,39.75,40.12512,182400,0.614316
1962-04-10,39.875041,40.250161,39.624959,40.250161,120000,0.616231
1962-04-09,40.374959,40.374959,39.875041,39.875041,124800,0.610488
1962-04-06,40.374959,40.374959,39.875041,40.374959,148800,0.618141
1962-04-05,40.12512,40.50,39.999839,40.50,192000,0.620056
1962-04-04,39.999839,40.374959,39.875041,40.12512,115200,0.614316
1962-04-03,40.12512,40.625041,39.875041,39.999839,168000,0.612398
1962-04-02,40.749839,40.749839,39.875041,40.12512,230400,0.614316
1962-03-30,40.374959,40.87488,40.250161,40.87488,86400,0.625795
1962-03-29,40.87488,40.87488,40.250161,40.374959,91200,0.618141
1962-03-28,40.12512,40.87488,40.12512,40.87488,145600,0.625795
1962-03-27,40.12512,40.250161,39.999839,40.12512,112000,0.614316
1962-03-26,40.374959,40.50,39.75,40.12512,124800,0.614316
1962-03-23,40.374959,40.749839,40.12512,40.374959,188800,0.618141
1962-03-22,39.999839,40.625041,39.999839,40.374959,268800,0.618141
1962-03-21,40.749839,40.87488,39.500161,39.75,232000,0.608573
1962-03-20,39.999839,40.749839,39.999839,40.749839,177600,0.623881
1962-03-19,39.875041,40.374959,39.624959,39.875041,105600,0.610488
1962-03-16,39.500161,39.875041,39.500161,39.875041,78400,0.610488
1962-03-15,39.875041,39.875041,39.249839,39.500161,139200,0.604748
1962-03-14,39.125041,39.875041,39.125041,39.875041,116800,0.610488
1962-03-13,38.750161,39.249839,38.124959,39.00,140800,0.597091
1962-03-12,39.249839,39.37488,38.750161,38.750161,96000,0.593266
1962-03-09,39.37488,39.500161,39.249839,39.249839,86400,0.600916
1962-03-08,39.75,39.875041,39.249839,39.37488,97600,0.60283
1962-03-07,40.250161,40.250161,39.500161,39.75,172800,0.608573
1962-03-06,40.50,40.87488,39.999839,40.250161,97600,0.616231
1962-03-05,40.50,40.625041,39.999839,40.50,78400,0.620056
1962-03-02,40.374959,40.50,39.999839,40.50,105600,0.620056
1962-03-01,40.374959,40.87488,40.374959,40.374959,73600,0.618141
1962-02-28,40.374959,40.87488,39.999839,40.374959,139200,0.618141
1962-02-27,40.749839,41.000161,40.250161,40.374959,116800,0.618141
1962-02-26,39.999839,40.749839,39.999839,40.749839,158400,0.623881
1962-02-23,39.249839,39.75,39.00,39.249839,96000,0.600916
1962-02-21,40.12512,40.12512,39.00,39.249839,97600,0.600916
1962-02-20,40.250161,40.374959,39.999839,40.12512,67200,0.614316
1962-02-19,40.250161,40.625041,39.875041,40.250161,169600,0.616231
1962-02-16,39.999839,40.50,39.249839,40.250161,88000,0.616231
1962-02-15,40.12512,40.12512,39.500161,39.999839,59200,0.612398
1962-02-14,40.625041,40.625041,39.999839,40.250161,177600,0.616231
1962-02-13,40.749839,40.87488,40.374959,40.625041,86400,0.62197
1962-02-12,40.625041,40.749839,40.12512,40.749839,97600,0.623881
1962-02-09,41.124959,41.25,40.625041,40.625041,115200,0.62197
1962-02-08,41.124959,41.25,41.124959,41.124959,140800,0.629624
1962-02-07,41.62512,41.874959,41.124959,41.124959,121600,0.629624
1962-02-06,41.499839,41.874959,41.499839,41.62512,105600,0.637281
1962-02-05,41.499839,41.62512,41.375041,41.375041,96000,0.633453
1962-02-02,41.750161,41.874959,41.375041,41.499839,198400,0.635363
1962-02-01,41.000161,42.00,41.000161,41.750161,112000,0.639196
1962-01-31,40.749839,41.375041,40.749839,41.000161,188800,0.627713
1962-01-30,41.25,41.25,40.625041,40.749839,120000,0.623881
1962-01-29,41.000161,41.375041,40.87488,41.375041,121600,0.633453
1962-01-26,41.000161,41.375041,40.50,41.000161,107200,0.627713
1962-01-25,40.749839,41.375041,40.625041,41.000161,150400,0.627713
1962-01-24,41.000161,41.000161,39.999839,40.749839,120000,0.623881
1962-01-23,41.874959,42.249839,41.000161,41.000161,222400,0.627713
1962-01-22,42.00,42.500161,41.874959,41.874959,260800,0.641106
1962-01-19,41.25,42.00,40.50,42.00,356800,0.643021
1962-01-18,40.374959,41.25,40.374959,41.25,260800,0.631538
1962-01-17,40.50,41.000161,40.250161,40.374959,160000,0.618141
1962-01-16,40.749839,40.749839,40.250161,40.50,163200,0.620056
1962-01-15,41.25,41.499839,40.50,41.124959,280000,0.625795
1962-01-12,41.000161,41.750161,40.50,41.25,352000,0.627698
1962-01-11,40.374959,41.000161,39.999839,41.000161,384000,0.623896
1962-01-10,40.87488,41.124959,40.250161,40.374959,182400,0.614382
1962-01-09,40.50,41.25,40.12512,40.87488,289600,0.62199
1962-01-08,40.250161,40.87488,39.999839,40.50,203200,0.616285
1962-01-05,39.875041,40.749839,39.75,40.250161,163200,0.612483
1962-01-04,39.75,41.000161,39.75,39.875041,355200,0.606775
1962-01-03,38.499839,38.874959,38.124959,38.874959,155200,0.591557
1962-01-02,38.499839,38.874959,38.124959,38.499839,163200,0.585849
