Date,Open,High,Low,Close,Volume,Adj Close
2016-03-11,25.950001,26.33,25.33,26.08,76500,26.08
2016-03-10,25.690001,25.870001,24.959999,25.639999,91900,25.639999
2016-03-09,25.780001,25.92,25.360001,25.60,94100,25.60
2016-03-08,26.190001,26.43,25.389999,25.559999,146800,25.559999
2016-03-07,25.959999,26.73,25.700001,26.450001,180700,26.450001
2016-03-04,25.889999,26.24,25.49,25.959999,140400,25.959999
2016-03-03,26.00,26.370001,25.23,25.799999,131500,25.799999
2016-03-02,25.50,26.59,25.50,26.00,155000,26.00
2016-03-01,26.41,26.639999,25.49,25.60,88800,25.60
2016-02-29,25.790001,26.40,25.709999,26.08,105300,26.08
2016-02-26,25.049999,25.82,24.879999,25.74,85600,25.74
2016-02-25,23.959999,24.99,23.959999,24.889999,74300,24.889999
2016-02-24,24.120001,24.450001,23.389999,23.92,138000,23.92
2016-02-23,25.02,25.709999,24.709999,24.73,98400,24.73
2016-02-22,24.959999,25.639999,24.67,25.190001,131600,25.190001
2016-02-19,23.809999,24.82,23.50,24.709999,115100,24.709999
2016-02-18,24.799999,25.67,23.450001,23.92,199000,23.92
2016-02-17,25.09,25.940001,24.709999,25.299999,99500,25.299999
2016-02-16,25.950001,26.25,24.709999,24.879999,56500,24.879999
2016-02-12,24.040001,25.65,24.040001,25.450001,138800,25.450001
2016-02-11,22.83,23.98,22.15,23.780001,67700,23.780001
2016-02-10,23.85,24.129999,23.290001,23.35,58000,23.26
2016-02-09,24.09,24.280001,23.790001,23.85,59100,23.758073
2016-02-08,23.700001,24.59,23.620001,24.42,69400,24.325876
2016-02-05,24.209999,24.690001,24.02,24.16,100500,24.066878
2016-02-04,24.280001,25.58,24.030001,24.379999,74900,24.286029
2016-02-03,23.469999,24.42,23.34,24.23,57900,24.136608
2016-02-02,23.18,23.370001,22.90,23.27,63600,23.180309
2016-02-01,24.25,24.59,23.51,23.559999,73700,23.46919
2016-01-29,23.26,24.49,23.26,24.49,86900,24.395606
2016-01-28,23.07,23.190001,22.48,23.120001,71400,23.030887
2016-01-27,23.74,23.780001,22.389999,22.799999,149000,22.712119
2016-01-26,23.15,24.209999,23.110001,23.940001,51000,23.847726
2016-01-25,22.969999,23.209999,22.860001,22.959999,61300,22.871502
2016-01-22,23.549999,23.82,22.610001,23.139999,119600,23.050809
2016-01-21,22.879999,23.27,22.50,23.040001,99300,22.951196
2016-01-20,21.17,22.99,20.620001,22.82,162900,22.732042
2016-01-19,23.120001,23.299999,21.08,21.58,143200,21.496822
2016-01-15,22.08,22.959999,21.870001,22.85,93700,22.761927
2016-01-14,21.91,23.209999,21.91,22.780001,120100,22.692198
2016-01-13,22.99,23.24,21.68,21.84,118000,21.75582
2016-01-12,23.52,23.52,22.43,22.99,80300,22.901387
2016-01-11,24.00,24.01,22.879999,23.290001,94400,23.200232
2016-01-08,24.950001,25.16,24.33,24.440001,127800,24.345799
2016-01-07,25.799999,25.98,24.889999,24.969999,66700,24.873755
2016-01-06,26.379999,26.73,26.049999,26.27,110500,26.168746
2016-01-05,27.49,27.49,26.66,26.90,69900,26.796316
2016-01-04,27.50,28.059999,26.92,27.33,88200,27.224659
2015-12-31,28.629999,29.040001,27.940001,28.00,64000,27.892077
2015-12-30,28.74,29.040001,28.43,28.709999,67300,28.599339
2015-12-29,28.75,29.049999,28.389999,28.91,47400,28.798569
2015-12-28,28.73,28.73,28.219999,28.459999,53700,28.350303
2015-12-24,28.67,29.17,28.48,28.93,45400,28.818493
2015-12-23,28.33,28.700001,27.99,28.59,106500,28.479803
2015-12-22,28.09,28.450001,27.870001,28.309999,55900,28.200882
2015-12-21,27.65,28.299999,27.610001,28.190001,72400,28.081345
2015-12-18,27.25,27.91,27.209999,27.58,285500,27.473696
2015-12-17,27.58,27.74,26.85,27.469999,129800,27.364119
2015-12-16,27.00,27.73,26.73,27.59,77900,27.483657
2015-12-15,26.50,26.85,26.219999,26.790001,235600,26.686742
2015-12-14,26.90,27.33,26.049999,26.290001,112000,26.188669
2015-12-11,26.690001,27.27,26.02,26.809999,114200,26.706663
2015-12-10,27.58,27.91,27.379999,27.49,72900,27.384042
2015-12-09,27.66,28.110001,27.41,27.620001,75300,27.513542
2015-12-08,27.450001,27.93,27.02,27.450001,57100,27.344198
2015-12-07,28.389999,28.389999,27.530001,27.950001,95400,27.84227
2015-12-04,29.17,29.290001,28.59,28.74,90800,28.629224
2015-12-03,29.129999,29.48,28.90,29.18,67200,29.067529
2015-12-02,29.209999,29.549999,28.66,28.889999,95000,28.778646
2015-12-01,29.08,29.60,28.75,29.379999,69700,29.266757
2015-11-30,29.16,29.719999,28.870001,29.02,70600,28.908146
2015-11-27,28.969999,29.52,28.639999,29.18,61200,29.067529
2015-11-25,29.15,29.58,28.90,29.02,89400,28.908146
2015-11-24,28.540001,29.309999,28.540001,29.219999,65500,29.107374
2015-11-23,28.860001,28.860001,28.35,28.559999,73900,28.449918
2015-11-20,29.040001,29.26,28.440001,28.68,76600,28.569456
2015-11-19,28.99,29.17,28.65,28.85,67900,28.738801
2015-11-18,28.219999,29.10,27.92,28.91,147800,28.798569
2015-11-17,29.26,29.280001,27.889999,28.01,95500,27.902039
2015-11-16,29.200001,29.540001,28.709999,29.190001,87100,29.077491
2015-11-13,29.42,29.77,28.809999,29.040001,115900,28.928069
2015-11-12,29.92,30.219999,29.309999,29.559999,96600,29.446064
2015-11-11,30.889999,31.07,30.209999,30.33,53000,30.213096
2015-11-10,30.57,31.09,30.440001,30.82,77600,30.701207
2015-11-09,31.549999,31.549999,30.51,30.68,76600,30.561747
2015-11-06,31.040001,31.67,30.58,31.610001,85000,31.488163
2015-11-05,31.200001,31.76,30.610001,31.379999,110500,31.259048
2015-11-04,31.27,31.50,31.01,31.25,66100,31.039897
2015-11-03,31.049999,31.870001,31.049999,31.299999,86700,31.08956
2015-11-02,30.02,31.51,29.65,31.200001,135200,30.990234
2015-10-30,30.870001,31.200001,29.82,30.15,244400,29.947293
2015-10-29,31.82,31.940001,30.51,31.26,180600,31.04983
2015-10-28,31.33,32.540001,31.219999,32.029999,244600,31.814652
2015-10-27,32.779999,33.060001,31.120001,31.18,179900,30.970368
2015-10-26,33.200001,33.619999,32.709999,32.919998,74200,32.698668
2015-10-23,33.18,33.450001,32.509998,33.349998,89000,33.125777
2015-10-22,32.48,33.119999,32.380001,32.779999,116300,32.55961
2015-10-21,33.16,33.16,32.439999,32.48,114600,32.261627
2015-10-20,32.709999,33.310001,32.540001,33.049999,84200,32.827795
2015-10-19,33.290001,33.540001,32.73,32.939999,62500,32.718534
2015-10-16,34.950001,34.950001,33.18,33.599998,127500,33.374096
2015-10-15,34.75,35.080002,34.07,34.919998,93800,34.685221
2015-10-14,34.34,35.209999,34.23,34.700001,119900,34.466703
2015-10-13,33.66,34.939999,33.630001,34.259998,119500,34.029659
2015-10-12,34.389999,34.389999,33.360001,34.049999,80000,33.821071
2015-10-09,34.189999,34.740002,33.82,34.310001,63200,34.079325
2015-10-08,32.98,34.150002,32.98,33.959999,122100,33.731676
2015-10-07,32.75,33.200001,32.240002,33.200001,112000,32.976788
2015-10-06,32.610001,33.040001,32.189999,32.580002,98700,32.360957
2015-10-05,31.200001,32.700001,31.08,32.610001,159000,32.390754
2015-10-02,29.700001,31.059999,29.700001,30.93,170300,30.722049
2015-10-01,29.90,30.450001,29.129999,29.870001,218100,29.669176
2015-09-30,29.790001,30.26,29.58,30.02,102200,29.818167
2015-09-29,29.360001,30.360001,29.360001,29.66,152200,29.460587
2015-09-28,29.370001,29.629999,28.83,29.33,75700,29.132806
2015-09-25,30.35,30.450001,29.41,29.639999,144100,29.440721
2015-09-24,29.68,30.860001,29.68,30.24,149500,30.036688
2015-09-23,30.629999,30.629999,29.99,30.030001,89400,29.8281
2015-09-22,30.00,30.60,29.860001,30.290001,99900,30.086353
2015-09-21,31.559999,31.950001,30.110001,30.50,93700,30.29494
2015-09-18,31.34,31.91,31.049999,31.219999,174200,31.010098
2015-09-17,32.360001,32.950001,31.559999,31.83,103700,31.615998
2015-09-16,32.099998,32.830002,32.099998,32.450001,57400,32.23183
2015-09-15,30.709999,32.130001,30.67,31.969999,103000,31.755056
2015-09-14,31.16,31.16,29.870001,30.549999,99300,30.344603
2015-09-11,30.82,31.26,30.370001,31.110001,74000,30.900839
2015-09-10,30.59,31.84,30.549999,30.940001,86300,30.731982
2015-09-09,31.459999,31.93,30.67,30.73,108100,30.523393
2015-09-08,31.27,31.549999,30.74,31.190001,68500,30.980301
2015-09-04,30.700001,31.18,30.59,30.85,73300,30.642587
2015-09-03,31.120001,31.75,30.76,30.99,70200,30.781645
2015-09-02,30.450001,31.139999,29.99,31.02,76700,30.811444
2015-09-01,30.290001,31.110001,29.639999,29.959999,96400,29.758569
2015-08-31,31.02,31.85,30.60,30.959999,68400,30.751846
2015-08-28,31.48,31.93,30.780001,31.15,81500,30.940569
2015-08-27,30.459999,32.139999,30.280001,31.58,114500,31.367679
2015-08-26,29.530001,30.190001,29.10,30.120001,95700,29.917495
2015-08-25,30.549999,30.549999,28.83,28.93,146400,28.735496
2015-08-24,30.049999,31.040001,29.280001,29.709999,144700,29.51025
2015-08-21,30.07,31.889999,30.07,31.299999,90300,31.08956
2015-08-20,31.49,32.50,31.16,31.629999,67400,31.417342
2015-08-19,31.23,31.950001,30.889999,31.57,59400,31.357746
2015-08-18,31.99,32.34,31.360001,31.50,67200,31.288217
2015-08-17,31.709999,32.290001,31.309999,32.279999,59300,32.062971
2015-08-14,31.200001,32.080002,31.200001,31.950001,52200,31.735192
2015-08-13,31.51,31.85,31.07,31.24,78000,30.940569
2015-08-12,30.620001,31.57,30.41,31.41,98700,31.10894
2015-08-11,31.48,31.549999,30.90,31.10,94900,30.801912
2015-08-10,30.190001,32.16,30.190001,31.969999,74600,31.663572
2015-08-07,31.01,31.879999,30.01,30.139999,125500,29.851112
2015-08-06,31.299999,31.91,30.75,31.360001,99600,31.05942
2015-08-05,31.450001,31.629999,30.690001,31.26,116000,30.960378
2015-08-04,30.799999,31.27,30.67,30.98,109600,30.683061
2015-08-03,30.34,30.719999,29.99,30.67,148300,30.376033
2015-07-31,30.860001,31.139999,30.27,30.60,95300,30.306704
2015-07-30,32.740002,32.740002,29.82,30.549999,269700,30.257182
2015-07-29,33.34,33.98,33.07,33.73,134600,33.406703
2015-07-28,32.959999,33.619999,32.720001,33.279999,88000,32.961015
2015-07-27,33.02,33.75,32.419998,32.880001,92000,32.564851
2015-07-24,33.549999,33.549999,32.52,33.310001,101600,32.99073
2015-07-23,34.360001,34.790001,33.43,33.619999,109000,33.297756
2015-07-22,33.860001,34.419998,33.540001,34.41,107400,34.080185
2015-07-21,33.869999,34.939999,33.869999,34.240002,69600,33.911817
2015-07-20,33.849998,34.00,33.349998,33.669998,92900,33.347276
2015-07-17,35.23,35.23,33.650002,33.919998,91100,33.59488
2015-07-16,35.970001,36.529999,35.25,35.34,117000,35.001272
2015-07-15,35.990002,36.330002,35.470001,35.77,89900,35.427151
2015-07-14,35.880001,36.48,35.529999,36.09,91800,35.744083
2015-07-13,34.790001,36.09,34.610001,35.970001,112800,35.625234
2015-07-10,34.009998,34.720001,34.009998,34.549999,93400,34.218843
2015-07-09,34.41,34.57,33.52,33.580002,190200,33.258143
2015-07-08,32.759998,34.27,32.759998,33.919998,242500,33.59488
2015-07-07,33.880001,34.029999,32.490002,33.029999,169800,32.713411
2015-07-06,33.810001,34.43,33.59,34.00,164700,33.674115
2015-07-02,35.200001,35.200001,34.169998,34.41,54400,34.080185
2015-07-01,35.50,35.639999,34.799999,34.93,115600,34.595202
2015-06-30,37.110001,37.119999,35.16,35.25,154400,34.912134
2015-06-29,38.650002,38.759998,36.560001,36.880001,165900,36.526512
2015-06-26,37.830002,38.990002,37.599998,38.91,328300,38.537054
2015-06-25,38.299999,38.299999,37.279999,37.779999,49600,37.417883
2015-06-24,37.91,38.43,37.700001,38.169998,85700,37.804145
2015-06-23,37.939999,38.099998,37.639999,38.049999,120100,37.685296
2015-06-22,37.630001,38.029999,37.16,37.84,83900,37.47731
2015-06-19,37.610001,38.630001,37.380001,37.470001,109600,37.110857
2015-06-18,37.07,37.830002,36.889999,37.490002,65000,37.130666
2015-06-17,37.07,37.369999,36.82,37.049999,31500,36.694881
2015-06-16,36.849998,37.700001,36.709999,37.130001,73900,36.774116
2015-06-15,37.240002,37.27,36.580002,37.00,58900,36.645361
2015-06-12,37.43,37.77,37.009998,37.599998,39800,37.239608
2015-06-11,37.939999,37.939999,37.16,37.540001,51900,37.180186
2015-06-10,37.509998,38.599998,37.509998,38.00,84100,37.635776
2015-06-09,37.310001,37.810001,36.970001,37.279999,52600,36.922676
2015-06-08,37.099998,37.50,36.880001,37.240002,54700,36.883062
2015-06-05,37.200001,37.240002,36.650002,37.220001,117900,36.863253
2015-06-04,38.16,38.439999,37.220001,37.299999,78200,36.942485
2015-06-03,38.290001,38.959999,38.16,38.389999,94100,38.022037
2015-06-02,37.48,38.509998,37.48,38.27,113900,37.903188
2015-06-01,37.41,37.77,36.919998,37.540001,69300,37.180186
2015-05-29,37.369999,37.740002,37.07,37.189999,89400,36.833538
2015-05-28,37.290001,37.50,36.93,37.439999,40900,37.081142
2015-05-27,37.09,37.509998,36.720001,37.369999,54200,37.011813
2015-05-26,37.630001,37.689999,36.66,37.080002,70800,36.724596
2015-05-22,37.700001,38.040001,37.060001,37.810001,62500,37.447598
2015-05-21,37.799999,38.23,37.509998,37.740002,67500,37.37827
2015-05-20,37.720001,37.990002,37.27,37.700001,71000,37.338652
2015-05-19,38.240002,38.240002,37.139999,37.740002,71800,37.37827
2015-05-18,38.389999,38.709999,37.959999,38.389999,66800,37.9329
2015-05-15,39.27,39.50,38.34,38.560001,46700,38.100877
2015-05-14,39.360001,39.98,38.91,39.240002,112200,38.772781
2015-05-13,38.950001,39.139999,38.43,39.029999,91300,38.565279
2015-05-12,38.360001,38.639999,37.540001,38.50,96300,38.04159
2015-05-11,38.41,39.029999,38.369999,38.43,51900,37.972424
2015-05-08,38.459999,38.669998,38.099998,38.34,100000,37.883496
2015-05-07,38.09,38.75,37.610001,37.919998,154500,37.468494
2015-05-06,39.439999,39.470001,38.07,38.130001,138500,37.675997
2015-05-05,39.470001,39.869999,38.740002,39.23,150400,38.762898
2015-05-04,39.18,39.59,38.66,39.43,163700,38.960517
2015-05-01,40.169998,40.759998,38.639999,39.110001,143500,38.644328
2015-04-30,39.790001,41.450001,39.689999,39.990002,328400,39.513851
2015-04-29,40.75,41.349998,39.91,40.00,149200,39.52373
2015-04-28,40.669998,41.66,40.360001,41.310001,101800,40.818134
2015-04-27,40.259998,41.209999,39.779999,40.669998,124400,40.185751
2015-04-24,40.299999,40.639999,39.889999,40.259998,78900,39.780633
2015-04-23,40.130001,40.599998,40.040001,40.369999,149800,39.889324
2015-04-22,40.310001,40.310001,39.799999,40.139999,67500,39.662063
2015-04-21,40.50,40.50,39.84,40.139999,96500,39.662063
2015-04-20,40.09,41.849998,39.450001,40.50,175500,40.017777
2015-04-17,39.439999,40.25,39.09,39.990002,126400,39.513851
2015-04-16,40.470001,40.549999,39.240002,39.889999,86900,39.415039
2015-04-15,40.279999,40.950001,40.009998,40.48,76100,39.998015
2015-04-14,40.220001,40.400002,39.540001,40.150002,68000,39.671946
2015-04-13,39.700001,40.169998,39.290001,40.080002,56800,39.60278
2015-04-10,38.540001,39.77,38.169998,39.650002,115400,39.177899
2015-04-09,38.77,38.869999,38.099998,38.639999,41400,38.179923
2015-04-08,39.150002,39.18,38.580002,38.970001,58100,38.505995
2015-04-07,39.619999,39.77,38.880001,38.990002,59400,38.525758
2015-04-06,39.529999,39.990002,39.310001,39.720001,78800,39.247065
2015-04-02,38.75,39.959999,38.75,39.799999,52200,39.326111
2015-04-01,38.150002,38.970001,38.119999,38.939999,54700,38.47635
2015-03-31,38.00,38.57,37.509998,38.43,63100,37.972424
2015-03-30,37.900002,38.709999,37.900002,38.43,55200,37.972424
2015-03-27,37.810001,38.029999,37.32,37.860001,71600,37.409211
2015-03-26,38.290001,38.470001,37.66,37.93,72000,37.478378
2015-03-25,38.959999,38.990002,38.02,38.200001,73400,37.745163
2015-03-24,38.66,38.970001,38.23,38.73,103800,38.268851
2015-03-23,39.25,39.41,38.130001,38.689999,149700,38.229327
2015-03-20,37.98,39.57,37.439999,39.09,262900,38.624566
2015-03-19,37.790001,37.790001,37.23,37.720001,51300,37.270879
2015-03-18,37.07,38.27,36.849998,37.990002,60100,37.537664
2015-03-17,36.439999,37.59,36.439999,37.330002,120300,36.885523
2015-03-16,36.709999,37.049999,36.099998,36.790001,72800,36.351952
2015-03-13,36.439999,36.98,35.860001,36.720001,93600,36.282786
2015-03-12,37.049999,37.290001,36.439999,36.619999,62900,36.183974
2015-03-11,36.150002,36.700001,35.93,36.630001,82600,36.193857
2015-03-10,36.099998,36.330002,35.919998,36.209999,56300,35.778856
2015-03-09,36.57,37.16,36.57,36.77,61800,36.33219
2015-03-06,36.34,36.68,35.389999,36.279999,92100,35.848022
2015-03-05,36.610001,37.139999,36.09,36.919998,56900,36.480401
2015-03-04,36.799999,37.34,35.830002,36.52,46800,36.085166
2015-03-03,36.84,37.27,36.490002,36.810001,62100,36.371714
2015-03-02,36.48,37.119999,36.18,37.07,77000,36.628617
2015-02-27,37.02,37.139999,36.389999,36.619999,88400,36.183974
2015-02-26,37.27,37.91,36.610001,36.939999,56900,36.500164
2015-02-25,37.689999,38.040001,37.200001,37.400002,67100,36.954689
2015-02-24,36.720001,38.099998,36.720001,37.939999,93900,37.488257
2015-02-23,37.310001,37.310001,36.060001,36.799999,84800,36.361831
2015-02-20,37.580002,38.18,35.950001,37.639999,170800,37.19183
2015-02-19,37.00,38.689999,36.400002,38.529999,161400,38.071232
2015-02-18,36.509998,36.939999,36.110001,36.669998,90100,36.233378
2015-02-17,36.919998,37.080002,36.189999,36.509998,83700,36.075283
2015-02-13,37.209999,37.400002,36.709999,36.919998,36200,36.396413
2015-02-12,36.220001,37.009998,36.220001,36.790001,59600,36.268259
2015-02-11,35.799999,36.07,34.720001,35.84,60700,35.331731
2015-02-10,36.93,36.93,35.59,35.849998,69800,35.341588
2015-02-09,36.459999,37.09,36.16,36.509998,61900,35.992228
2015-02-06,37.189999,37.189999,36.049999,36.349998,77500,35.834497
2015-02-05,36.48,37.450001,35.959999,37.009998,111400,36.485137
2015-02-04,35.77,36.689999,35.18,36.279999,109900,35.76549
2015-02-03,34.360001,36.209999,34.349998,36.16,100700,35.647193
2015-02-02,32.970001,33.91,32.77,33.740002,85600,33.261514
2015-01-30,32.869999,33.560001,32.529999,32.950001,76000,32.482717
2015-01-29,32.900002,33.470001,32.41,33.209999,99400,32.739028
2015-01-28,34.32,34.369999,32.509998,32.849998,95600,32.384132
2015-01-27,34.150002,34.50,33.630001,34.150002,58300,33.665699
2015-01-26,33.41,34.540001,32.900002,34.459999,65000,33.971301
2015-01-23,34.130001,34.130001,32.959999,33.400002,96300,32.926336
2015-01-22,33.599998,34.43,32.919998,34.240002,92100,33.754423
2015-01-21,33.57,33.889999,32.509998,33.240002,85500,32.768605
2015-01-20,33.50,33.900002,33.130001,33.709999,100600,33.231937
2015-01-16,32.119999,33.619999,32.119999,33.380001,142800,32.906619
2015-01-15,33.040001,33.040001,32.009998,32.25,96400,31.792643
2015-01-14,32.189999,32.990002,31.950001,32.73,96500,32.265835
2015-01-13,33.900002,33.900002,32.43,32.709999,123300,32.246119
2015-01-12,33.849998,33.849998,32.610001,33.470001,124000,32.995343
2015-01-09,34.220001,34.349998,33.32,33.759998,121900,33.281227
2015-01-08,33.939999,34.830002,33.790001,34.400002,129200,33.912154
2015-01-07,33.790001,33.959999,33.07,33.52,80800,33.044633
2015-01-06,34.18,34.34,32.889999,33.43,96800,32.955909
2015-01-05,34.549999,34.77,33.349998,33.959999,85400,33.478391
2015-01-02,35.23,35.450001,34.150002,34.91,93200,34.41492
2014-12-31,35.610001,36.189999,35.150002,35.23,83000,34.730381
2014-12-30,34.59,35.779999,34.50,35.48,67100,34.976836
2014-12-29,34.610001,34.860001,34.27,34.619999,85300,34.129031
2014-12-26,34.450001,35.139999,34.27,34.400002,61300,33.912154
2014-12-24,34.07,34.509998,33.43,34.110001,32600,33.626266
2014-12-23,33.32,34.610001,33.169998,34.060001,80300,33.576976
2014-12-22,33.959999,34.16,32.799999,33.150002,122400,32.679881
2014-12-19,33.50,34.639999,33.279999,33.990002,549400,33.507969
2014-12-18,34.540001,34.57,33.27,33.48,387800,33.005199
2014-12-17,32.950001,33.970001,32.68,33.799999,237100,33.320661
2014-12-16,32.18,33.299999,32.18,32.900002,152300,32.433426
2014-12-15,33.73,33.93,32.029999,32.259998,151400,31.802499
2014-12-12,34.259998,34.669998,33.240002,33.459999,97900,32.985482
2014-12-11,34.869999,35.73,34.400002,34.709999,93100,34.217755
2014-12-10,36.549999,36.650002,34.779999,34.889999,101600,34.395203
2014-12-09,34.990002,37.299999,34.990002,36.869999,159400,36.347123
2014-12-08,35.959999,36.91,35.259998,35.619999,143700,35.11485
2014-12-05,35.310001,36.32,35.279999,36.189999,123700,35.676766
2014-12-04,35.48,35.830002,35.09,35.349998,111600,34.848678
2014-12-03,34.830002,35.959999,34.830002,35.639999,134700,35.134567
2014-12-02,34.740002,35.619999,34.439999,34.889999,93400,34.395203
2014-12-01,35.110001,35.259998,34.369999,34.650002,159300,34.158609
2014-11-28,35.98,36.27,34.650002,34.77,98200,34.276906
2014-11-26,36.34,36.560001,36.130001,36.310001,75800,35.795067
2014-11-25,36.580002,36.919998,36.32,36.41,95400,35.893647
2014-11-24,36.389999,36.57,35.75,36.419998,114900,35.903504
2014-11-21,36.82,37.16,35.970001,36.189999,73300,35.676766
2014-11-20,35.209999,36.169998,35.060001,36.110001,136400,35.597903
2014-11-19,36.73,36.73,35.029999,35.240002,250300,34.740242
2014-11-18,36.759998,37.48,36.669998,36.73,136700,36.209109
2014-11-17,37.82,38.110001,36.669998,36.779999,166000,36.258399
2014-11-14,37.41,38.439999,37.139999,37.919998,129400,37.382231
2014-11-13,38.66,38.93,37.32,37.50,62600,36.968189
2014-11-12,38.27,38.98,38.27,38.66,98500,38.111739
2014-11-11,38.220001,38.639999,38.130001,38.43,102600,37.885001
2014-11-10,39.529999,40.139999,38.110001,38.290001,152500,37.746987
2014-11-07,40.23,40.599998,39.43,39.50,297700,38.939826
2014-11-06,39.139999,40.290001,39.139999,40.119999,177500,39.551033
2014-11-05,38.970001,39.150002,38.189999,39.07,207400,38.515924
2014-11-04,38.689999,39.080002,38.029999,38.73,262300,38.180746
2014-11-03,39.450001,39.450001,38.369999,39.040001,245000,38.402557
2014-10-31,38.490002,39.619999,37.880001,39.450001,316700,38.805862
2014-10-30,37.240002,38.240002,37.139999,37.869999,84000,37.251658
2014-10-29,38.09,38.200001,37.34,37.599998,123600,36.986067
2014-10-28,36.919998,38.040001,36.52,37.869999,195700,37.251658
2014-10-27,36.09,36.709999,35.450001,36.57,126600,35.972886
2014-10-24,35.00,36.650002,34.610001,36.299999,190900,35.707294
2014-10-23,31.309999,35.830002,31.309999,35.150002,489200,34.576073
2014-10-22,29.68,29.950001,28.91,29.08,83900,28.605182
2014-10-21,29.48,29.889999,29.32,29.74,73500,29.254406
2014-10-20,28.57,29.32,28.389999,29.190001,126900,28.713387
2014-10-17,28.75,29.059999,28.360001,28.59,161800,28.123183
2014-10-16,27.379999,28.75,27.379999,28.33,159400,27.867428
2014-10-15,27.32,28.32,26.639999,28.00,258700,27.542817
2014-10-14,29.120001,29.709999,27.799999,27.92,453100,27.464123
2014-10-13,29.85,30.290001,28.870001,28.950001,227600,28.477306
2014-10-10,29.85,30.790001,29.16,29.940001,114500,29.451141
2014-10-09,30.40,30.59,29.48,29.99,130200,29.500324
2014-10-08,29.889999,30.60,29.129999,30.540001,99000,30.041344
2014-10-07,30.84,31.209999,29.889999,29.950001,116400,29.460978
2014-10-06,30.780001,31.780001,30.780001,31.17,235700,30.661057
2014-10-03,31.129999,31.129999,30.48,30.639999,75300,30.13971
2014-10-02,29.91,30.889999,29.82,30.73,69800,30.228241
2014-10-01,30.540001,30.719999,29.790001,29.85,85300,29.36261
2014-09-30,31.209999,31.540001,30.65,30.67,96200,30.169221
2014-09-29,31.209999,31.610001,31.15,31.370001,74900,30.857792
2014-09-26,31.58,32.00,31.58,31.629999,68600,31.113545
2014-09-25,31.82,31.82,30.940001,31.629999,112000,31.113545
2014-09-24,31.73,31.93,31.40,31.860001,77700,31.339791
2014-09-23,31.00,31.82,30.950001,31.530001,93500,31.01518
2014-09-22,32.00,32.060001,30.879999,31.17,117100,30.661057
2014-09-19,33.619999,33.700001,32.150002,32.209999,209300,31.684075
2014-09-18,33.049999,33.700001,32.709999,33.66,107800,33.1104
2014-09-17,33.16,33.16,32.509998,32.830002,133900,32.293954
2014-09-16,32.610001,33.150002,32.200001,32.990002,96900,32.451342
2014-09-15,33.200001,33.599998,32.560001,32.669998,73900,32.136563
2014-09-12,33.540001,33.650002,32.91,33.240002,187800,32.69726
2014-09-11,32.66,33.580002,32.66,33.48,93300,32.933339
2014-09-10,32.950001,32.959999,32.549999,32.900002,91100,32.362811
2014-09-09,33.25,33.25,32.599998,32.849998,180300,32.313624
2014-09-08,33.220001,33.349998,33.040001,33.23,146200,32.687421
2014-09-05,32.98,33.299999,32.98,33.18,156800,32.638238
2014-09-04,33.330002,33.459999,32.889999,33.099998,159300,32.559542
2014-09-03,33.150002,33.400002,33.02,33.200001,175300,32.657912
2014-09-02,32.830002,33.009998,32.580002,33.00,96100,32.461177
2014-08-29,32.279999,32.73,32.040001,32.630001,63200,32.097219
2014-08-28,32.709999,32.709999,32.049999,32.23,49100,31.703749
2014-08-27,33.09,33.169998,32.759998,32.790001,31100,32.254607
2014-08-26,32.959999,33.07,32.93,32.950001,98900,32.411994
2014-08-25,33.119999,33.23,32.529999,32.799999,61800,32.264442
2014-08-22,32.990002,33.279999,32.75,32.950001,150900,32.411994
2014-08-21,32.900002,33.32,32.779999,32.970001,190800,32.431668
2014-08-20,32.98,33.23,32.700001,32.98,110600,32.441503
2014-08-19,32.950001,33.25,32.889999,32.98,84000,32.441503
2014-08-18,32.849998,33.34,32.689999,32.959999,208900,32.421829
2014-08-15,33.32,33.330002,32.349998,32.630001,75200,32.097219
2014-08-14,33.150002,33.27,32.900002,32.98,110600,32.441503
2014-08-13,32.830002,33.259998,32.810001,33.00,107900,32.461177
2014-08-12,32.970001,33.310001,32.560001,32.700001,91900,32.166076
2014-08-11,33.040001,33.73,32.950001,33.139999,127700,32.59889
2014-08-08,32.48,33.279999,32.470001,32.970001,82600,32.431668
2014-08-07,32.98,33.119999,32.25,32.490002,117300,31.959506
2014-08-06,32.330002,33.189999,32.330002,32.779999,82500,32.244768
2014-08-05,32.43,32.98,32.169998,32.450001,85200,31.920158
2014-08-04,32.32,32.799999,32.200001,32.700001,126300,32.166076
2014-08-01,32.189999,32.860001,32.02,32.349998,122400,31.738177
2014-07-31,32.75,33.240002,32.299999,32.310001,172200,31.698937
2014-07-30,33.169998,33.939999,33.00,33.169998,141100,32.542669
2014-07-29,33.09,33.25,32.799999,32.860001,109700,32.238534
2014-07-28,32.970001,33.130001,32.220001,32.860001,168900,32.238534
2014-07-25,32.880001,33.32,32.599998,32.91,138800,32.287588
2014-07-24,34.68,35.25,32.50,33.240002,635400,32.611348
2014-07-23,37.200001,37.200001,36.240002,36.540001,67400,35.848936
2014-07-22,37.200001,37.529999,36.919998,37.18,44300,36.476832
2014-07-21,38.299999,38.669998,36.73,37.029999,159700,36.329667
2014-07-18,38.00,39.380001,37.900002,39.259998,104000,38.517491
2014-07-17,37.790001,38.110001,37.470001,38.009998,154400,37.291132
2014-07-16,38.419998,38.580002,38.139999,38.220001,59700,37.497163
2014-07-15,37.959999,38.220001,37.52,38.02,92100,37.300945
2014-07-14,37.91,38.330002,37.48,38.189999,212800,37.467728
2014-07-11,37.189999,37.549999,37.18,37.400002,96500,36.692672
2014-07-10,37.290001,37.580002,37.00,37.490002,97900,36.78097
2014-07-09,38.16,38.439999,37.669998,38.09,61300,37.369621
2014-07-08,38.099998,38.299999,37.57,38.119999,75900,37.399052
2014-07-07,38.860001,38.860001,37.759998,38.060001,133000,37.34019
2014-07-03,38.09,39.259998,38.009998,39.130001,40400,38.389953
2014-07-02,37.669998,38.110001,37.669998,37.93,66600,37.212647
2014-07-01,37.130001,38.290001,37.130001,37.75,89700,37.036051
2014-06-30,36.349998,37.00,35.889999,36.990002,87800,36.290426
2014-06-27,36.139999,36.849998,35.900002,36.450001,146000,35.760638
2014-06-26,36.549999,36.619999,36.00,36.459999,54700,35.770447
2014-06-25,36.369999,36.759998,36.02,36.509998,75000,35.819501
2014-06-24,36.509998,37.959999,36.419998,36.549999,96700,35.858745
2014-06-23,36.380001,36.740002,36.220001,36.639999,41600,35.947043
2014-06-20,37.00,37.00,35.849998,36.110001,135700,35.427068
2014-06-19,37.00,37.00,36.459999,36.77,68000,36.074586
2014-06-18,36.450001,36.959999,36.200001,36.84,51100,36.143262
2014-06-17,35.900002,36.98,35.900002,36.599998,76300,35.907799
2014-06-16,35.939999,36.240002,35.490002,36.110001,70800,35.427068
2014-06-13,35.73,36.07,35.290001,35.799999,72000,35.12293
2014-06-12,35.720001,36.040001,35.299999,35.700001,52700,35.024823
2014-06-11,35.959999,36.169998,35.610001,35.939999,63500,35.260281
2014-06-10,36.00,36.049999,35.57,36.02,38000,35.33877
2014-06-09,35.41,36.169998,35.389999,35.939999,51900,35.260281
2014-06-06,35.00,35.52,34.869999,35.41,73300,34.740306
2014-06-05,34.43,35.16,33.860001,34.700001,89300,34.043735
2014-06-04,33.919998,34.43,33.619999,34.380001,80600,33.729787
2014-06-03,33.84,34.32,33.77,34.18,76500,33.533569
2014-06-02,34.279999,34.380001,33.299999,34.00,83800,33.356973
2014-05-30,33.52,34.279999,33.290001,34.09,80900,33.445271
2014-05-29,33.470001,33.799999,32.970001,33.50,50900,32.866429
2014-05-28,33.66,33.810001,32.98,33.209999,72700,32.581913
2014-05-27,34.220001,34.369999,33.23,33.830002,79500,33.19019
2014-05-23,33.209999,34.169998,33.209999,34.02,53300,33.376595
2014-05-22,33.220001,33.43,32.900002,33.23,42900,32.601535
2014-05-21,32.970001,33.369999,32.700001,33.080002,76600,32.454375
2014-05-20,34.43,34.439999,32.080002,32.689999,174200,32.071747
2014-05-19,33.529999,34.43,33.43,34.43,80500,33.778841
2014-05-16,33.130001,33.57,32.59,33.549999,65400,32.83209
2014-05-15,33.650002,33.68,32.709999,33.259998,76100,32.548295
2014-05-14,34.060001,34.360001,33.73,33.82,120800,33.096313
2014-05-13,34.48,34.48,33.869999,34.09,100500,33.360536
2014-05-12,33.639999,34.990002,33.459999,34.439999,84500,33.703045
2014-05-09,33.060001,33.389999,32.650002,33.299999,55900,32.58744
2014-05-08,32.509998,33.50,32.279999,33.290001,125600,32.577655
2014-05-07,32.459999,32.740002,31.690001,32.48,84800,31.784986
2014-05-06,32.889999,33.16,32.299999,32.48,81000,31.784986
2014-05-05,33.470001,33.669998,32.869999,33.07,72800,32.362362
2014-05-02,33.630001,34.099998,33.32,33.66,64900,32.939737
2014-05-01,33.599998,33.810001,32.939999,33.490002,104000,32.773376
2014-04-30,33.290001,33.799999,32.790001,33.650002,67100,32.929953
2014-04-29,33.860001,33.900002,33.389999,33.459999,60100,32.744016
2014-04-28,34.830002,34.830002,33.279999,33.57,95600,32.851663
2014-04-25,36.139999,36.16,34.389999,34.830002,120400,34.084703
2014-04-24,35.00,36.07,34.580002,35.860001,76300,35.092662
2014-04-23,35.200001,35.200001,34.330002,34.380001,60900,33.644331
2014-04-22,35.360001,35.630001,35.099998,35.259998,58100,34.505498
2014-04-21,35.970001,35.970001,35.049999,35.389999,58200,34.632718
2014-04-17,35.040001,36.240002,34.880001,36.029999,81300,35.259022
2014-04-16,35.209999,35.279999,34.830002,35.130001,44900,34.378283
2014-04-15,34.68,35.080002,34.049999,34.860001,80500,34.11406
2014-04-14,34.470001,34.830002,34.200001,34.73,79300,33.986841
2014-04-11,34.00,34.48,34.00,34.25,80900,33.517112
2014-04-10,34.540001,34.77,33.91,34.150002,84700,33.419253
2014-04-09,33.68,34.68,33.299999,34.599998,77300,33.859621
2014-04-08,32.860001,33.599998,32.610001,33.470001,110800,32.753804
2014-04-07,33.75,34.150002,32.580002,32.799999,102600,32.098139
2014-04-04,34.880001,34.880001,33.84,33.889999,64400,33.164815
2014-04-03,35.25,35.25,34.330002,34.459999,85200,33.722618
2014-04-02,34.529999,35.369999,34.450001,35.259998,93300,34.505498
2014-04-01,33.84,34.740002,33.84,34.52,106500,33.781335
2014-03-31,33.540001,34.150002,33.41,33.93,83600,33.20396
2014-03-28,32.959999,33.650002,32.869999,33.389999,97900,32.675514
2014-03-27,32.82,33.32,32.59,33.00,73600,32.29386
2014-03-26,33.610001,33.610001,32.619999,32.689999,120600,31.990492
2014-03-25,33.75,34.009998,33.330002,33.360001,72100,32.646157
2014-03-24,33.77,34.049999,33.139999,33.50,122700,32.783161
2014-03-21,33.099998,33.84,32.950001,33.619999,131800,32.900592
2014-03-20,32.50,33.16,32.50,32.91,73000,32.205786
2014-03-19,33.349998,33.439999,32.25,32.68,49800,31.980708
2014-03-18,32.84,33.630001,32.830002,33.279999,106600,32.567867
2014-03-17,32.970001,33.099998,32.009998,32.75,150000,32.049209
2014-03-14,32.169998,33.02,32.169998,32.669998,86100,31.970919
2014-03-13,32.509998,32.84,31.85,32.27,99900,31.579481
2014-03-12,31.76,32.650002,31.59,32.470001,84800,31.775202
2014-03-11,31.90,32.32,31.549999,31.799999,115200,31.119537
2014-03-10,32.939999,32.959999,31.83,31.889999,208300,31.207611
2014-03-07,34.139999,34.330002,33.040001,33.07,220100,32.362362
2014-03-06,32.139999,35.189999,32.139999,34.130001,268400,33.399681
2014-03-05,30.370001,30.889999,30.360001,30.74,90900,30.08222
2014-03-04,29.889999,30.889999,29.85,30.459999,133300,29.80821
2014-03-03,29.469999,29.780001,29.290001,29.59,176800,28.956828
2014-02-28,29.67,29.969999,29.25,29.59,180500,28.956828
2014-02-27,29.309999,30.450001,28.389999,29.65,322700,29.015543
2014-02-26,27.98,28.49,27.74,27.90,61000,27.30299
2014-02-25,27.940001,27.99,27.299999,27.84,111700,27.244275
2014-02-24,28.280001,28.389999,27.700001,27.870001,59200,27.273633
2014-02-21,28.370001,28.83,28.07,28.16,112700,27.557427
2014-02-20,27.780001,28.34,27.73,28.209999,37400,27.606356
2014-02-19,28.040001,28.620001,27.610001,27.84,61600,27.244275
2014-02-18,28.110001,28.690001,27.950001,28.15,79500,27.547641
2014-02-14,27.99,28.280001,27.92,28.110001,38200,27.430209
2014-02-13,27.200001,28.049999,26.959999,27.969999,48800,27.293593
2014-02-12,27.559999,27.879999,27.25,27.41,40700,26.747136
2014-02-11,26.889999,27.66,26.870001,27.450001,74500,26.78617
2014-02-10,26.120001,26.82,25.91,26.799999,165800,26.151888
2014-02-07,25.780001,26.33,25.59,26.219999,163200,25.585914
2014-02-06,25.60,26.030001,25.60,25.700001,72500,25.078491
2014-02-05,25.49,25.719999,25.24,25.530001,77200,24.912602
2014-02-04,25.700001,25.799999,25.42,25.559999,93700,24.941875
2014-02-03,26.58,26.82,25.209999,25.549999,106900,24.932117
2014-01-31,26.559999,26.83,26.440001,26.57,97400,25.92745
2014-01-30,27.25,27.25,26.75,27.030001,71300,26.376327
2014-01-29,26.98,27.49,26.82,27.07,68400,26.415358
2014-01-28,27.309999,27.34,27.110001,27.24,99700,26.581247
2014-01-27,27.959999,28.059999,27.00,27.32,66200,26.659313
2014-01-24,27.969999,28.27,27.809999,27.959999,161300,27.283835
2014-01-23,28.49,28.690001,27.73,28.219999,186400,27.537547
2014-01-22,28.84,28.91,28.469999,28.530001,118900,27.840052
2014-01-21,28.940001,28.99,28.610001,28.73,82500,28.035214
2014-01-17,28.85,28.92,28.50,28.690001,93800,27.996182
2014-01-16,28.90,29.030001,28.450001,28.790001,113400,28.093764
2014-01-15,29.139999,29.42,28.65,28.889999,179100,28.191345
2014-01-14,29.059999,31.00,29.059999,29.25,134500,28.542639
2014-01-13,30.200001,30.209999,29.10,29.57,72500,28.8549
2014-01-10,30.15,30.309999,29.969999,30.18,43900,29.450149
2014-01-09,30.610001,30.610001,29.690001,30.190001,52700,29.459907
2014-01-08,30.700001,31.00,30.299999,30.450001,105700,29.71362
2014-01-07,30.549999,30.940001,30.27,30.629999,59800,29.889266
2014-01-06,30.65,30.65,29.639999,30.370001,86000,29.635555
2014-01-03,29.99,30.75,29.700001,30.52,71300,29.781927
2014-01-02,30.74,30.99,29.780001,30.00,83800,29.274502
2013-12-31,30.16,30.959999,30.00,30.85,87500,30.103946
2013-12-30,30.25,30.290001,29.83,29.99,40800,29.264743
2013-12-27,30.00,30.24,29.73,30.23,49300,29.498939
2013-12-26,29.84,30.00,29.65,29.799999,75000,29.079338
2013-12-24,29.52,29.950001,29.09,29.620001,41900,28.903692
2013-12-23,29.10,29.530001,28.85,29.389999,86400,28.679253
2013-12-20,28.809999,28.98,28.27,28.91,228700,28.210861
2013-12-19,27.360001,28.809999,27.360001,28.700001,373000,28.005941
2013-12-18,26.84,27.43,26.68,27.299999,76800,26.639796
2013-12-17,26.02,27.01,25.860001,26.93,251500,26.278745
2013-12-16,26.299999,26.60,25.93,25.969999,130500,25.34196
2013-12-13,26.24,26.41,26.10,26.280001,65500,25.644464
2013-12-12,26.049999,26.43,25.75,26.18,95800,25.546882
2013-12-11,27.040001,27.10,25.959999,26.040001,110400,25.410268
2013-12-10,27.870001,27.99,27.02,27.040001,72400,26.386085
2013-12-09,27.84,28.10,27.559999,27.99,56800,27.31311
2013-12-06,28.26,28.26,27.620001,27.77,44900,27.098431
2013-12-05,27.969999,28.10,27.76,27.870001,41000,27.196013
2013-12-04,27.940001,28.33,27.73,28.01,41300,27.332627
2013-12-03,27.790001,28.530001,27.790001,27.969999,76200,27.293593
2013-12-02,28.639999,28.639999,27.629999,27.92,77900,27.244803
2013-11-29,28.25,28.99,28.209999,28.76,41400,28.064489
2013-11-27,28.08,28.25,27.90,28.030001,75400,27.352144
2013-11-26,28.440001,28.440001,27.879999,28.049999,77400,27.371658
2013-11-25,28.629999,28.92,28.200001,28.48,63600,27.79126
2013-11-22,28.82,29.02,28.50,28.629999,68000,27.937632
2013-11-21,28.41,29.110001,28.07,28.719999,67000,28.025456
2013-11-20,29.139999,29.200001,28.110001,28.41,60500,27.722953
2013-11-19,28.549999,29.52,28.549999,29.01,61700,28.308443
2013-11-18,28.879999,29.059999,28.459999,28.690001,50800,27.996182
2013-11-15,29.09,29.09,28.65,28.90,77200,28.201103
2013-11-14,29.219999,29.27,28.790001,29.17,42100,28.464574
2013-11-13,29.040001,29.35,28.969999,29.26,34500,28.552398
2013-11-12,29.450001,29.51,29.10,29.379999,48500,28.59143
2013-11-11,30.059999,30.16,29.299999,29.48,23600,28.688747
2013-11-08,29.40,30.15,29.129999,30.10,94700,29.292106
2013-11-07,30.17,30.17,29.299999,29.389999,58400,28.601162
2013-11-06,30.129999,30.200001,29.860001,29.950001,80600,29.146133
2013-11-05,29.870001,30.139999,29.629999,29.84,49600,29.039085
2013-11-04,30.049999,30.15,29.77,30.07,81500,29.262911
2013-11-01,29.73,30.280001,29.43,29.889999,102800,29.087742
2013-10-31,29.700001,30.18,29.15,29.809999,102100,29.009889
2013-10-30,30.49,30.60,29.52,29.68,72200,28.883379
2013-10-29,30.280001,30.67,30.09,30.370001,65900,29.55486
2013-10-28,29.370001,30.309999,29.370001,30.280001,101500,29.467276
2013-10-25,29.709999,29.889999,29.360001,29.48,74600,28.688747
2013-10-24,29.280001,29.610001,28.700001,29.540001,102800,28.747138
2013-10-23,29.610001,29.809999,29.200001,29.24,72000,28.455189
2013-10-22,29.90,30.120001,29.469999,29.879999,74400,29.07801
2013-10-21,30.639999,30.639999,29.719999,29.780001,98000,28.980696
2013-10-18,29.67,30.549999,29.59,30.48,110500,29.661906
2013-10-17,28.59,29.40,28.530001,29.25,109700,28.46492
2013-10-16,28.790001,28.790001,28.24,28.639999,76900,27.871292
2013-10-15,28.639999,28.780001,28.370001,28.530001,83400,27.764246
2013-10-14,28.139999,28.74,28.139999,28.68,103300,27.91022
2013-10-11,28.25,28.50,27.98,28.40,73200,27.637734
2013-10-10,28.309999,28.49,28.15,28.34,81200,27.579345
2013-10-09,27.879999,28.16,27.700001,27.809999,90300,27.06357
2013-10-08,28.90,28.90,27.549999,27.74,94400,26.995449
2013-10-07,30.00,30.190001,28.549999,28.799999,478300,28.026998
2013-10-04,31.83,32.50,31.83,32.32,28400,31.45252
2013-10-03,32.150002,32.150002,31.459999,31.91,61100,31.053525
2013-10-02,32.450001,32.599998,32.049999,32.18,55000,31.316279
2013-10-01,32.110001,32.73,31.950001,32.709999,92900,31.832052
2013-09-30,32.259998,32.27,31.540001,32.060001,279900,31.1995
2013-09-27,32.540001,33.009998,32.25,32.639999,34300,31.763931
2013-09-26,33.009998,33.09,32.43,32.919998,60100,32.036415
2013-09-25,32.98,33.689999,32.720001,32.790001,47600,31.909906
2013-09-24,32.43,33.040001,32.099998,32.73,68500,31.851516
2013-09-23,32.57,32.799999,32.220001,32.490002,71100,31.617959
2013-09-20,32.41,32.630001,32.360001,32.52,115200,31.647153
2013-09-19,32.290001,32.290001,31.76,32.18,42200,31.316279
2013-09-18,31.43,32.50,30.879999,32.060001,62800,31.1995
2013-09-17,31.09,31.639999,30.84,31.299999,31000,30.459897
2013-09-16,31.65,31.65,30.559999,31.09,42400,30.255534
2013-09-13,30.91,31.370001,30.799999,31.08,27000,30.245802
2013-09-12,31.65,31.68,30.34,30.76,39200,29.934392
2013-09-11,31.35,31.75,30.90,31.73,33800,30.878356
2013-09-10,31.120001,31.610001,31.08,31.35,65500,30.508556
2013-09-09,30.73,31.200001,30.73,31.040001,38800,30.206877
2013-09-06,30.23,31.139999,30.16,30.559999,72700,29.739759
2013-09-05,29.42,30.280001,29.24,29.90,35400,29.097474
2013-09-04,29.469999,29.77,29.25,29.309999,122700,28.523309
2013-09-03,29.719999,30.27,29.17,29.52,53500,28.727674
2013-08-30,30.33,30.60,29.25,29.40,64700,28.610894
2013-08-29,30.35,31.40,30.17,30.450001,48300,29.632713
2013-08-28,29.870001,30.870001,29.719999,30.35,58800,29.535396
2013-08-27,30.870001,31.18,29.639999,29.75,65800,28.9515
2013-08-26,31.299999,31.65,30.959999,31.18,31900,30.343119
2013-08-23,31.10,31.42,31.00,31.25,37700,30.41124
2013-08-22,30.35,31.24,30.35,31.10,64800,30.265266
2013-08-21,30.860001,31.00,29.85,30.10,43500,29.292106
2013-08-20,30.610001,31.25,30.299999,30.93,51600,30.099829
2013-08-19,31.48,31.48,30.610001,30.709999,85500,29.885733
2013-08-16,30.02,31.639999,29.700001,31.450001,113000,30.605872
2013-08-15,30.60,30.60,29.85,30.23,76000,29.418616
2013-08-14,30.76,31.110001,30.549999,31.02,57500,30.187413
2013-08-13,31.34,31.34,30.65,30.959999,31700,30.051169
2013-08-12,30.34,31.389999,30.24,31.219999,50400,30.303537
2013-08-09,30.870001,31.110001,30.23,30.379999,57400,29.488195
2013-08-08,30.08,30.99,30.08,30.84,79800,29.934692
2013-08-07,29.620001,30.290001,29.620001,29.780001,59800,28.905809
2013-08-06,30.360001,30.389999,29.59,29.76,43300,28.886396
2013-08-05,30.75,30.75,29.92,30.370001,63600,29.47849
2013-08-02,30.780001,31.049999,30.540001,30.91,37000,30.002637
2013-08-01,30.34,31.129999,30.34,30.870001,58000,29.963812
2013-07-31,29.98,30.24,29.690001,30.139999,93300,29.25524
2013-07-30,29.610001,29.950001,28.91,29.950001,73000,29.070819
2013-07-29,29.549999,29.83,29.07,29.49,49500,28.624321
2013-07-26,29.92,29.92,27.09,29.469999,135400,28.604908
2013-07-25,29.98,30.209999,29.67,30.059999,82000,29.177588
2013-07-24,30.74,30.74,29.530001,30.040001,59100,29.158177
2013-07-23,30.700001,30.93,30.42,30.58,81500,29.682324
2013-07-22,30.440001,30.709999,30.34,30.49,44100,29.594966
2013-07-19,30.07,30.360001,29.709999,30.27,54500,29.381425
2013-07-18,30.33,30.370001,30.02,30.10,37300,29.216415
2013-07-17,30.469999,30.700001,30.18,30.209999,71300,29.323185
2013-07-16,30.10,30.40,29.43,30.17,81700,29.28436
2013-07-15,30.389999,30.41,29.77,29.90,47300,29.022285
2013-07-12,30.629999,30.709999,30.110001,30.23,58600,29.342598
2013-07-11,30.809999,30.889999,30.43,30.58,67200,29.682324
2013-07-10,30.10,30.370001,29.51,30.24,41900,29.352305
2013-07-09,28.940001,30.139999,28.719999,29.969999,64000,29.09023
2013-07-08,28.200001,28.74,28.01,28.67,96700,27.828393
2013-07-05,28.209999,28.209999,27.33,28.02,68300,27.197474
2013-07-03,27.77,27.790001,27.290001,27.75,21600,26.935399
2013-07-02,27.969999,28.209999,27.190001,27.799999,56800,26.983931
2013-07-01,27.17,28.23,27.17,27.93,81900,27.110115
2013-06-28,27.110001,27.26,26.629999,27.09,402400,26.294773
2013-06-27,26.98,27.360001,26.799999,27.25,59400,26.450077
2013-06-26,27.190001,27.190001,26.42,26.73,45500,25.945341
2013-06-25,27.059999,27.219999,26.65,27.00,58200,26.207415
2013-06-24,27.57,27.57,26.41,26.860001,86500,26.071526
2013-06-21,28.50,28.50,27.799999,27.82,206700,27.003344
2013-06-20,28.77,28.77,28.190001,28.51,84200,27.673089
2013-06-19,29.440001,29.59,28.98,29.16,54400,28.304008
2013-06-18,29.75,29.83,29.280001,29.50,67200,28.634028
2013-06-17,30.139999,30.58,29.469999,29.75,42400,28.876689
2013-06-14,30.09,30.49,29.57,29.92,133100,29.041699
2013-06-13,29.870001,30.440001,29.870001,30.030001,54900,29.14847
2013-06-12,30.25,30.42,29.559999,29.73,30300,28.857276
2013-06-11,29.879999,30.25,29.700001,30.040001,24000,29.158177
2013-06-10,30.799999,30.799999,30.09,30.27,53000,29.381425
2013-06-07,31.469999,31.469999,30.440001,30.65,30800,29.750269
2013-06-06,30.809999,31.17,30.41,31.08,52800,30.167647
2013-06-05,31.26,31.26,30.60,30.74,44800,29.837627
2013-06-04,31.120001,31.49,30.32,31.389999,223300,30.468546
2013-06-03,30.07,31.10,30.00,31.01,167500,30.099702
2013-05-31,29.85,30.459999,29.799999,29.799999,83400,28.925221
2013-05-30,29.73,30.15,29.549999,30.09,49800,29.206709
2013-05-29,29.690001,29.780001,29.379999,29.700001,68100,28.828158
2013-05-28,29.139999,30.120001,29.139999,29.780001,72100,28.905809
2013-05-24,28.120001,28.91,28.120001,28.67,31900,27.828393
2013-05-23,28.09,28.549999,27.879999,28.379999,65100,27.546905
2013-05-22,28.90,29.700001,28.360001,28.77,62500,27.925457
2013-05-21,28.219999,28.879999,28.129999,28.870001,71900,28.022522
2013-05-20,28.35,28.469999,28.10,28.299999,74400,27.469253
2013-05-17,28.26,28.450001,28.01,28.360001,111600,27.527493
2013-05-16,28.16,28.540001,27.85,28.030001,36000,27.20718
2013-05-15,28.440001,28.440001,27.959999,28.209999,16600,27.381895
2013-05-14,28.75,29.139999,28.33,28.60,134400,27.682797
2013-05-13,28.969999,29.18,28.65,28.84,59600,27.9151
2013-05-10,29.00,29.459999,28.639999,29.120001,84900,28.186121
2013-05-09,28.60,29.030001,28.34,29.00,120000,28.069969
2013-05-08,27.950001,28.889999,27.950001,28.719999,105700,27.798948
2013-05-07,27.01,28.139999,26.50,27.99,134500,27.092359
2013-05-06,25.92,27.00,25.85,26.92,102300,26.056675
2013-05-03,25.50,26.790001,25.50,25.969999,57000,25.13714
2013-05-02,25.440001,25.700001,24.700001,25.00,118300,24.198249
2013-05-01,26.60,26.60,24.76,25.110001,132000,24.304722
2013-04-30,25.74,26.59,25.50,26.49,87600,25.640464
2013-04-29,26.25,26.25,25.67,25.860001,68700,25.030669
2013-04-26,27.93,27.93,26.02,26.09,97000,25.253293
2013-04-25,27.73,28.67,27.60,28.10,68100,27.198832
2013-04-24,26.34,27.84,26.34,27.67,60800,26.782622
2013-04-23,26.110001,26.43,25.709999,26.15,42000,25.311368
2013-04-22,25.91,26.129999,25.290001,25.879999,41900,25.050027
2013-04-19,25.49,25.91,25.049999,25.700001,59800,24.875801
2013-04-18,25.74,26.049999,25.09,25.440001,61800,24.624139
2013-04-17,25.52,26.01,24.58,25.73,126200,24.904837
2013-04-16,25.549999,25.870001,25.219999,25.719999,67700,24.895158
2013-04-15,26.950001,26.950001,24.940001,25.190001,118400,24.382156
2013-04-12,27.65,27.67,26.67,26.99,54200,26.124429
2013-04-11,28.219999,28.41,27.559999,27.84,35500,26.94717
2013-04-10,27.719999,28.469999,27.719999,28.25,73300,27.344021
2013-04-09,27.959999,28.49,27.690001,27.709999,69100,26.821338
2013-04-08,27.629999,27.92,27.450001,27.809999,32400,26.918132
2013-04-05,27.67,27.790001,27.209999,27.59,58600,26.705188
2013-04-04,28.200001,29.15,27.950001,28.16,58500,27.256908
2013-04-03,28.030001,28.370001,27.559999,27.99,138800,27.092359
2013-04-02,28.219999,28.50,27.780001,28.030001,93100,27.131077
2013-04-01,28.48,28.65,27.52,27.98,99900,27.08268
2013-03-28,29.309999,29.309999,28.379999,28.50,73200,27.586004
2013-03-27,28.610001,29.34,28.530001,29.200001,49400,28.263556
2013-03-26,28.85,29.08,28.620001,28.90,43500,27.973175
2013-03-25,28.799999,28.799999,28.17,28.60,42200,27.682797
2013-03-22,28.66,28.77,28.299999,28.540001,37300,27.624722
2013-03-21,28.540001,29.00,28.440001,28.549999,36900,27.6344
2013-03-20,28.879999,29.059999,28.35,28.700001,52600,27.779591
2013-03-19,28.41,28.709999,27.74,28.58,174400,27.663438
2013-03-18,28.32,28.799999,28.16,28.41,65100,27.49889
2013-03-15,28.50,28.92,28.219999,28.629999,192700,27.711834
2013-03-14,28.16,28.469999,27.77,28.469999,84400,27.556965
2013-03-13,28.26,28.290001,27.559999,27.950001,60900,27.053643
2013-03-12,28.76,28.76,27.98,28.18,78100,27.276267
2013-03-11,29.049999,29.07,28.190001,28.76,74600,27.837666
2013-03-08,28.549999,29.26,28.280001,29.040001,79800,28.108687
2013-03-07,28.25,28.35,27.93,28.24,52600,27.334342
2013-03-06,27.719999,28.48,27.59,28.32,72500,27.411776
2013-03-05,27.459999,28.620001,27.27,27.639999,170400,26.753583
2013-03-04,26.940001,27.35,26.73,27.209999,116900,26.337373
2013-03-01,27.379999,27.379999,26.370001,27.040001,147200,26.172827
2013-02-28,29.00,29.280001,27.530001,27.66,131000,26.772943
2013-02-27,27.52,27.879999,27.440001,27.74,81000,26.850377
2013-02-26,27.559999,27.709999,26.860001,27.540001,76500,26.656792
2013-02-25,28.91,28.969999,27.02,27.35,61700,26.472885
2013-02-22,28.10,28.77,27.790001,28.719999,52000,27.798948
2013-02-21,28.030001,28.35,27.49,27.860001,43900,26.966529
2013-02-20,29.379999,29.40,27.969999,28.049999,107200,27.150435
2013-02-19,29.549999,29.610001,28.969999,29.389999,163400,28.447461
2013-02-15,29.809999,29.809999,29.299999,29.42,31000,28.476499
2013-02-14,28.620001,29.51,28.620001,29.389999,69200,28.374865
2013-02-13,28.76,29.129999,28.26,28.610001,82600,27.621808
2013-02-12,28.120001,28.809999,28.120001,28.530001,28400,27.544571
2013-02-11,28.16,28.16,27.790001,28.120001,30200,27.148733
2013-02-08,27.959999,28.50,27.85,28.15,33700,27.177695
2013-02-07,28.139999,28.139999,27.610001,27.85,25300,26.888058
2013-02-06,27.33,28.27,27.290001,28.219999,35500,27.245277
2013-02-05,27.469999,27.82,27.290001,27.450001,37100,26.501875
2013-02-04,27.540001,27.629999,27.15,27.299999,38100,26.357054
2013-02-01,27.08,27.959999,27.00,27.809999,99700,26.849439
2013-01-31,26.82,27.32,26.74,26.90,49800,25.97087
2013-01-30,27.65,27.75,26.73,26.860001,65400,25.932253
2013-01-29,26.790001,27.709999,26.790001,27.67,100700,26.714275
2013-01-28,26.629999,27.030001,26.23,26.799999,120900,25.874324
2013-01-25,27.889999,27.889999,27.27,27.49,124000,26.540492
2013-01-24,27.950001,28.25,27.639999,27.77,104800,26.810821
2013-01-23,28.48,28.540001,27.83,27.969999,69700,27.003912
2013-01-22,28.01,28.690001,27.790001,28.549999,108100,27.563879
2013-01-18,27.860001,28.18,27.68,28.139999,139900,27.168041
2013-01-17,28.059999,28.209999,27.700001,27.870001,119700,26.907368
2013-01-16,28.67,28.77,27.959999,27.959999,172100,26.994257
2013-01-15,28.940001,29.129999,28.719999,28.85,104600,27.853518
2013-01-14,27.370001,28.879999,27.139999,28.83,143700,27.834208
2013-01-11,27.459999,27.459999,26.73,27.26,122700,26.318437
2013-01-10,27.299999,27.469999,26.92,27.389999,57500,26.443946
2013-01-09,26.790001,27.17,26.719999,27.030001,72500,26.096381
2013-01-08,27.360001,27.52,26.40,26.60,97200,25.681233
2013-01-07,27.129999,27.780001,26.860001,27.450001,97600,26.501875
2013-01-04,27.219999,27.42,26.870001,27.35,140400,26.405328
2013-01-03,26.700001,27.32,26.60,27.07,111100,26.134999
2013-01-02,26.540001,26.870001,26.200001,26.690001,154300,25.768125
2012-12-31,25.190001,25.93,25.110001,25.780001,169100,24.889556
2012-12-28,25.200001,25.50,24.77,25.200001,89100,24.32959
2012-12-27,25.40,25.50,25.00,25.360001,81500,24.484063
2012-12-26,25.51,25.809999,25.219999,25.35,92100,24.474408
2012-12-24,25.32,25.450001,25.040001,25.450001,69800,24.570955
2012-12-21,25.110001,25.469999,23.860001,25.440001,507000,24.5613
2012-12-20,23.84,24.950001,23.790001,24.860001,217200,24.001333
2012-12-19,23.33,23.860001,23.110001,23.790001,127300,22.968292
2012-12-18,22.32,23.370001,22.120001,23.309999,145900,22.504869
2012-12-17,22.209999,22.41,22.01,22.35,86600,21.578029
2012-12-14,21.870001,22.370001,21.870001,22.120001,69200,21.355973
2012-12-13,21.629999,22.10,21.58,21.879999,69500,21.124261
2012-12-12,21.57,21.959999,21.280001,21.58,181000,20.834624
2012-12-11,21.610001,21.700001,20.65,21.530001,271500,20.786352
2012-12-10,21.030001,21.65,20.879999,21.57,68200,20.824969
2012-12-07,20.950001,21.049999,20.59,21.00,47300,20.274658
2012-12-06,20.82,20.98,20.639999,20.799999,59500,20.081565
2012-12-05,20.93,21.25,20.77,20.90,167500,20.178111
2012-12-04,20.01,21.00,20.01,20.92,115600,20.197421
2012-12-03,20.65,20.67,19.870001,20.030001,98500,19.338162
2012-11-30,20.620001,20.73,20.48,20.50,150900,19.791928
2012-11-29,20.33,20.73,19.969999,20.59,153000,19.878819
2012-11-28,19.76,20.27,19.700001,20.120001,154000,19.425054
2012-11-27,20.120001,20.540001,19.93,19.969999,164600,19.280233
2012-11-26,19.98,20.26,19.889999,20.18,70900,19.482981
2012-11-23,19.940001,20.280001,19.83,20.10,34400,19.405744
2012-11-21,19.73,19.879999,19.48,19.84,105100,19.154724
2012-11-20,19.530001,19.790001,19.35,19.73,69200,19.048523
2012-11-19,19.82,20.08,19.40,19.66,174100,18.980941
2012-11-16,19.139999,19.799999,18.84,19.469999,257000,18.797503
2012-11-15,19.969999,20.07,18.99,19.219999,322800,18.556138
2012-11-14,20.440001,20.49,19.719999,19.83,281700,19.145069
2012-11-13,20.75,21.200001,20.379999,20.450001,138800,19.671246
2012-11-12,20.67,21.219999,20.450001,21.040001,127300,20.238778
2012-11-09,20.07,20.90,20.01,20.540001,245300,19.757819
2012-11-08,20.870001,20.98,20.219999,20.24,106500,19.469242
2012-11-07,21.049999,21.049999,20.309999,20.780001,148100,19.988679
2012-11-06,21.34,21.52,21.01,21.280001,101200,20.469638
2012-11-05,21.139999,21.65,21.09,21.139999,68300,20.334969
2012-11-02,21.690001,21.690001,21.02,21.32,77200,20.508114
2012-11-01,21.280001,21.66,21.120001,21.49,160600,20.671641
2012-10-31,21.60,21.75,20.879999,20.950001,70600,20.152205
2012-10-26,21.40,21.709999,21.26,21.41,93900,20.594687
2012-10-25,20.780001,21.629999,20.50,21.469999,171500,20.652402
2012-10-24,23.17,23.17,21.93,21.99,101100,21.1526
2012-10-23,23.59,23.620001,22.790001,22.93,81600,22.056805
2012-10-22,23.870001,24.10,23.629999,23.950001,102600,23.037962
2012-10-19,23.879999,23.959999,23.60,23.870001,90700,22.961009
2012-10-18,23.49,24.139999,23.49,24.07,186900,23.153392
2012-10-17,23.40,23.84,22.860001,23.67,69400,22.768624
2012-10-16,23.25,23.25,22.82,23.23,79400,22.34538
2012-10-15,23.25,23.25,22.610001,23.23,52200,22.34538
2012-10-12,23.73,23.790001,23.059999,23.25,57600,22.364618
2012-10-11,23.99,24.049999,23.620001,23.780001,59200,22.874436
2012-10-10,23.85,23.93,23.440001,23.73,69000,22.826339
2012-10-09,23.889999,24.280001,23.60,23.82,42900,22.912912
2012-10-08,23.530001,24.23,23.450001,23.91,33500,22.999485
2012-10-05,24.129999,24.459999,23.690001,23.799999,52000,22.893673
2012-10-04,23.690001,24.440001,23.469999,24.01,72200,23.095677
2012-10-03,24.200001,24.34,23.10,23.459999,82100,22.56662
2012-10-02,24.209999,24.34,23.90,24.17,67700,23.249584
2012-10-01,24.09,24.58,23.92,24.09,73600,23.172631
2012-09-28,23.91,24.10,23.75,23.799999,89300,22.893673
2012-09-27,24.01,24.209999,23.610001,24.049999,83800,23.134153
2012-09-26,23.82,24.299999,23.66,24.00,80800,23.086058
2012-09-25,24.280001,24.50,23.74,23.75,101800,22.845578
2012-09-24,23.90,24.48,23.67,24.15,96400,23.230345
2012-09-21,24.33,24.60,23.49,23.629999,367000,22.730147
2012-09-20,23.50,24.01,23.02,23.940001,97800,23.028343
2012-09-19,24.02,24.08,23.52,23.719999,112600,22.81672
2012-09-18,24.00,24.27,23.65,24.030001,98800,23.114916
2012-09-17,24.93,24.969999,23.93,24.10,80600,23.18225
2012-09-14,24.799999,25.57,24.799999,25.15,113100,24.192264
2012-09-13,23.719999,25.00,23.200001,24.610001,94400,23.672829
2012-09-12,23.620001,23.860001,23.040001,23.68,87100,22.778244
2012-09-11,23.299999,23.99,23.299999,23.450001,73700,22.557003
2012-09-10,23.200001,23.99,23.200001,23.389999,103800,22.499286
2012-09-07,22.43,23.549999,22.360001,23.360001,79700,22.47043
2012-09-06,21.40,22.50,21.360001,22.25,101500,21.402699
2012-09-05,21.459999,21.58,21.07,21.219999,67600,20.411922
2012-09-04,21.309999,21.50,20.879999,21.360001,152700,20.546592
2012-08-31,21.360001,21.440001,20.860001,21.24,122900,20.431161
2012-08-30,20.950001,21.209999,20.860001,21.09,85100,20.286873
2012-08-29,21.02,21.26,20.66,21.110001,87500,20.306112
2012-08-28,20.93,21.10,20.77,21.02,104900,20.219539
2012-08-27,21.17,21.200001,20.90,20.99,97900,20.190681
2012-08-24,20.90,21.309999,20.90,21.10,57600,20.296493
2012-08-23,21.07,21.10,20.90,21.02,186200,20.219539
2012-08-22,20.92,21.379999,20.83,21.139999,49500,20.334969
2012-08-21,21.00,21.530001,20.610001,21.059999,192400,20.258015
2012-08-20,20.43,20.98,20.309999,20.85,80100,20.056013
2012-08-17,20.469999,20.719999,20.110001,20.559999,86100,19.777056
2012-08-16,19.90,20.58,19.790001,20.49,98600,19.709722
2012-08-15,19.75,20.00,19.719999,19.940001,165300,19.180667
2012-08-14,20.00,20.200001,19.66,19.77,113900,18.944996
2012-08-13,20.16,20.26,19.43,19.83,110800,19.002492
2012-08-10,19.90,20.290001,19.75,20.209999,74200,19.366634
2012-08-09,19.83,20.360001,19.690001,20.01,157300,19.174981
2012-08-08,19.889999,20.25,19.719999,19.92,80900,19.088736
2012-08-07,20.200001,20.41,19.790001,19.959999,152700,19.127066
2012-08-06,20.07,20.40,19.799999,19.98,131900,19.146232
2012-08-03,19.620001,20.049999,19.42,19.99,128500,19.155815
2012-08-02,19.42,20.08,18.879999,19.040001,109400,18.24546
2012-08-01,19.85,19.959999,19.440001,19.549999,182700,18.734176
2012-07-31,19.26,19.92,19.17,19.629999,188500,18.810837
2012-07-30,20.07,20.07,19.01,19.379999,195900,18.57127
2012-07-27,17.59,20.24,17.59,20.129999,262400,19.289972
2012-07-26,20.01,20.16,19.549999,19.77,383000,18.944996
2012-07-25,19.60,19.84,19.16,19.52,110000,18.705429
2012-07-24,19.76,19.76,19.10,19.42,123300,18.609601
2012-07-23,19.57,19.82,19.549999,19.620001,56200,18.801256
2012-07-20,19.57,20.309999,19.57,20.049999,131900,19.213311
2012-07-19,20.030001,20.219999,19.620001,19.84,91600,19.012075
2012-07-18,19.639999,20.389999,19.549999,19.92,67100,19.088736
2012-07-17,20.030001,20.23,19.559999,19.639999,104700,18.82042
2012-07-16,20.110001,20.15,19.719999,19.91,52600,19.079153
2012-07-13,19.84,20.35,19.73,20.200001,94200,19.357053
2012-07-12,19.77,20.129999,18.90,19.719999,163800,18.897082
2012-07-11,20.23,20.309999,19.620001,19.889999,129000,19.059988
2012-07-10,21.690001,21.77,20.00,20.219999,166700,19.376217
2012-07-09,21.76,21.940001,21.379999,21.43,253900,20.535724
2012-07-06,22.309999,22.540001,21.870001,22.01,55300,21.091521
2012-07-05,22.76,22.969999,22.58,22.68,116000,21.733561
2012-07-03,22.530001,23.16,22.530001,22.860001,78400,21.90605
2012-07-02,23.040001,23.040001,22.360001,22.549999,81400,21.608985
2012-06-29,22.530001,23.32,22.530001,23.030001,116500,22.068956
2012-06-28,21.42,22.040001,21.370001,21.950001,71300,21.034025
2012-06-27,21.120001,21.799999,21.040001,21.700001,60400,20.794457
2012-06-26,20.98,21.110001,20.370001,20.950001,107600,20.075755
2012-06-25,21.50,21.50,20.940001,21.00,126000,20.123668
2012-06-22,21.92,22.200001,21.459999,21.99,157600,21.072355
2012-06-21,23.02,23.02,21.67,21.73,99700,20.823204
2012-06-20,23.65,23.780001,22.870001,23.07,90300,22.107286
2012-06-19,22.27,23.809999,22.27,23.629999,104600,22.643917
2012-06-18,22.299999,22.440001,22.030001,22.09,73600,21.168182
2012-06-15,22.389999,23.01,22.32,22.459999,232300,21.522741
2012-06-14,22.190001,22.360001,21.889999,22.35,68300,21.417332
2012-06-13,22.379999,22.959999,21.92,22.120001,98700,21.196931
2012-06-12,21.799999,22.620001,21.620001,22.50,90600,21.561073
2012-06-11,22.75,22.889999,21.469999,21.65,105900,20.746543
2012-06-08,22.10,22.40,21.719999,22.35,104700,21.417332
2012-06-07,22.790001,23.450001,22.18,22.23,112700,21.302339
2012-06-06,21.85,22.440001,21.709999,22.42,79100,21.484411
2012-06-05,20.629999,21.51,20.629999,21.49,108600,20.59322
2012-06-04,21.280001,21.41,20.41,20.83,204700,19.960762
2012-06-01,21.629999,21.67,20.74,21.24,148800,20.353652
2012-05-31,22.700001,22.809999,22.00,22.09,106200,21.168182
2012-05-30,23.110001,23.17,22.67,22.73,90600,21.781474
2012-05-29,23.17,23.90,23.030001,23.52,95900,22.538508
2012-05-25,23.01,23.190001,22.620001,22.85,86900,21.896467
2012-05-24,23.139999,23.389999,22.469999,23.07,131800,22.107286
2012-05-23,22.549999,23.15,22.299999,23.10,157000,22.136035
2012-05-22,23.34,23.51,22.67,22.889999,187000,21.934797
2012-05-21,23.139999,23.610001,22.99,23.40,156100,22.423515
2012-05-18,23.059999,23.459999,22.83,23.110001,193400,22.145618
2012-05-17,23.49,23.60,22.969999,23.08,212700,22.116869
2012-05-16,23.969999,24.209999,23.40,23.42,71000,22.442681
2012-05-15,24.00,24.25,23.76,23.98,196000,22.907441
2012-05-14,23.82,24.18,23.82,24.00,149300,22.926547
2012-05-11,23.90,24.60,23.790001,24.129999,134000,23.050732
2012-05-10,24.309999,24.459999,23.85,24.00,113700,22.926547
2012-05-09,23.65,24.379999,23.65,24.00,199000,22.926547
2012-05-08,23.27,24.17,23.16,24.01,187300,22.9361
2012-05-07,23.74,23.92,23.35,23.549999,199000,22.496674
2012-05-04,24.110001,24.299999,23.57,23.83,195400,22.764151
2012-05-03,24.450001,24.67,24.110001,24.32,190800,23.232234
2012-05-02,24.610001,24.91,24.110001,24.50,212000,23.404183
2012-05-01,24.73,25.66,24.60,24.629999,139400,23.528368
2012-04-30,24.99,24.99,24.18,24.709999,266000,23.60479
2012-04-27,25.530001,25.530001,24.57,25.15,289800,24.02511
2012-04-26,25.57,25.98,25.09,25.60,351400,24.454984
2012-04-25,26.09,26.17,25.57,25.790001,120900,24.636486
2012-04-24,25.43,25.93,25.18,25.58,169700,24.435878
2012-04-23,25.09,25.59,24.58,25.40,135400,24.263929
2012-04-20,26.389999,26.41,25.559999,25.73,254200,24.579169
2012-04-19,26.25,26.780001,25.690001,25.969999,78500,24.808434
2012-04-18,26.709999,26.940001,26.219999,26.25,110800,25.075911
2012-04-17,26.540001,27.870001,26.540001,26.969999,162000,25.763707
2012-04-16,26.450001,26.790001,25.67,26.219999,68400,25.047252
2012-04-13,26.83,26.83,26.040001,26.24,92300,25.066358
2012-04-12,26.129999,27.469999,26.059999,27.08,130200,25.868787
2012-04-11,26.059999,26.389999,25.719999,26.129999,175300,24.961277
2012-04-10,25.99,26.08,25.10,25.799999,230800,24.646037
2012-04-09,26.02,26.48,25.860001,26.059999,132200,24.894408
2012-04-05,27.059999,27.389999,26.34,26.780001,135700,25.582206
2012-04-04,27.629999,27.99,26.65,27.18,141600,25.964315
2012-04-03,28.940001,28.940001,27.799999,28.18,143500,26.919588
2012-04-02,28.58,29.370001,28.49,29.00,221300,27.702911
2012-03-30,28.77,29.10,28.65,28.73,134800,27.444987
2012-03-29,27.790001,28.610001,27.700001,28.40,176200,27.129747
2012-03-28,28.09,28.15,27.24,28.129999,103500,26.871823
2012-03-27,28.639999,28.879999,28.139999,28.15,86900,26.890929
2012-03-26,28.879999,29.030001,28.33,28.65,122800,27.368565
2012-03-23,27.450001,28.50,27.389999,28.280001,140200,27.015115
2012-03-22,27.75,28.00,26.690001,27.40,118500,26.174474
2012-03-21,28.42,28.85,27.85,28.24,146500,26.976903
2012-03-20,28.190001,28.49,27.76,28.26,140200,26.996009
2012-03-19,27.790001,29.27,27.719999,28.690001,152300,27.406777
2012-03-16,27.959999,28.290001,27.58,27.77,389800,26.527926
2012-03-15,27.719999,28.030001,27.17,27.879999,109300,26.633005
2012-03-14,27.969999,28.15,27.08,27.60,155200,26.365529
2012-03-13,27.66,28.280001,27.530001,28.15,218700,26.890929
2012-03-12,27.709999,28.08,27.209999,27.309999,145700,26.088499
2012-03-09,27.059999,28.75,27.059999,27.77,211700,26.527926
2012-03-08,26.50,27.15,26.23,27.120001,134400,25.906999
2012-03-07,26.50,26.639999,25.84,26.110001,378100,24.942173
2012-03-06,27.09,27.35,26.02,26.379999,194500,25.200095
2012-03-05,28.08,28.299999,27.450001,27.799999,172200,26.556583
2012-03-02,29.379999,29.559999,27.98,28.280001,267900,27.015115
2012-03-01,30.34,30.41,29.389999,29.450001,197000,28.132785
2012-02-29,30.530001,30.98,29.33,29.35,191700,28.037257
2012-02-28,31.030001,31.690001,30.219999,30.530001,175400,29.164479
2012-02-27,31.40,31.40,29.610001,30.93,226100,29.546588
2012-02-24,31.40,31.799999,31.27,31.59,147800,30.177068
2012-02-23,31.43,31.57,30.950001,31.40,111400,29.995565
2012-02-22,31.610001,32.310001,31.26,31.379999,86000,29.976459
2012-02-21,31.25,32.529999,30.98,31.790001,81900,30.368123
2012-02-17,31.469999,31.48,30.83,31.02,94100,29.632563
2012-02-16,29.51,31.41,29.51,31.379999,115600,29.976459
2012-02-15,30.379999,30.49,29.190001,29.610001,124200,28.285628
2012-02-14,30.15,30.219999,29.51,30.17,140400,28.82058
2012-02-13,30.08,30.48,29.65,30.299999,103400,28.944765
2012-02-10,29.82,30.32,29.16,29.610001,150400,28.285628
2012-02-09,31.540001,31.540001,30.129999,30.50,249200,29.13582
2012-02-08,30.790001,31.92,29.02,31.290001,355000,29.890487
2012-02-07,32.049999,32.630001,31.639999,31.879999,107200,30.454096
2012-02-06,31.799999,32.23,31.59,32.040001,82200,30.606941
2012-02-03,31.75,32.91,31.75,32.16,150400,30.721573
2012-02-02,31.379999,31.52,30.530001,31.040001,137700,29.651668
2012-02-01,29.91,31.469999,29.450001,31.34,175100,29.93825
2012-01-31,29.190001,29.93,28.42,29.41,132700,28.094573
2012-01-30,28.629999,29.280001,28.549999,28.83,227000,27.540515
2012-01-27,28.780001,29.26,28.51,29.049999,69400,27.750674
2012-01-26,29.389999,29.709999,28.540001,29.049999,126700,27.750674
2012-01-25,27.639999,29.32,27.40,29.120001,159700,27.817545
2012-01-24,26.93,27.940001,26.559999,27.76,98200,26.518373
2012-01-23,27.01,27.799999,26.49,27.379999,94400,26.155368
2012-01-20,26.780001,27.08,26.280001,26.879999,124500,25.677732
2012-01-19,26.690001,27.02,26.16,26.91,125800,25.706391
2012-01-18,25.700001,26.719999,25.700001,26.59,174300,25.400704
2012-01-17,26.35,26.50,25.35,25.68,186100,24.531406
2012-01-13,26.530001,26.60,25.629999,26.07,133800,24.903961
2012-01-12,26.780001,27.190001,26.27,27.00,62900,25.792365
2012-01-11,26.98,26.98,26.200001,26.73,146200,25.534441
2012-01-10,26.209999,27.389999,26.110001,26.780001,123200,25.582206
2012-01-09,25.700001,25.940001,25.26,25.68,86100,24.531406
2012-01-06,25.280001,26.049999,24.77,25.469999,117200,24.330797
2012-01-05,25.639999,25.639999,24.83,25.379999,99800,24.244823
2012-01-04,26.02,26.43,25.450001,25.84,226500,24.684249
2012-01-03,25.27,26.620001,25.27,26.33,123900,25.152333
2011-12-30,24.17,24.799999,24.17,24.280001,74800,23.194024
2011-12-29,24.10,24.530001,23.870001,24.25,73700,23.165365
2011-12-28,24.84,24.860001,23.610001,23.98,108500,22.907441
2011-12-27,24.98,25.42,24.83,24.98,47100,23.862714
2011-12-23,25.450001,25.450001,24.690001,25.030001,70700,23.910479
2011-12-22,25.139999,25.73,24.629999,25.33,91200,24.19706
2011-12-21,25.07,25.17,24.200001,25.030001,108600,23.910479
2011-12-20,23.559999,25.34,23.559999,25.299999,128400,24.168401
2011-12-19,23.73,23.76,22.67,22.809999,114200,21.789772
2011-12-16,24.200001,24.50,23.389999,23.51,455200,22.458464
2011-12-15,23.68,24.200001,23.120001,23.91,139000,22.840572
2011-12-14,23.43,23.85,22.969999,23.040001,124300,22.009486
2011-12-13,24.889999,24.889999,23.620001,23.65,154400,22.592201
2011-12-12,25.18,25.18,24.17,24.52,150700,23.423289
2011-12-09,23.959999,26.120001,23.959999,25.76,126400,24.607827
2011-12-08,24.41,24.790001,23.73,23.82,170300,22.754598
2011-12-07,24.700001,25.01,24.02,24.809999,140400,23.700318
2011-12-06,24.90,25.60,24.370001,24.950001,103400,23.834057
2011-12-05,24.92,25.83,24.620001,24.93,124400,23.814951
2011-12-02,24.610001,25.139999,24.24,24.40,147400,23.308656
2011-12-01,24.43,24.60,23.709999,24.129999,185000,23.050732
2011-11-30,23.10,24.60,22.799999,24.59,286000,23.490158
2011-11-29,21.59,22.16,21.59,21.93,384400,20.949133
2011-11-28,20.559999,21.41,20.559999,21.209999,242500,20.261335
2011-11-25,19.709999,20.200001,19.530001,19.67,64400,18.790216
2011-11-23,20.870001,20.879999,19.85,19.889999,171500,19.000375
2011-11-22,21.77,21.91,20.790001,21.120001,161000,20.175362
2011-11-21,22.91,22.950001,21.27,21.629999,199800,20.66255
2011-11-18,23.76,23.799999,23.27,23.51,121100,22.458464
2011-11-17,23.93,24.40,23.25,23.66,164200,22.601754
2011-11-16,24.799999,25.26,23.91,24.030001,114700,22.955206
2011-11-15,24.48,25.35,24.040001,25.17,114300,24.044216
2011-11-14,24.940001,25.23,24.299999,24.58,92300,23.480605
2011-11-11,24.290001,25.559999,24.27,25.00,193400,23.88182
2011-11-10,24.120001,24.389999,23.530001,23.940001,265600,22.869231
2011-11-09,24.389999,24.76,23.40,23.65,229900,22.592201
2011-11-08,25.66,25.66,24.58,25.290001,172700,24.15885
2011-11-07,25.68,25.879999,24.26,25.27,132800,24.139744
2011-11-04,26.07,26.219999,25.25,25.690001,131600,24.540959
2011-11-03,25.889999,26.58,24.99,26.40,130900,25.219201
2011-11-02,25.799999,25.959999,24.84,25.58,143100,24.435878
2011-11-01,24.92,25.83,24.52,25.35,201500,24.216166
2011-10-31,28.17,28.450001,26.190001,26.440001,167800,25.257413
2011-10-28,27.67,30.15,27.67,28.809999,213900,27.521409
2011-10-27,25.98,28.68,24.60,28.559999,532700,27.28259
2011-10-26,26.309999,26.780001,25.620001,26.57,249100,25.381598
2011-10-25,27.10,27.10,25.690001,25.77,136800,24.61738
2011-10-24,25.870001,27.610001,25.780001,27.43,176200,26.203133
2011-10-21,25.98,26.27,25.309999,25.60,171900,24.454984
2011-10-20,25.83,26.030001,24.049999,25.360001,144800,24.225719
2011-10-19,27.540001,27.540001,25.50,25.860001,144600,24.703355
2011-10-18,25.790001,27.84,25.41,27.66,173000,26.422845
2011-10-17,27.35,27.35,25.74,26.01,111100,24.846646
2011-10-14,27.02,27.58,26.90,27.469999,119400,26.241343
2011-10-13,26.299999,26.870001,25.719999,26.83,108800,25.629969
2011-10-12,25.969999,26.940001,25.969999,26.440001,283600,25.257413
2011-10-11,24.629999,26.15,24.459999,25.780001,256500,24.626933
2011-10-10,25.00,25.120001,24.219999,24.91,314900,23.795845
2011-10-07,24.719999,24.969999,24.190001,24.67,324000,23.56658
2011-10-06,23.299999,24.719999,22.76,24.540001,192000,23.442395
2011-10-05,23.76,24.700001,22.610001,23.280001,201100,22.238751
2011-10-04,20.370001,23.65,19.82,23.51,219400,22.458464
2011-10-03,22.60,23.85,20.52,20.530001,204800,19.611751
2011-09-30,22.65,23.42,22.440001,22.68,185300,21.665587
2011-09-29,22.950001,23.610001,22.200001,23.27,179900,22.229198
2011-09-28,24.120001,24.120001,22.040001,22.23,195400,21.235714
2011-09-27,23.120001,25.10,23.120001,24.08,192200,23.002969
2011-09-26,22.60,23.120001,21.719999,23.08,135500,22.047696
2011-09-23,21.51,22.99,21.110001,22.34,335700,21.340794
2011-09-22,22.57,23.24,21.469999,21.959999,267400,20.97779
2011-09-21,24.530001,25.17,23.459999,23.530001,146100,22.477569
2011-09-20,25.719999,26.09,24.41,24.50,224000,23.404183
2011-09-19,25.65,25.700001,24.60,25.59,389600,24.445431
2011-09-16,27.549999,27.57,26.10,26.139999,420100,24.97083
2011-09-15,26.860001,27.379999,26.049999,27.309999,115800,26.088499
2011-09-14,26.299999,27.219999,25.030001,26.639999,240700,25.448467
2011-09-13,26.18,26.530001,25.51,26.040001,150100,24.875304
2011-09-12,25.84,27.040001,25.110001,26.07,95100,24.903961
2011-09-09,27.059999,27.690001,25.57,26.389999,252000,25.209648
2011-09-08,27.379999,28.209999,27.33,27.559999,141200,26.327318
2011-09-07,28.00,28.66,27.469999,27.75,194300,26.50882
2011-09-06,26.51,27.540001,25.549999,27.440001,234600,26.212686
2011-09-02,27.65,28.950001,27.459999,27.67,205400,26.432398
2011-09-01,28.690001,29.030001,27.76,28.030001,114900,26.776297
2011-08-31,28.93,28.98,28.16,28.700001,127900,27.41633
2011-08-30,28.15,28.709999,27.780001,28.60,229100,27.320802
2011-08-29,28.389999,28.440001,27.690001,28.35,125900,27.081984
2011-08-26,26.469999,28.01,26.01,27.90,102100,26.652111
2011-08-25,28.32,28.32,26.58,26.610001,120900,25.41981
2011-08-24,27.280001,28.07,27.059999,28.040001,141600,26.78585
2011-08-23,26.809999,27.50,25.790001,27.450001,185300,26.222239
2011-08-22,27.52,28.00,26.00,26.50,174600,25.314729
2011-08-19,27.059999,28.620001,26.51,26.559999,160400,25.372045
2011-08-18,28.799999,28.99,27.370001,27.76,145900,26.518373
2011-08-17,30.07,30.50,29.309999,29.799999,162000,28.467129
2011-08-16,31.299999,31.459999,29.85,29.959999,128700,28.619972
2011-08-15,30.870001,31.92,30.68,31.879999,69100,30.454096
2011-08-12,31.940001,31.940001,29.76,30.16,159300,28.811027
2011-08-11,29.459999,32.060001,29.040001,31.51,175500,30.100646
2011-08-10,30.959999,31.559999,29.09,29.24,243600,27.932176
2011-08-09,27.940001,31.66,27.139999,31.469999,322900,30.062434
2011-08-08,29.76,30.110001,27.25,27.25,412100,26.031184
2011-08-05,32.880001,32.880001,30.190001,30.969999,221600,29.584798
2011-08-04,33.880001,34.349998,32.27,32.310001,211800,30.864865
2011-08-03,34.630001,34.75,32.790001,34.700001,183200,33.147967
2011-08-02,36.68,37.400002,34.52,34.740002,197100,33.186178
2011-08-01,38.59,39.450001,37.09,37.290001,216400,35.622123
2011-07-29,40.549999,40.549999,36.450001,38.119999,282600,36.414998
2011-07-28,40.18,42.049999,40.080002,41.389999,161200,39.53874
2011-07-27,41.209999,41.209999,40.00,40.310001,141200,38.507048
2011-07-26,41.259998,41.50,40.25,41.470001,90900,39.615164
2011-07-25,40.709999,41.66,40.549999,41.040001,86900,39.204396
2011-07-22,41.66,41.66,40.82,41.209999,74200,39.366791
2011-07-21,41.09,41.959999,40.369999,41.50,191300,39.643821
2011-07-20,41.299999,41.439999,40.470001,40.709999,152000,38.889155
2011-07-19,39.799999,41.43,39.799999,41.200001,157400,39.35724
2011-07-18,39.189999,40.25,39.029999,39.25,97200,37.494457
2011-07-15,39.09,40.130001,38.799999,39.43,141300,37.666407
2011-07-14,40.080002,40.48,38.57,38.889999,129300,37.150558
2011-07-13,38.830002,40.630001,38.360001,39.84,142400,38.058068
2011-07-12,37.84,38.869999,37.509998,38.43,94800,36.711134
2011-07-11,38.169998,38.209999,37.75,38.02,120600,36.319472
2011-07-08,38.52,38.810001,37.810001,38.66,82700,36.930846
2011-07-07,38.950001,39.68,38.360001,39.09,77200,37.341614
2011-07-06,38.119999,38.349998,37.599998,38.189999,134900,36.481867
2011-07-05,37.150002,38.150002,37.029999,38.09,141400,36.386341
2011-07-01,37.060001,37.639999,36.16,37.18,109600,35.517043
2011-06-30,35.950001,37.130001,35.73,36.970001,164400,35.316436
2011-06-29,35.57,36.119999,35.200001,35.66,60400,34.065028
2011-06-28,34.580002,35.490002,34.50,35.290001,96000,33.711578
2011-06-27,34.290001,34.889999,33.610001,34.529999,52500,32.985568
2011-06-24,34.560001,35.470001,33.77,34.330002,110500,32.794517
2011-06-23,33.380001,34.599998,33.110001,34.540001,193000,32.995123
2011-06-22,34.759998,35.130001,34.18,34.369999,124200,32.832725
2011-06-21,34.25,35.279999,33.790001,35.16,103000,33.587391
2011-06-20,33.389999,34.41,33.02,33.830002,120900,32.31688
2011-06-17,35.470001,35.639999,33.279999,33.400002,313700,31.906113
2011-06-16,35.82,36.130001,34.119999,35.09,254400,33.520522
2011-06-15,36.84,37.060001,35.330002,35.790001,124800,34.189214
2011-06-14,36.299999,37.130001,36.200001,37.07,137300,35.411962
2011-06-13,35.509998,36.369999,35.259998,36.040001,168900,34.428032
2011-06-10,35.610001,36.00,34.700001,35.369999,107300,33.787998
2011-06-09,36.16,36.880001,35.849998,35.98,89800,34.370715
2011-06-08,36.900002,37.040001,35.75,36.00,90000,34.389821
2011-06-07,37.369999,38.099998,36.91,37.00,68200,35.345093
2011-06-06,38.099998,38.580002,36.77,36.970001,92000,35.316436
2011-06-03,38.43,39.209999,37.939999,37.990002,159900,36.290815
2011-06-02,38.790001,40.580002,38.66,39.48,122600,37.714169
2011-06-01,39.50,39.619999,38.080002,38.669998,308100,36.940397
2011-05-31,38.470001,39.720001,37.52,39.669998,260200,37.89567
2011-05-27,37.25,38.380001,37.060001,37.68,66400,35.994679
2011-05-26,36.84,37.529999,36.290001,37.009998,74200,35.354644
2011-05-25,35.779999,37.00,35.779999,36.689999,85400,35.048957
2011-05-24,35.349998,36.509998,35.349998,35.830002,98400,34.227426
2011-05-23,35.509998,35.790001,34.560001,35.259998,113600,33.682917
2011-05-20,36.509998,36.869999,35.09,36.200001,104200,34.580876
2011-05-19,38.310001,38.310001,35.919998,36.93,128000,35.278225
2011-05-18,37.360001,38.189999,37.209999,37.900002,63500,36.20484
2011-05-17,36.400002,37.490002,35.77,37.209999,91900,35.5457
2011-05-16,37.27,38.919998,36.549999,36.580002,138800,34.943881
2011-05-13,38.919998,38.919998,37.220001,37.630001,159600,35.946916
2011-05-12,37.400002,39.529999,37.27,38.75,124000,37.016821
2011-05-11,39.939999,39.939999,37.09,37.799999,145300,36.109311
2011-05-10,39.91,40.310001,39.599998,40.150002,55300,38.354204
2011-05-09,38.080002,40.02,38.080002,39.610001,90000,37.838356
2011-05-06,38.59,38.889999,37.82,38.240002,86500,36.529633
2011-05-05,38.709999,39.48,37.790001,37.98,99900,36.28126
2011-05-04,40.02,40.07,38.880001,39.299999,104000,37.54222
2011-05-03,41.25,41.560001,39.25,40.09,99000,38.296886
2011-05-02,42.00,42.00,41.189999,41.299999,103000,39.452766
2011-04-29,42.610001,42.799999,40.580002,41.759998,122000,39.89219
2011-04-28,42.00,44.00,41.369999,42.48,160900,40.579988
2011-04-27,40.990002,41.23,39.360001,41.009998,87900,39.175736
2011-04-26,39.650002,41.23,39.290001,40.849998,106700,39.022892
2011-04-25,40.00,40.200001,39.00,39.50,55400,37.733275
2011-04-21,40.23,40.23,39.470001,40.16,70400,38.363755
2011-04-20,39.369999,40.099998,39.009998,39.990002,57500,38.201361
2011-04-19,38.810001,38.990002,38.220001,38.880001,63300,37.141007
2011-04-18,39.080002,39.310001,38.50,38.549999,84400,36.825765
2011-04-15,38.970001,39.990002,38.970001,39.610001,79500,37.838356
2011-04-14,38.240002,39.419998,37.849998,39.139999,74700,37.389377
2011-04-13,39.00,39.450001,37.450001,38.080002,96700,36.37679
2011-04-12,39.84,40.23,38.169998,38.689999,87000,36.959503
2011-04-11,40.560001,41.00,39.59,40.240002,91200,38.440179
2011-04-08,41.41,41.799999,40.509998,40.59,52100,38.774523
2011-04-07,41.43,41.98,41.00,41.529999,99600,39.672478
2011-04-06,41.200001,41.509998,40.959999,41.23,59500,39.385897
2011-04-05,40.650002,41.919998,40.650002,41.18,95300,39.338134
2011-04-04,41.009998,41.09,40.509998,40.799999,72200,38.975129
2011-04-01,40.950001,41.080002,40.360001,40.82,125800,38.994235
2011-03-31,40.66,41.099998,40.459999,40.799999,86500,38.975129
2011-03-30,40.970001,41.490002,39.98,40.810001,115200,38.984684
2011-03-29,40.529999,41.16,40.50,40.799999,80400,38.975129
2011-03-28,40.50,41.41,40.139999,40.639999,110600,38.822286
2011-03-25,41.560001,42.369999,40.369999,40.459999,113400,38.650336
2011-03-24,41.630001,41.990002,40.759998,41.27,71700,39.424109
2011-03-23,41.07,41.91,40.380001,41.130001,77900,39.290371
2011-03-22,42.00,42.009998,40.349998,41.080002,107400,39.242608
2011-03-21,39.970001,41.77,38.610001,41.740002,181100,39.873088
2011-03-18,39.73,40.98,39.099998,39.529999,765500,37.761932
2011-03-17,39.810001,40.00,38.990002,39.540001,92100,37.771487
2011-03-16,39.610001,40.110001,38.75,39.23,117600,37.475351
2011-03-15,37.900002,40.779999,37.900002,39.880001,159400,38.09628
2011-03-14,39.389999,40.599998,38.50,39.759998,127700,37.981645
2011-03-11,40.50,42.00,39.27,39.959999,142600,38.1727
2011-03-10,41.349998,41.990002,39.470001,40.639999,162500,38.822286
2011-03-09,44.48,44.48,41.189999,41.860001,157300,39.98772
2011-03-08,42.75,44.939999,42.32,44.450001,63400,42.461876
2011-03-07,43.59,43.990002,41.98,42.27,105100,40.379381
2011-03-04,43.919998,43.919998,42.380001,43.41,137600,41.468392
2011-03-03,43.02,43.779999,42.509998,43.529999,157100,41.583024
2011-03-02,41.790001,44.110001,41.709999,42.48,175500,40.579988
2011-03-01,44.16,44.349998,40.759998,41.639999,269000,39.777559
2011-02-28,42.599998,44.52,42.599998,43.77,179400,41.812291
2011-02-25,41.889999,43.209999,40.529999,42.029999,225500,40.150114
2011-02-24,38.02,42.59,38.00,41.50,612900,39.643821
2011-02-23,34.880001,35.130001,34.169998,34.459999,152300,32.9187
2011-02-22,35.189999,35.709999,34.529999,34.779999,145100,33.224387
2011-02-18,35.419998,35.799999,35.290001,35.529999,113500,33.940841
2011-02-17,34.98,35.610001,34.880001,35.299999,106400,33.721129
2011-02-16,34.73,35.110001,34.419998,34.970001,53200,33.405891
2011-02-15,35.25,35.799999,34.470001,34.639999,115400,33.090649
2011-02-14,35.639999,35.93,35.189999,35.330002,45200,33.74979
2011-02-11,34.549999,35.639999,34.360001,35.599998,75900,34.00771
2011-02-10,34.50,34.91,34.110001,34.810001,87100,33.253047
2011-02-09,35.040001,35.040001,34.310001,34.689999,63400,33.138412
2011-02-08,34.790001,35.23,34.52,35.23,36900,33.65426
2011-02-07,34.830002,35.57,34.509998,34.880001,61600,33.319916
2011-02-04,34.869999,35.040001,34.450001,34.709999,55800,33.157518
2011-02-03,35.060001,35.16,34.27,34.970001,60000,33.405891
2011-02-02,35.060001,35.560001,34.669998,35.029999,118800,33.463205
2011-02-01,35.299999,36.439999,35.02,35.130001,110300,33.558734
2011-01-31,34.98,35.139999,34.049999,34.98,61400,33.415442
2011-01-28,35.59,35.709999,34.389999,34.459999,108600,32.9187
2011-01-27,35.91,36.150002,34.919998,35.709999,79900,34.112791
2011-01-26,34.830002,36.23,34.830002,35.889999,100900,34.28474
2011-01-25,35.02,35.560001,33.990002,34.810001,94600,33.253047
2011-01-24,34.639999,36.029999,34.470001,35.360001,121700,33.778447
2011-01-21,35.41,35.77,34.34,34.41,155100,32.870937
2011-01-20,35.099998,35.720001,34.540001,35.23,156700,33.65426
2011-01-19,36.459999,37.00,35.50,35.529999,122400,33.940841
2011-01-18,35.799999,36.700001,35.580002,36.650002,115300,35.010749
2011-01-14,35.57,36.009998,35.23,35.84,123600,34.236977
2011-01-13,36.450001,36.459999,35.560001,35.75,69300,34.151002
2011-01-12,36.110001,36.66,35.93,36.450001,105900,34.819694
2011-01-11,36.34,36.860001,35.389999,35.849998,136200,34.246528
2011-01-10,34.959999,36.439999,34.279999,36.02,202800,34.408926
2011-01-07,36.860001,36.860001,34.779999,35.119999,227300,33.549179
2011-01-06,37.880001,37.880001,36.279999,36.700001,99500,35.058512
2011-01-05,37.259998,37.950001,36.959999,37.759998,116300,36.071099
2011-01-04,38.57,38.869999,37.009998,37.450001,150700,35.774967
2011-01-03,39.00,39.73,38.139999,38.73,154300,36.997715
2010-12-31,38.450001,39.560001,38.240002,38.639999,81000,36.91174
2010-12-30,38.869999,39.080002,38.369999,38.419998,75300,36.701579
2010-12-29,39.209999,39.209999,38.490002,38.970001,82900,37.226982
2010-12-28,39.380001,39.689999,38.849998,39.02,71200,37.274745
2010-12-27,39.00,39.34,38.349998,39.18,50100,37.427588
2010-12-23,39.48,39.799999,39.009998,39.23,67300,37.475351
2010-12-22,39.75,40.110001,39.50,39.50,88500,37.733275
2010-12-21,39.57,39.75,39.32,39.529999,162700,37.761932
2010-12-20,38.540001,39.470001,38.290001,39.139999,148200,37.389377
2010-12-17,38.880001,39.139999,38.16,38.279999,263100,36.567841
2010-12-16,38.700001,39.84,38.630001,39.240002,148700,37.484906
2010-12-15,39.049999,40.00,38.560001,38.68,135000,36.949952
2010-12-14,39.68,39.889999,38.990002,39.25,117200,37.494457
2010-12-13,38.66,39.950001,38.130001,39.330002,100800,37.570881
2010-12-10,37.68,38.52,37.18,38.419998,94700,36.701579
2010-12-09,38.419998,38.75,37.27,37.889999,141900,36.195286
2010-12-08,39.549999,39.75,38.650002,38.77,86600,37.035927
2010-12-07,39.790001,39.990002,39.16,39.34,137700,37.580432
2010-12-06,38.959999,39.490002,38.110001,39.119999,98900,37.370271
2010-12-03,36.93,39.119999,36.419998,39.099998,126200,37.351165
2010-12-02,38.279999,38.279999,36.91,37.299999,108200,35.631674
2010-12-01,36.23,38.349998,36.119999,38.18,188000,36.472316
2010-11-30,35.59,35.779999,34.889999,35.200001,115400,33.625603
2010-11-29,36.16,36.759998,35.490002,36.240002,70300,34.619088
2010-11-26,35.560001,37.00,35.490002,36.580002,46200,34.943881
2010-11-24,36.18,36.200001,35.470001,36.150002,107600,34.533113
2010-11-23,35.060001,35.77,34.540001,35.549999,76600,33.959947
2010-11-22,35.150002,35.700001,34.860001,35.560001,107000,33.969502
2010-11-19,34.639999,35.450001,34.169998,35.110001,127300,33.539628
2010-11-18,34.040001,35.41,34.00,34.830002,87800,33.272153
2010-11-17,33.259998,33.869999,33.040001,33.509998,74700,32.01119
2010-11-16,34.720001,34.720001,32.860001,33.18,193800,31.695952
2010-11-15,35.240002,35.240002,34.439999,34.990002,105300,33.424997
2010-11-12,34.880001,35.529999,34.34,34.900002,122400,33.339022
2010-11-11,35.59,35.59,34.490002,35.16,138300,33.587391
2010-11-10,35.060001,36.009998,34.540001,35.93,190900,34.322952
2010-11-09,36.139999,36.509998,34.349998,34.759998,155200,33.205281
2010-11-08,35.25,36.52,35.02,36.139999,114300,34.523558
2010-11-05,35.389999,35.630001,34.709999,35.209999,107600,33.635154
2010-11-04,34.040001,35.59,34.040001,35.209999,157900,33.635154
2010-11-03,33.869999,34.389999,33.18,33.790001,93100,32.278669
2010-11-02,33.389999,34.32,32.799999,33.98,310900,32.460169
2010-11-01,33.419998,34.50,33.27,34.299999,198400,32.765856
2010-10-29,33.650002,33.779999,33.00,33.150002,223400,31.667295
2010-10-28,31.25,34.34,31.25,33.599998,531800,32.097164
2010-10-27,29.889999,29.889999,28.76,29.50,301600,28.180547
2010-10-26,30.049999,30.709999,29.98,30.07,91700,28.725053
2010-10-25,29.719999,30.67,29.709999,30.43,79300,29.068951
2010-10-22,29.32,29.620001,29.15,29.43,68900,28.113679
2010-10-21,30.370001,30.370001,28.50,29.26,179200,27.951282
2010-10-20,28.84,30.459999,28.799999,30.139999,159500,28.791921
2010-10-19,29.09,29.870001,28.51,28.700001,112200,27.41633
2010-10-18,29.780001,29.799999,29.379999,29.67,86700,28.342944
2010-10-15,30.059999,30.059999,28.870001,29.60,129100,28.276075
2010-10-14,29.59,29.799999,29.15,29.639999,85300,28.314285
2010-10-13,28.52,29.83,28.52,29.48,124700,28.161442
2010-10-12,28.700001,29.09,28.24,28.82,87000,27.530962
2010-10-11,28.77,29.33,28.52,28.73,135700,27.444987
2010-10-08,28.540001,29.360001,28.50,28.809999,158600,27.521409
2010-10-07,28.950001,29.00,28.030001,28.58,86300,27.301696
2010-10-06,28.68,29.030001,28.32,28.74,161300,27.45454
2010-10-05,28.27,29.469999,28.129999,28.799999,145200,27.511856
2010-10-04,28.620001,28.76,27.620001,27.98,90900,26.728532
2010-10-01,28.940001,29.23,28.40,28.83,77700,27.540515
2010-09-30,29.049999,29.200001,28.040001,28.440001,126700,27.167959
2010-09-29,27.450001,28.790001,27.370001,28.66,139800,27.378118
2010-09-28,27.639999,27.639999,26.809999,27.469999,179600,26.241343
2010-09-27,27.709999,27.99,27.09,27.23,108900,26.012078
2010-09-24,26.030001,27.85,26.030001,27.77,131800,26.527926
2010-09-23,26.49,26.870001,25.60,25.870001,222100,24.712908
2010-09-22,27.200001,27.639999,26.690001,26.85,78800,25.649075
2010-09-21,27.24,27.65,27.030001,27.280001,143300,26.059842
2010-09-20,26.700001,27.280001,25.99,27.23,166200,26.012078
2010-09-17,25.950001,27.129999,25.08,26.65,215000,25.45802
2010-09-16,25.77,26.219999,25.469999,25.65,73100,24.502747
2010-09-15,26.139999,26.48,25.90,25.93,111400,24.770224
2010-09-14,26.889999,26.99,26.129999,26.219999,126200,25.047252
2010-09-13,26.200001,27.120001,26.10,26.90,161300,25.696838
2010-09-10,25.549999,26.280001,25.549999,25.77,168600,24.61738
2010-09-09,26.26,26.26,25.32,25.50,85200,24.359456
2010-09-08,25.639999,26.120001,25.540001,25.790001,184600,24.636486
2010-09-07,26.00,26.00,25.549999,25.620001,144500,24.47409
2010-09-03,25.77,26.32,25.57,26.02,188400,24.856199
2010-09-02,24.92,25.50,24.60,25.440001,128200,24.30214
2010-09-01,24.620001,25.00,24.40,24.76,151100,23.652555
2010-08-31,24.26,24.68,23.65,24.049999,219100,22.97431
2010-08-30,24.26,24.700001,24.110001,24.360001,189400,23.270446
2010-08-27,23.700001,24.24,23.02,24.18,193100,23.098496
2010-08-26,22.67,23.889999,22.610001,23.389999,377200,22.34383
2010-08-25,21.200001,21.83,21.09,21.73,104800,20.758077
2010-08-24,22.00,22.08,21.25,21.530001,220300,20.567024
2010-08-23,22.85,23.059999,22.26,22.290001,214600,21.293031
2010-08-20,23.200001,23.200001,22.35,22.59,141300,21.579613
2010-08-19,24.40,24.52,23.00,23.41,160900,22.362936
2010-08-18,24.58,24.99,23.98,24.469999,218500,23.375525
2010-08-17,23.74,24.629999,23.50,24.290001,192800,23.203577
2010-08-16,22.280001,23.59,22.280001,23.32,148400,22.276961
2010-08-13,22.91,23.030001,22.309999,22.51,192500,21.503191
2010-08-12,22.50,23.58,22.15,22.959999,179800,21.933062
2010-08-11,23.540001,23.90,22.790001,23.040001,297600,22.009486
2010-08-10,24.01,24.52,23.530001,24.26,186000,23.174918
2010-08-09,24.48,24.76,24.00,24.49,167100,23.394631
2010-08-06,23.360001,24.370001,23.360001,24.110001,200600,23.031628
2010-08-05,24.23,24.370001,23.57,23.870001,170200,22.802362
2010-08-04,24.40,24.629999,24.10,24.42,128500,23.327762
2010-08-03,24.01,25.00,23.889999,24.34,231300,23.25134
2010-08-02,24.440001,24.809999,23.450001,24.200001,324600,23.117602
2010-07-30,22.51,24.00,22.50,23.85,433000,22.783256
2010-07-29,21.629999,22.58,21.27,22.559999,240700,21.550954
2010-07-28,22.43,22.48,21.43,21.48,186700,20.519259
2010-07-27,22.809999,22.959999,22.35,22.610001,192700,21.598718
2010-07-26,23.290001,23.450001,22.360001,22.709999,327900,21.694244
2010-07-23,22.889999,23.719999,22.33,23.209999,310800,22.171881
2010-07-22,20.43,23.15,20.43,23.00,408200,21.971274
2010-07-21,20.799999,20.959999,19.77,19.940001,164200,19.04814
2010-07-20,19.719999,20.700001,19.450001,20.629999,135400,19.707277
2010-07-19,19.610001,19.90,19.41,19.809999,113800,18.923954
2010-07-16,20.959999,20.959999,19.42,19.459999,185400,18.589608
2010-07-15,21.379999,21.379999,20.50,21.129999,158600,20.184913
2010-07-14,21.51,21.639999,21.01,21.41,201600,20.45239
2010-07-13,20.690001,21.700001,20.379999,21.559999,196800,20.595681
2010-07-12,21.43,21.58,20.16,20.209999,144500,19.306062
2010-07-09,20.629999,21.40,20.370001,21.370001,130100,20.41418
2010-07-08,19.639999,20.889999,19.639999,20.709999,303800,19.783699
2010-07-07,18.719999,19.24,18.24,19.209999,229300,18.350789
2010-07-06,19.459999,19.76,18.40,18.68,244800,17.844496
2010-07-02,19.83,19.93,18.75,19.030001,126200,18.178842
2010-07-01,19.98,20.15,18.90,19.620001,193300,18.742453
2010-06-30,20.15,21.190001,19.940001,19.98,164800,19.08635
2010-06-29,21.00,21.129999,19.91,20.33,219500,19.420696
2010-06-28,21.639999,22.120001,21.48,21.540001,75700,20.576577
2010-06-25,21.49,21.99,21.01,21.74,355200,20.76763
2010-06-24,22.60,22.690001,21.450001,21.540001,207600,20.576577
2010-06-23,22.40,22.940001,22.15,22.700001,96200,21.684693
2010-06-22,23.52,23.809999,22.40,22.51,172800,21.503191
2010-06-21,23.809999,24.440001,23.18,23.40,132400,22.353383
2010-06-18,23.98,24.120001,23.190001,23.290001,219700,22.248304
2010-06-17,24.16,24.52,23.610001,24.09,164700,23.012522
2010-06-16,24.08,24.780001,23.90,24.09,168500,23.012522
2010-06-15,23.530001,24.41,23.379999,24.32,138800,23.232234
2010-06-14,24.10,24.33,23.25,23.41,161700,22.362936
2010-06-11,22.610001,23.73,22.41,23.67,168800,22.611307
2010-06-10,22.23,22.809999,21.76,22.73,214800,21.71335
2010-06-09,22.120001,22.790001,21.469999,21.719999,156600,20.748524
2010-06-08,22.08,22.43,21.59,22.040001,143100,21.054213
2010-06-07,22.93,23.00,21.950001,22.01,179300,21.025554
2010-06-04,24.00,24.00,22.209999,22.75,231500,21.732456
2010-06-03,25.16,25.16,23.92,24.42,131400,23.327762
2010-06-02,24.139999,24.780001,23.370001,24.77,194800,23.662108
2010-06-01,24.889999,25.57,23.91,23.92,167800,22.850125
2010-05-28,25.969999,26.16,24.860001,25.26,149200,24.130191
2010-05-27,25.049999,26.120001,24.969999,26.08,116600,24.913514
2010-05-26,24.84,25.77,24.24,24.41,226000,23.318209
2010-05-25,23.959999,24.76,23.120001,24.66,197900,23.557027
2010-05-24,25.85,25.85,24.68,24.709999,245200,23.60479
2010-05-21,23.83,25.879999,23.83,25.799999,377700,24.646037
2010-05-20,22.639999,24.530001,21.82,24.290001,523000,23.203577
2010-05-19,24.059999,24.459999,22.91,23.389999,305400,22.34383
2010-05-18,25.98,26.030001,24.139999,24.299999,202100,23.213128
2010-05-17,26.049999,26.18,24.190001,25.629999,258100,24.483641
2010-05-14,27.60,27.60,25.34,25.809999,263800,24.65559
2010-05-13,27.969999,28.799999,27.58,27.92,158500,26.671216
2010-05-12,26.60,28.02,26.43,27.99,180800,26.738085
2010-05-11,26.889999,27.049999,26.200001,26.42,206900,25.238307
2010-05-10,27.440001,27.559999,26.950001,27.389999,249300,26.164921
2010-05-07,25.969999,26.559999,24.860001,26.00,338700,24.837093
2010-05-06,26.43,27.559999,24.610001,26.34,273300,25.161886
2010-05-05,27.620001,28.43,26.620001,26.74,255300,25.543994
2010-05-04,28.700001,28.889999,27.91,28.24,374900,26.976903
2010-05-03,30.00,30.25,29.309999,29.41,264200,28.094573
2010-04-30,29.540001,30.33,29.370001,29.73,305900,28.40026
2010-04-29,28.799999,29.969999,28.17,29.309999,339400,27.999045
2010-04-28,27.190001,27.639999,26.90,27.530001,245600,26.298661
2010-04-27,26.809999,27.639999,26.709999,27.01,210400,25.801918
2010-04-26,27.299999,27.780001,27.110001,27.15,96900,25.935656
2010-04-23,27.040001,27.34,26.469999,27.33,109600,26.107605
2010-04-22,26.08,26.889999,25.950001,26.84,94100,25.639522
2010-04-21,26.469999,26.85,26.10,26.370001,104600,25.190544
2010-04-20,26.379999,27.01,26.129999,26.35,87000,25.171438
2010-04-19,26.389999,26.50,25.620001,26.290001,116500,25.114123
2010-04-16,27.18,27.309999,26.50,26.620001,155800,25.429363
2010-04-15,27.299999,27.57,27.200001,27.290001,102100,26.069395
2010-04-14,26.469999,27.50,26.389999,27.33,113800,26.107605
2010-04-13,25.99,26.379999,25.51,26.34,88200,25.161886
2010-04-12,25.959999,26.41,25.84,25.940001,173800,24.779777
2010-04-09,26.059999,26.33,25.84,25.98,87600,24.817987
2010-04-08,26.09,26.27,25.690001,26.120001,112000,24.951726
2010-04-07,26.50,26.50,25.33,26.23,277100,25.056805
2010-04-06,26.41,26.940001,26.129999,26.49,352100,25.305176
2010-04-05,24.58,26.16,24.209999,26.15,947600,24.980383
2010-04-01,22.809999,22.950001,22.450001,22.709999,237600,21.694244
2010-03-31,22.360001,22.719999,22.309999,22.57,229000,21.560507
2010-03-30,22.17,22.790001,22.01,22.370001,248900,21.369453
2010-03-29,21.540001,22.65,21.540001,22.540001,152900,21.53185
2010-03-26,21.50,21.82,21.16,21.40,78300,20.442837
2010-03-25,21.790001,22.27,21.43,21.450001,112200,20.490602
2010-03-24,22.09,22.309999,21.530001,21.549999,79800,20.586128
2010-03-23,21.58,22.23,21.58,22.16,68900,21.168845
2010-03-22,20.610001,21.60,20.610001,21.51,132100,20.547918
2010-03-19,20.870001,21.73,20.459999,20.870001,202600,19.936544
2010-03-18,21.559999,21.98,21.00,21.370001,110100,20.41418
2010-03-17,21.90,22.219999,21.540001,21.719999,87100,20.748524
2010-03-16,21.370001,21.879999,21.23,21.870001,65400,20.891817
2010-03-15,21.610001,21.809999,21.10,21.33,58500,20.375969
2010-03-12,21.950001,21.99,21.440001,21.719999,67000,20.748524
2010-03-11,22.00,22.049999,21.57,21.91,63900,20.930027
2010-03-10,21.370001,22.530001,21.370001,22.24,67400,21.245267
2010-03-09,22.200001,22.370001,21.860001,21.969999,138300,20.987343
2010-03-08,22.35,22.90,22.049999,22.299999,127100,21.302583
2010-03-05,21.889999,22.49,21.870001,22.299999,191700,21.302583
2010-03-04,21.700001,21.82,21.200001,21.780001,67900,20.805842
2010-03-03,21.32,21.98,21.32,21.58,105200,20.614787
2010-03-02,21.459999,21.690001,21.120001,21.34,129500,20.385522
2010-03-01,20.77,21.50,20.68,21.43,99600,20.471496
2010-02-26,21.040001,21.09,20.26,20.540001,117200,19.621304
2010-02-25,20.280001,21.09,20.00,20.959999,114900,20.022517
2010-02-24,20.799999,21.01,20.219999,20.65,138200,19.726383
2010-02-23,21.26,21.35,20.57,20.77,166300,19.841016
2010-02-22,21.51,21.67,21.049999,21.24,219600,20.289994
2010-02-19,19.99,21.690001,19.969999,21.26,397100,20.3091
2010-02-18,20.309999,20.32,19.709999,20.01,242000,19.115009
2010-02-17,18.879999,20.940001,18.879999,20.059999,802100,19.162772
2010-02-16,17.73,17.90,17.309999,17.799999,119600,17.003855
2010-02-12,17.040001,17.690001,16.98,17.440001,204500,16.659958
2010-02-11,16.110001,17.49,16.030001,17.26,220700,16.488009
2010-02-10,16.209999,16.57,15.82,16.219999,149700,15.494524
2010-02-09,16.030001,16.50,16.02,16.34,134400,15.609158
2010-02-08,16.43,16.43,15.80,15.85,223400,15.141074
2010-02-05,16.440001,16.639999,15.90,16.41,255200,15.676026
2010-02-04,17.90,17.98,16.299999,16.440001,297700,15.704685
2010-02-03,18.190001,18.66,17.940001,18.059999,51800,17.252226
2010-02-02,18.17,18.40,17.940001,18.34,108100,17.519703
2010-02-01,18.09,18.24,17.809999,18.129999,124500,17.319095
2010-01-29,18.379999,18.780001,17.709999,17.969999,189700,17.166251
2010-01-28,18.620001,18.620001,17.530001,18.23,139600,17.414623
2010-01-27,17.98,18.57,17.93,18.530001,141100,17.701206
2010-01-26,18.25,18.74,17.90,18.10,110900,17.290438
2010-01-25,18.780001,18.90,18.309999,18.43,111000,17.605678
2010-01-22,18.84,19.120001,18.440001,18.52,162800,17.691653
2010-01-21,19.91,19.91,18.40,18.809999,185900,17.968681
2010-01-20,20.15,20.15,19.17,19.82,198000,18.933506
2010-01-19,20.15,20.60,20.030001,20.40,103200,19.487565
2010-01-15,20.940001,21.09,19.92,20.16,130000,19.258299
2010-01-14,20.790001,21.08,20.719999,20.84,73600,19.907885
2010-01-13,20.459999,20.969999,20.209999,20.82,77400,19.888779
2010-01-12,21.200001,21.200001,20.190001,20.32,111700,19.411143
2010-01-11,21.82,21.85,21.059999,21.459999,100000,20.500153
2010-01-08,21.09,21.690001,21.040001,21.57,123400,20.605234
2010-01-07,21.08,21.49,20.629999,21.23,128400,20.280441
2010-01-06,20.33,21.360001,20.15,21.040001,248300,20.09894
2010-01-05,19.75,20.440001,19.610001,20.07,209700,19.172325
2010-01-04,18.76,19.700001,18.73,19.610001,119500,18.7329
2009-12-31,18.75,18.90,18.450001,18.540001,182500,17.710758
2009-12-30,18.60,18.860001,18.48,18.780001,110200,17.940024
2009-12-29,18.940001,18.959999,18.52,18.65,103000,17.815837
2009-12-28,18.799999,18.98,18.73,18.90,230800,18.054655
2009-12-24,18.60,18.690001,18.540001,18.65,92300,17.815837
2009-12-23,18.32,18.790001,18.25,18.540001,280000,17.710758
2009-12-22,18.58,18.620001,18.299999,18.360001,122200,17.538809
2009-12-21,18.629999,18.809999,18.35,18.49,166000,17.662994
2009-12-18,18.799999,19.09,18.360001,18.450001,318000,17.624784
2009-12-17,18.74,18.940001,18.23,18.57,146700,17.739415
2009-12-16,19.07,19.43,18.77,18.940001,165200,18.092867
2009-12-15,19.82,19.82,19.049999,19.08,184900,18.226605
2009-12-14,19.309999,19.870001,19.00,19.84,138100,18.952612
2009-12-11,18.49,19.200001,18.49,19.200001,131400,18.341238
2009-12-10,19.00,19.23,18.43,18.52,118600,17.691653
2009-12-09,18.219999,19.02,18.01,18.879999,157200,18.03555
2009-12-08,18.620001,18.66,18.110001,18.25,160000,17.433728
2009-12-07,18.50,18.90,18.40,18.83,198500,17.987787
2009-12-04,18.17,18.889999,17.950001,18.559999,187300,17.729863
2009-12-03,18.040001,18.809999,17.790001,17.870001,316900,17.070726
2009-12-02,17.93,18.299999,17.77,17.91,159700,17.108936
2009-12-01,18.02,18.16,17.73,17.85,178200,17.05162
2009-11-30,18.200001,18.43,17.52,17.700001,214800,16.908329
2009-11-27,18.09,18.32,17.780001,18.200001,81900,17.385966
2009-11-25,18.290001,18.75,18.26,18.68,111400,17.844496
2009-11-24,18.42,18.790001,17.90,18.120001,149200,17.309544
2009-11-23,18.129999,19.51,18.129999,18.559999,255500,17.729863
2009-11-20,17.77,17.84,17.110001,17.559999,167200,16.77459
2009-11-19,18.33,18.469999,17.76,17.92,146400,17.118489
2009-11-18,19.190001,19.27,18.18,18.49,177400,17.662994
2009-11-17,18.99,19.209999,18.67,19.129999,122200,18.274368
2009-11-16,18.77,19.219999,18.549999,19.16,235200,18.303027
2009-11-13,18.049999,18.57,17.73,18.51,154900,17.6821
2009-11-12,18.709999,19.02,17.969999,17.98,118400,17.175804
2009-11-11,18.540001,19.200001,18.41,18.790001,101300,17.949577
2009-11-10,18.74,18.879999,18.01,18.27,105000,17.452834
2009-11-09,18.879999,19.379999,18.629999,18.84,156400,17.99734
2009-11-06,18.07,18.780001,18.07,18.60,218600,17.768074
2009-11-05,17.77,18.60,17.639999,18.280001,311000,17.462387
2009-11-04,18.07,18.110001,17.450001,17.50,207600,16.717274
2009-11-03,17.49,18.40,17.370001,17.99,195100,17.185357
2009-11-02,18.58,18.73,17.34,17.74,285400,16.946539
2009-10-30,19.790001,19.790001,18.02,18.450001,453200,17.624784
2009-10-29,23.76,24.309999,19.59,20.00,805300,19.105456
2009-10-28,23.889999,24.10,23.139999,23.40,167900,22.353383
2009-10-27,24.799999,25.129999,23.59,24.02,136600,22.945653
2009-10-26,25.030001,26.540001,24.299999,24.610001,145800,23.509264
2009-10-23,25.52,26.129999,24.799999,25.01,100400,23.891373
2009-10-22,25.379999,25.639999,24.879999,25.469999,147700,24.330797
2009-10-21,25.23,26.98,25.129999,25.50,162900,24.359456
2009-10-20,26.440001,26.67,24.49,25.379999,121100,24.244823
2009-10-19,26.120001,27.00,25.620001,26.469999,107900,25.28607
2009-10-16,26.85,26.889999,25.959999,26.030001,113600,24.865751
2009-10-15,26.57,27.059999,26.52,27.049999,146800,25.840128
2009-10-14,25.50,26.98,25.50,26.799999,264800,25.60131
2009-10-13,25.10,25.24,24.469999,25.129999,74200,24.006005
2009-10-12,25.120001,25.440001,24.860001,25.10,76200,23.977347
2009-10-09,25.370001,25.50,24.969999,25.00,66000,23.88182
2009-10-08,25.120001,25.629999,24.76,25.309999,165000,24.177954
2009-10-07,24.49,25.01,24.42,24.790001,105000,23.681213
2009-10-06,24.42,24.67,24.049999,24.51,91600,23.413736
2009-10-05,22.940001,24.219999,22.92,24.040001,146300,22.964759
2009-10-02,22.469999,23.469999,22.10,22.85,108600,21.827984
2009-10-01,24.48,24.52,22.969999,23.01,109700,21.980827
2009-09-30,24.450001,25.379999,23.860001,24.459999,169700,23.365972
2009-09-29,24.129999,24.790001,24.08,24.360001,80400,23.270446
2009-09-28,23.35,24.66,23.120001,24.17,103100,23.088943
2009-09-25,23.389999,24.110001,23.030001,23.24,77600,22.20054
2009-09-24,24.040001,24.469999,23.309999,23.559999,174600,22.506227
2009-09-23,23.969999,24.60,23.74,23.969999,104800,22.897888
2009-09-22,24.52,24.540001,23.389999,23.84,198000,22.773704
2009-09-21,24.26,24.549999,23.799999,24.23,144800,23.146259
2009-09-18,24.75,24.879999,24.370001,24.52,191800,23.423289
2009-09-17,24.370001,25.209999,24.15,24.620001,193500,23.518817
2009-09-16,24.26,24.73,24.02,24.50,298000,23.404183
2009-09-15,23.639999,24.24,23.639999,23.959999,207000,22.888335
2009-09-14,23.540001,24.07,23.33,23.639999,306100,22.582648
2009-09-11,24.02,24.219999,23.67,23.860001,179300,22.792809
2009-09-10,23.280001,24.35,23.049999,23.90,263300,22.831019
2009-09-09,23.17,23.860001,23.030001,23.26,363000,22.219645
2009-09-08,23.200001,23.629999,23.049999,23.24,258400,22.20054
2009-09-04,22.790001,23.18,22.469999,22.85,161700,21.827984
2009-09-03,23.139999,23.17,22.40,22.76,136900,21.742009
2009-09-02,21.700001,22.959999,21.43,22.57,147000,21.560507
2009-09-01,21.940001,22.83,21.58,21.719999,177800,20.748524
2009-08-31,22.379999,22.43,21.719999,22.18,148400,21.187951
2009-08-28,23.26,23.780001,22.530001,22.74,82100,21.722903
2009-08-27,23.07,23.25,22.15,23.190001,131900,22.152777
2009-08-26,23.610001,23.610001,22.459999,23.139999,178500,22.105012
2009-08-25,23.58,23.91,23.26,23.42,246900,22.372489
2009-08-24,23.719999,24.030001,23.209999,23.34,136500,22.296067
2009-08-21,22.940001,23.469999,22.549999,23.33,255400,22.286514
2009-08-20,22.299999,22.780001,22.049999,22.629999,170900,21.617823
2009-08-19,21.799999,22.790001,21.459999,22.43,176800,21.426769
2009-08-18,21.43,22.24,21.32,22.040001,119500,21.054213
2009-08-17,21.59,21.610001,21.01,21.209999,113500,20.261335
2009-08-14,23.059999,23.18,21.74,22.32,118900,21.321688
2009-08-13,22.549999,23.309999,22.190001,23.040001,128500,22.009486
2009-08-12,21.950001,22.799999,21.50,22.370001,153600,21.369453
2009-08-11,22.60,22.65,21.35,21.860001,189600,20.882264
2009-08-10,22.809999,23.049999,22.27,22.76,69700,21.742009
2009-08-07,23.00,23.459999,22.610001,22.950001,111800,21.923511
2009-08-06,23.02,23.790001,22.40,22.49,128700,21.484085
2009-08-05,23.219999,23.50,22.40,22.940001,182900,21.913958
2009-08-04,21.84,23.98,21.709999,23.139999,336300,22.105012
2009-08-03,21.50,22.200001,21.35,21.90,262400,20.920474
2009-07-31,20.83,21.870001,20.00,21.33,367000,20.375969
2009-07-30,18.77,18.98,18.379999,18.83,295700,17.987787
2009-07-29,18.879999,18.91,18.110001,18.370001,216700,17.548362
2009-07-28,19.91,19.91,18.799999,19.16,244700,18.303027
2009-07-27,19.780001,20.73,19.709999,20.42,127600,19.506671
2009-07-24,20.10,20.15,19.52,19.77,105200,18.885744
2009-07-23,18.91,20.16,18.860001,20.10,309800,19.200984
2009-07-22,19.66,19.83,18.610001,18.77,185200,17.930471
2009-07-21,19.139999,20.18,19.139999,19.75,282500,18.866638
2009-07-20,18.24,19.27,18.110001,19.049999,168800,18.197946
2009-07-17,18.10,18.25,17.959999,18.040001,229900,17.233122
2009-07-16,17.219999,18.25,17.09,18.139999,313300,17.328648
2009-07-15,15.55,17.23,15.55,17.15,225600,16.382928
2009-07-14,15.18,15.52,14.96,15.26,96100,14.577463
2009-07-13,14.84,15.21,14.19,15.13,129400,14.453277
2009-07-10,14.73,14.91,14.34,14.70,69300,14.04251
2009-07-09,14.86,15.16,14.75,14.82,128800,14.157143
2009-07-08,15.08,15.37,14.11,14.75,114300,14.090274
2009-07-07,15.50,15.70,14.95,15.03,98900,14.35775
2009-07-06,15.29,15.51,14.98,15.42,99800,14.730307
2009-07-02,15.96,15.99,15.42,15.55,113200,14.854492
2009-07-01,16.879999,17.15,16.469999,16.559999,137300,15.819317
2009-06-30,16.83,17.200001,16.68,16.75,130800,16.000819
2009-06-29,16.799999,17.23,16.59,16.83,137300,16.077241
2009-06-26,16.41,16.969999,16.190001,16.870001,236600,16.115453
2009-06-25,15.11,16.50,14.58,16.50,200100,15.762001
2009-06-24,14.84,15.57,14.84,15.24,120000,14.558357
2009-06-23,14.70,15.11,14.50,14.70,144500,14.04251
2009-06-22,15.96,15.98,14.56,14.59,202400,13.93743
2009-06-19,17.00,17.00,16.09,16.16,197200,15.437208
2009-06-18,15.64,16.90,15.24,16.66,190200,15.914845
2009-06-17,16.01,16.10,15.15,15.72,158800,15.016889
2009-06-16,16.59,17.040001,16.01,16.129999,102600,15.408549
2009-06-15,17.280001,17.280001,16.08,16.549999,169300,15.809764
2009-06-12,17.639999,17.860001,17.290001,17.51,121400,16.726827
2009-06-11,17.610001,18.18,17.57,17.93,110600,17.128041
2009-06-10,17.92,18.40,17.299999,17.59,196500,16.803249
2009-06-09,17.559999,17.99,17.360001,17.92,97400,17.118489
2009-06-08,17.860001,17.870001,17.030001,17.48,125200,16.698168
2009-06-05,17.629999,18.33,17.549999,18.049999,219300,17.242673
2009-06-04,16.49,17.700001,16.09,17.48,237300,16.698168
2009-06-03,16.790001,17.01,16.15,16.40,281900,15.666473
2009-06-02,16.18,17.290001,16.02,17.219999,174700,16.449797
2009-06-01,15.71,16.48,15.62,16.25,222800,15.523183
2009-05-29,15.12,15.35,14.95,15.35,103300,14.663438
2009-05-28,15.51,15.74,14.78,15.02,140800,14.348198
2009-05-27,15.66,16.200001,15.12,15.29,192100,14.606121
2009-05-26,14.88,15.86,14.76,15.77,199800,15.064652
2009-05-22,15.47,15.57,14.84,15.04,221900,14.367303
2009-05-21,15.42,15.51,14.91,15.38,187900,14.692096
2009-05-20,15.88,16.68,15.39,15.55,256900,14.854492
2009-05-19,15.70,15.93,15.45,15.66,209900,14.959572
2009-05-18,15.55,15.70,15.16,15.65,177600,14.950019
2009-05-15,15.79,16.00,15.07,15.30,190600,14.615674
2009-05-14,15.52,16.290001,14.90,15.83,181600,15.121968
2009-05-13,16.60,16.60,15.27,15.27,270400,14.587016
2009-05-12,17.24,17.65,16.559999,16.969999,180200,16.210979
2009-05-11,17.809999,17.809999,17.040001,17.120001,229900,16.354271
2009-05-08,17.34,18.360001,17.09,18.309999,176900,17.491044
2009-05-07,18.59,18.60,16.65,16.969999,185300,16.210979
2009-05-06,18.299999,18.809999,18.01,18.27,192600,17.452834
2009-05-05,18.959999,18.959999,17.32,17.98,309100,17.175804
2009-05-04,18.18,19.190001,18.18,18.709999,354400,17.873153
2009-05-01,16.809999,18.209999,16.51,18.209999,319200,17.395517
2009-04-30,16.75,17.08,16.450001,16.92,433300,16.163216
2009-04-29,16.48,16.82,16.24,16.58,430800,15.838423
2009-04-28,15.92,16.610001,15.35,16.48,288300,15.742895
2009-04-27,16.48,16.629999,15.85,16.040001,239200,15.322576
2009-04-24,16.440001,17.17,16.280001,16.940001,288600,16.182322
2009-04-23,16.219999,16.40,15.82,16.209999,237900,15.484971
2009-04-22,15.76,16.860001,15.40,16.049999,264400,15.332128
2009-04-21,14.61,16.200001,14.61,16.10,224100,15.379892
2009-04-20,15.51,15.68,14.49,14.75,251400,14.090274
2009-04-17,15.71,16.209999,15.39,16.01,248600,15.293918
2009-04-16,15.43,15.78,15.01,15.68,189800,14.978678
2009-04-15,14.42,15.33,14.42,15.26,179500,14.577463
2009-04-14,14.50,15.11,14.19,14.53,178500,13.880113
2009-04-13,14.11,15.01,13.88,14.87,184300,14.204906
2009-04-09,13.87,14.39,13.71,14.33,290800,13.689059
2009-04-08,12.90,13.51,12.63,13.44,203800,12.838866
2009-04-07,13.19,13.22,12.41,12.71,363200,12.141517
2009-04-06,13.78,13.78,13.16,13.53,230200,12.924841
2009-04-03,13.60,14.19,13.60,14.06,255600,13.431136
2009-04-02,13.38,14.45,13.34,13.76,301100,13.144554
2009-04-01,12.58,13.22,11.50,12.95,432200,12.370782
2009-03-31,13.64,14.39,13.56,13.87,230500,13.249634
2009-03-30,13.50,13.74,13.06,13.40,370700,12.800655
2009-03-27,13.59,14.43,13.46,14.11,655800,13.478899
2009-03-26,13.11,13.96,12.90,13.96,480400,13.335608
2009-03-25,13.35,13.68,12.62,13.07,605100,12.485415
2009-03-24,12.99,13.26,12.99,13.16,948100,12.57139
2009-03-23,13.25,13.60,13.04,13.25,443400,12.657365
2009-03-20,13.25,13.31,12.65,12.87,430300,12.294361
2009-03-19,13.89,14.04,13.14,13.24,503000,12.647812
2009-03-18,12.95,13.58,12.80,13.52,484500,12.915289
2009-03-17,12.57,13.00,12.26,13.00,308200,12.418546
2009-03-16,13.23,13.43,12.40,12.65,267000,12.0842
2009-03-13,13.36,13.36,12.84,13.07,191400,12.485415
2009-03-12,12.28,13.28,11.80,13.22,337300,12.628707
2009-03-11,12.58,12.77,11.52,12.16,352000,11.616117
2009-03-10,10.97,12.42,10.97,12.41,259300,11.854935
2009-03-09,11.88,12.24,10.57,10.60,326700,10.125892
2009-03-06,11.02,12.21,10.94,12.16,489800,11.616117
2009-03-05,11.69,11.94,10.68,10.79,279600,10.307393
2009-03-04,11.36,12.30,11.33,12.10,237300,11.558801
2009-03-03,11.27,11.83,10.83,11.11,221100,10.61308
2009-03-02,12.13,12.30,11.00,11.00,184700,10.508001
2009-02-27,12.06,12.88,11.77,12.40,156700,11.845382
2009-02-26,12.45,13.02,12.30,12.33,141600,11.778513
2009-02-25,13.12,13.20,12.25,12.35,224500,11.797619
2009-02-24,12.81,13.37,12.49,13.24,185000,12.647812
2009-02-23,13.39,13.67,12.49,12.59,189600,12.026885
2009-02-20,13.87,13.97,12.87,13.27,238600,12.67647
2009-02-19,14.57,14.73,13.86,14.20,173500,13.564873
2009-02-18,14.39,14.55,13.65,14.09,194700,13.459794
2009-02-17,15.92,15.92,14.15,14.22,209600,13.583979
2009-02-13,16.290001,16.790001,15.85,15.92,216500,15.207943
2009-02-12,15.36,16.43,15.14,16.32,170200,15.590052
2009-02-11,15.25,16.200001,15.14,15.68,233000,14.978678
2009-02-10,16.540001,17.27,14.90,15.01,363500,14.338645
2009-02-09,15.29,16.85,15.10,16.73,612200,15.981713
2009-02-06,14.30,15.70,13.99,15.46,362100,14.768517
2009-02-05,12.70,14.81,12.41,14.30,431400,13.660401
2009-02-04,12.42,14.22,12.19,13.36,332100,12.762444
2009-02-03,12.35,12.68,11.84,12.40,492800,11.845382
2009-02-02,12.35,12.80,11.98,12.29,273700,11.740303
2009-01-30,12.52,13.27,12.35,12.56,231300,11.998227
2009-01-29,13.34,13.48,12.31,12.37,239900,11.816724
2009-01-28,13.50,14.36,12.59,13.83,248600,13.211423
2009-01-27,12.46,13.83,12.46,13.40,153400,12.800655
2009-01-26,12.03,13.32,12.03,12.66,163700,12.093753
2009-01-23,11.28,12.75,11.27,12.18,223400,11.635223
2009-01-22,10.81,12.00,10.50,11.71,332700,11.186244
2009-01-21,11.31,11.41,10.55,11.12,303300,10.622633
2009-01-20,11.47,11.47,10.61,10.88,294900,10.393368
2009-01-16,11.98,12.30,10.90,11.46,347700,10.947426
2009-01-15,12.19,12.25,11.20,11.81,321400,11.281772
2009-01-14,12.89,13.00,12.11,12.17,177900,11.62567
2009-01-13,12.54,13.33,12.30,13.00,326200,12.418546
2009-01-12,12.68,12.93,12.26,12.65,220000,12.0842
2009-01-09,13.72,13.80,12.55,12.67,347600,12.103306
2009-01-08,13.95,14.61,13.52,13.83,271300,13.211423
2009-01-07,14.42,14.45,13.66,13.98,178000,13.354713
2009-01-06,14.08,15.02,13.73,14.79,210000,14.128485
2009-01-05,13.06,13.96,12.97,13.89,171500,13.268739
2009-01-02,12.72,13.36,12.52,13.02,155100,12.437652
2008-12-31,12.17,12.98,12.00,12.72,229800,12.15107
2008-12-30,11.93,12.10,11.14,12.09,196400,11.549248
2008-12-29,11.92,12.23,11.29,11.72,197800,11.195797
2008-12-26,11.33,12.25,11.33,12.00,152100,11.463274
2008-12-24,12.10,12.15,11.22,11.27,96000,10.765925
2008-12-23,11.79,12.42,11.79,12.23,237100,11.682986
2008-12-22,12.90,12.90,11.21,11.65,223200,11.128928
2008-12-19,12.55,13.15,12.41,12.80,355200,12.227492
2008-12-18,13.63,13.66,12.19,12.54,192800,11.979121
2008-12-17,12.82,13.80,12.68,13.65,351900,13.039473
2008-12-16,11.92,12.97,11.92,12.71,261400,12.141517
2008-12-15,12.30,12.58,11.58,11.94,131400,11.405957
2008-12-12,11.01,12.30,11.00,12.25,220900,11.702092
2008-12-11,12.93,13.28,11.38,11.65,278000,11.128928
2008-12-10,12.30,13.55,12.30,13.14,184000,12.552285
2008-12-09,12.98,13.50,11.62,12.11,323400,11.568353
2008-12-08,11.95,13.03,11.82,12.98,292400,12.39944
2008-12-05,11.02,11.55,10.50,11.29,346300,10.78503
2008-12-04,11.15,11.76,10.84,11.29,352800,10.78503
2008-12-03,9.93,11.50,9.66,11.39,370400,10.880557
2008-12-02,9.30,10.23,9.30,10.22,274600,9.762888
2008-12-01,11.09,11.09,9.14,9.15,316000,8.740746
2008-11-28,11.13,11.73,10.94,11.58,142900,11.062059
2008-11-26,9.50,11.62,9.31,11.48,283100,10.966531
2008-11-25,9.61,9.77,8.86,9.77,317800,9.333016
2008-11-24,7.83,10.11,7.83,9.43,454500,9.008223
2008-11-21,7.96,8.05,6.98,7.70,578400,7.3556
2008-11-20,8.04,8.87,7.74,7.74,620200,7.393811
2008-11-19,9.01,9.32,8.17,8.20,293800,7.833237
2008-11-18,9.50,9.76,8.50,9.04,278600,8.635666
2008-11-17,9.64,9.76,9.02,9.47,304400,9.046434
2008-11-14,10.54,10.89,9.70,9.75,290400,9.31391
2008-11-13,9.83,10.82,9.31,10.69,392100,10.211866
2008-11-12,11.08,11.12,9.65,9.71,286900,9.275699
2008-11-11,11.55,11.75,10.82,11.23,375500,10.727713
2008-11-10,12.01,12.57,11.35,11.55,188400,11.033401
2008-11-07,11.32,11.98,11.00,11.51,324700,10.99519
2008-11-06,11.80,12.12,11.10,11.17,223200,10.670397
2008-11-05,12.65,12.99,11.71,11.89,286200,11.358194
2008-11-04,12.30,13.17,12.29,12.87,578000,12.294361
2008-11-03,12.21,12.91,11.63,12.05,282100,11.511037
2008-10-31,11.20,12.70,11.20,12.27,500300,11.721198
2008-10-30,11.26,12.87,10.50,11.31,907000,10.804136
2008-10-29,10.55,10.77,9.76,9.90,875600,9.4572
2008-10-28,10.20,10.44,9.43,10.35,607900,9.887074
2008-10-27,11.32,11.32,9.73,9.85,396400,9.409437
2008-10-24,10.90,11.91,10.90,11.51,382800,10.99519
2008-10-23,13.29,13.32,11.41,12.23,317500,11.682986
2008-10-22,14.46,14.46,12.65,13.17,252600,12.580943
2008-10-21,15.24,15.70,14.73,14.75,261700,14.090274
2008-10-20,14.33,15.40,14.21,15.35,160400,14.663438
2008-10-17,13.59,15.49,13.25,14.12,242500,13.488452
2008-10-16,13.29,14.30,12.32,14.23,365300,13.593531
2008-10-15,14.85,14.85,13.08,13.11,283200,12.523626
2008-10-14,17.07,17.26,14.85,15.32,317500,14.634779
2008-10-13,14.14,16.290001,13.84,16.190001,248000,15.465867
2008-10-10,12.85,13.93,12.75,13.50,752700,12.896183
2008-10-09,13.89,13.89,13.06,13.25,780700,12.657365
2008-10-08,12.78,14.44,12.78,13.56,674800,12.953499
2008-10-07,12.91,13.89,12.72,13.27,835300,12.67647
2008-10-06,14.00,14.00,11.89,13.33,610900,12.733786
2008-10-03,15.79,16.26,14.10,14.16,463700,13.526663
2008-10-02,16.450001,16.889999,15.35,15.65,493000,14.950019
2008-10-01,18.35,18.709999,17.51,17.889999,154100,17.08983
2008-09-30,17.690001,18.690001,17.450001,18.57,260700,17.739415
2008-09-29,19.299999,19.41,17.16,17.620001,289200,16.831907
2008-09-26,19.610001,19.98,19.07,19.76,262800,18.876191
2008-09-25,21.85,21.85,19.67,20.00,390800,19.105456
2008-09-24,23.15,23.15,21.620001,21.74,153300,20.76763
2008-09-23,24.33,24.620001,22.870001,23.08,178500,22.047696
2008-09-22,25.93,25.93,24.309999,24.32,224700,23.232234
2008-09-19,28.719999,28.799999,24.860001,25.67,542500,24.521853
2008-09-18,21.98,25.219999,21.98,25.190001,450500,24.063322
2008-09-17,22.709999,22.950001,21.280001,21.559999,243800,20.595681
2008-09-16,20.98,22.93,20.98,22.93,338600,21.904405
2008-09-15,22.860001,23.48,22.08,22.08,207700,21.092423
2008-09-12,23.50,24.01,23.389999,23.620001,220200,22.563544
2008-09-11,24.09,24.09,23.15,23.67,303100,22.611307
2008-09-10,24.57,25.049999,24.129999,24.60,304100,23.499711
2008-09-09,26.559999,26.60,24.17,24.17,283700,23.088943
2008-09-08,27.07,27.48,25.969999,26.459999,167500,25.276517
2008-09-05,26.290001,26.879999,25.33,26.459999,238500,25.276517
2008-09-04,28.10,28.50,26.030001,26.309999,282100,25.133227
2008-09-03,29.059999,29.67,28.040001,28.200001,212300,26.938694
2008-09-02,29.35,29.879999,28.360001,29.059999,166600,27.760227
2008-08-29,30.15,30.25,29.129999,29.299999,145400,27.989492
2008-08-28,29.809999,30.15,29.08,30.15,203100,28.801474
2008-08-27,29.629999,30.25,29.450001,29.860001,207000,28.524446
2008-08-26,29.23,29.610001,28.85,29.57,209000,28.247416
2008-08-25,30.83,30.83,28.879999,29.24,254400,27.932176
2008-08-22,30.639999,31.27,30.440001,31.10,215000,29.708984
2008-08-21,30.450001,30.889999,30.120001,30.629999,171000,29.260005
2008-08-20,30.49,31.00,30.299999,30.610001,175600,29.240901
2008-08-19,30.10,30.59,29.66,30.08,161900,28.734606
2008-08-18,30.379999,30.75,29.540001,30.049999,191600,28.705947
2008-08-15,29.75,30.32,29.450001,30.00,247400,28.658184
2008-08-14,30.00,30.700001,29.540001,29.74,231700,28.409813
2008-08-13,28.860001,30.33,28.82,30.25,164400,28.897002
2008-08-12,28.57,29.18,28.219999,28.959999,162700,27.664699
2008-08-11,28.059999,28.60,27.65,28.60,343900,27.320802
2008-08-08,27.940001,28.25,27.540001,28.120001,261100,26.862272
2008-08-07,27.700001,28.59,27.67,27.969999,227500,26.718979
2008-08-06,27.379999,28.309999,27.26,27.99,223000,26.738085
2008-08-05,26.73,27.59,26.52,27.530001,316000,26.298661
2008-08-04,27.209999,27.280001,25.32,26.24,426700,25.066358
2008-08-01,25.299999,27.799999,25.00,27.09,473900,25.87834
2008-07-31,23.98,24.15,23.43,23.93,246200,22.859678
2008-07-30,24.379999,24.809999,23.91,24.309999,178200,23.222681
2008-07-29,23.41,24.219999,23.389999,24.049999,334600,22.97431
2008-07-28,23.43,23.719999,23.209999,23.379999,214300,22.334277
2008-07-25,23.719999,23.91,22.91,23.540001,263300,22.487122
2008-07-24,24.76,24.780001,23.08,23.33,213300,22.286514
2008-07-23,24.620001,25.200001,24.280001,24.540001,147000,23.442395
2008-07-22,22.98,24.68,22.91,24.60,232200,23.499711
2008-07-21,23.809999,23.85,22.91,23.309999,233200,22.267408
2008-07-18,23.27,24.17,23.15,23.629999,233500,22.573095
2008-07-17,24.129999,24.700001,23.26,23.620001,233600,22.563544
2008-07-16,22.870001,24.27,22.40,24.209999,264200,23.127153
2008-07-15,23.34,23.41,22.120001,22.700001,198800,21.684693
2008-07-14,23.85,24.49,23.23,23.559999,280900,22.506227
2008-07-11,22.780001,23.700001,22.540001,23.639999,234700,22.582648
2008-07-10,22.02,23.209999,21.73,22.950001,300800,21.923511
2008-07-09,23.08,23.75,22.01,22.139999,293600,21.149739
2008-07-08,22.07,23.219999,21.530001,23.139999,333700,22.105012
2008-07-07,22.10,22.700001,21.700001,22.24,286800,21.245267
2008-07-03,22.299999,22.610001,21.299999,22.030001,191300,21.04466
2008-07-02,24.299999,24.49,22.219999,22.379999,420400,21.379004
2008-07-01,24.00,24.43,23.59,24.35,321700,23.260893
2008-06-30,25.82,26.030001,24.389999,24.42,328600,23.327762
2008-06-27,25.52,25.719999,24.60,25.57,597600,24.426325
2008-06-26,26.52,26.77,25.15,25.65,334000,24.502747
2008-06-25,26.549999,27.00,25.809999,26.799999,368900,25.60131
2008-06-24,28.00,28.00,26.42,26.52,364100,25.333835
2008-06-23,30.48,30.48,28.10,28.200001,430900,26.938694
2008-06-20,32.400002,32.549999,29.99,30.25,498200,28.897002
2008-06-19,32.110001,32.790001,31.91,32.639999,207100,31.180103
2008-06-18,32.669998,32.689999,30.83,32.00,185900,30.568729
2008-06-17,32.869999,33.849998,32.59,32.73,203700,31.266078
2008-06-16,32.049999,32.950001,31.75,32.720001,261100,31.256527
2008-06-13,31.83,32.810001,31.83,32.299999,176900,30.855311
2008-06-12,30.969999,32.419998,30.93,31.379999,199400,29.976459
2008-06-11,29.90,31.90,29.66,30.85,335800,29.470166
2008-06-10,30.10,30.35,29.719999,30.02,289700,28.67729
2008-06-09,30.75,31.60,30.00,30.73,264300,29.355533
2008-06-06,31.99,31.99,30.51,30.58,275100,29.212242
2008-06-05,30.799999,32.139999,30.65,32.139999,258500,30.702467
2008-06-04,31.76,31.76,30.379999,30.780001,256900,29.403297
2008-06-03,32.650002,32.849998,31.459999,31.83,155800,30.406333
2008-06-02,33.279999,33.279999,32.049999,32.400002,195300,30.95084
2008-05-30,32.860001,33.52,32.110001,33.41,208600,31.915664
2008-05-29,32.369999,33.360001,32.369999,32.580002,185400,31.122789
2008-05-28,31.299999,32.84,31.299999,32.700001,135600,31.237421
2008-05-27,31.129999,31.780001,30.610001,31.299999,181300,29.900038
2008-05-23,31.77,31.77,30.709999,31.34,147000,29.93825
2008-05-22,32.610001,32.900002,31.77,32.080002,185100,30.645153
2008-05-21,33.970001,34.41,31.950001,32.68,278700,31.218315
2008-05-20,33.68,33.950001,33.060001,33.900002,173700,32.383749
2008-05-19,33.889999,34.630001,33.43,33.73,248000,32.221351
2008-05-16,33.450001,33.990002,33.099998,33.959999,194100,32.441063
2008-05-15,32.900002,33.610001,32.639999,33.52,166400,32.020744
2008-05-14,33.00,33.099998,32.490002,32.810001,267700,31.342502
2008-05-13,32.889999,32.889999,32.139999,32.810001,184100,31.342502
2008-05-12,32.50,33.130001,31.940001,32.889999,142500,31.418922
2008-05-09,32.200001,32.580002,31.719999,32.130001,194200,30.692916
2008-05-08,32.330002,32.689999,31.85,32.099998,191300,30.664255
2008-05-07,32.709999,33.709999,31.92,32.189999,223300,30.75023
2008-05-06,31.50,32.98,31.360001,32.73,262600,31.266078
2008-05-05,31.799999,31.940001,31.290001,31.82,213700,30.39678
2008-05-02,32.610001,32.919998,31.469999,31.76,236000,30.339464
2008-05-01,31.110001,32.290001,30.85,32.290001,369000,30.845759
2008-04-30,30.02,31.969999,29.969999,31.01,374800,29.62301
2008-04-29,30.209999,30.469999,29.91,30.09,287600,28.744159
2008-04-28,31.50,31.68,30.139999,30.639999,279300,29.269558
2008-04-25,28.389999,31.540001,28.15,31.48,400100,30.071987
2008-04-24,31.15,31.15,28.219999,28.440001,416500,27.167959
2008-04-23,29.90,30.82,29.15,30.43,292500,29.068951
2008-04-22,31.17,31.200001,29.290001,29.790001,342400,28.457577
2008-04-21,31.639999,31.90,31.129999,31.43,205000,30.024224
2008-04-18,30.860001,32.18,30.860001,31.92,242100,30.492308
2008-04-17,30.709999,31.58,30.50,30.85,156400,29.470166
2008-04-16,29.25,31.52,29.219999,30.91,391900,29.527482
2008-04-15,29.049999,29.440001,28.559999,28.889999,150700,27.59783
2008-04-14,28.940001,29.41,28.83,28.93,226900,27.636042
2008-04-11,28.99,29.370001,28.84,29.02,351600,27.722017
2008-04-10,28.50,30.200001,28.48,29.42,259800,28.104126
2008-04-09,29.17,29.58,28.309999,28.540001,183700,27.263486
2008-04-08,28.92,29.799999,28.92,29.32,184700,28.008598
2008-04-07,28.559999,30.200001,28.540001,29.209999,272500,27.903517
2008-04-04,28.540001,29.059999,28.190001,28.559999,225900,27.28259
2008-04-03,27.35,29.059999,27.139999,28.459999,503600,27.187063
2008-04-02,26.76,27.700001,26.73,27.15,297500,25.935656
2008-04-01,25.73,26.809999,25.51,26.809999,258300,25.610863
2008-03-31,26.59,26.59,25.18,25.67,437400,24.521853
2008-03-28,27.059999,27.60,26.50,26.51,176200,25.324282
2008-03-27,27.85,28.49,27.049999,27.059999,325400,25.849681
2008-03-26,27.309999,28.459999,26.76,27.82,587000,26.575689
2008-03-25,26.530001,27.93,26.50,27.370001,762300,26.145817
2008-03-24,25.01,27.469999,25.01,26.57,506500,25.381598
2008-03-20,24.280001,25.26,23.77,24.860001,642400,23.748082
2008-03-19,25.790001,26.620001,24.360001,24.360001,703200,23.270446
2008-03-18,25.190001,26.040001,24.530001,25.92,568900,24.760671
2008-03-17,25.08,25.709999,24.33,24.60,449300,23.499711
2008-03-14,26.93,26.93,25.17,25.76,741600,24.607827
2008-03-13,26.02,26.99,24.780001,26.83,527000,25.629969
2008-03-12,25.98,26.889999,25.50,26.309999,484800,25.133227
2008-03-11,25.870001,26.370001,25.16,25.92,543900,24.760671
2008-03-10,25.76,26.280001,25.10,25.110001,705300,23.9869
2008-03-07,26.33,27.200001,25.52,25.870001,392100,24.712908
2008-03-06,27.530001,27.77,26.32,26.559999,676500,25.372045
2008-03-05,26.889999,27.889999,26.299999,27.610001,630600,26.375082
2008-03-04,26.459999,26.959999,25.66,26.629999,835700,25.438914
2008-03-03,27.50,27.700001,25.950001,26.780001,368500,25.582206
2008-02-29,29.40,29.65,27.540001,27.780001,368200,26.537479
2008-02-28,28.809999,30.15,28.52,29.74,231200,28.409813
2008-02-27,29.67,30.620001,28.950001,29.059999,231800,27.760227
2008-02-26,29.50,30.67,28.799999,29.889999,224000,28.553103
2008-02-25,28.799999,29.459999,27.91,29.459999,323700,28.142336
2008-02-22,28.10,29.17,27.85,28.620001,347100,27.339908
2008-02-21,29.719999,29.809999,27.790001,28.110001,251400,26.852719
2008-02-20,27.75,29.719999,27.75,29.58,237400,28.256969
2008-02-19,28.209999,28.48,27.57,28.049999,242800,26.795401
2008-02-15,27.83,28.15,26.93,27.780001,180600,26.537479
2008-02-14,28.530001,29.49,27.700001,27.98,327500,26.728532
2008-02-13,27.559999,28.52,27.23,28.42,318900,27.148853
2008-02-12,27.309999,27.309999,26.33,26.91,329200,25.706391
2008-02-11,25.27,27.57,25.15,27.18,832700,25.964315
2008-02-08,26.73,27.110001,24.379999,24.99,1569800,23.872267
2008-02-07,29.00,30.33,28.52,29.85,270100,28.514893
2008-02-06,29.91,31.030001,29.120001,29.280001,306400,27.970388
2008-02-05,29.85,30.440001,29.620001,29.73,269700,28.40026
2008-02-04,30.50,31.450001,30.50,30.75,241000,29.374638
2008-02-01,28.719999,30.57,28.540001,30.379999,243800,29.021187
2008-01-31,27.60,29.50,27.42,28.59,385900,27.311249
2008-01-30,28.48,29.10,27.719999,28.030001,363300,26.776297
2008-01-29,27.190001,29.120001,27.190001,28.639999,516400,27.359012
2008-01-28,27.17,27.74,26.690001,27.059999,255400,25.849681
2008-01-25,27.290001,27.889999,26.92,27.209999,307800,25.992972
2008-01-24,26.02,27.49,26.02,26.860001,329800,25.658628
2008-01-23,25.700001,26.83,24.629999,25.959999,436300,24.798881
2008-01-22,25.440001,27.889999,24.75,26.73,305500,25.534441
2008-01-18,27.43,27.959999,25.620001,26.49,417500,25.305176
2008-01-17,29.43,30.10,27.049999,27.26,355400,26.040737
2008-01-16,30.34,30.83,28.16,29.379999,339000,28.065914
2008-01-15,31.540001,31.67,30.120001,30.84,299500,29.460613
2008-01-14,31.700001,32.23,31.16,31.98,188200,30.549624
2008-01-11,32.110001,32.52,30.969999,31.24,302800,29.842722
2008-01-10,30.50,33.080002,30.43,32.299999,519900,30.855311
2008-01-09,31.50,31.889999,29.940001,31.200001,588400,29.804512
2008-01-08,34.810001,34.860001,31.200001,31.809999,690900,30.387227
2008-01-07,35.25,35.759998,33.759998,34.57,416200,33.02378
2008-01-04,36.59,36.810001,34.669998,35.25,308400,33.673366
2008-01-03,37.32,37.639999,36.759998,37.02,227300,35.364199
2008-01-02,36.900002,38.119999,36.900002,37.57,285200,35.889599
2007-12-31,38.27,38.27,36.669998,37.02,302700,35.364199
2007-12-28,38.34,39.27,38.299999,38.52,191000,36.797108
2007-12-27,38.84,39.740002,38.00,38.689999,330400,36.959503
2007-12-26,40.459999,40.91,38.709999,39.27,300000,37.513563
2007-12-24,38.400002,41.849998,37.66,40.939999,402300,39.108867
2007-12-21,37.490002,38.599998,33.57,38.279999,1810400,36.567841
2007-12-20,39.630001,39.82,38.470001,39.43,181700,37.666407
2007-12-19,38.619999,40.169998,38.59,39.279999,207300,37.523114
2007-12-18,38.66,39.279999,37.68,38.599998,409800,36.873528
2007-12-17,40.110001,40.130001,37.709999,38.110001,327000,36.405447
2007-12-14,42.080002,42.080002,39.57,40.439999,264500,38.63123
2007-12-13,42.25,42.790001,40.990002,42.029999,314100,40.150114
2007-12-12,43.700001,44.50,42.509998,43.110001,494800,41.181811
2007-12-11,44.00,44.52,42.529999,42.59,485600,40.685068
2007-12-10,45.73,45.73,44.50,44.630001,206500,42.633826
2007-12-07,45.16,45.419998,44.599998,45.380001,178900,43.35028
2007-12-06,43.939999,45.439999,43.900002,45.439999,312200,43.407594
2007-12-05,43.41,44.16,43.23,44.07,207400,42.098872
2007-12-04,44.900002,45.099998,43.130001,43.220001,288400,41.286891
2007-12-03,44.869999,45.869999,44.66,45.400002,166600,43.369386
2007-11-30,46.98,46.98,44.52,44.73,255900,42.729352
2007-11-29,46.380001,46.380001,44.779999,46.099998,230800,44.038074
2007-11-28,43.599998,46.450001,43.599998,46.400002,328000,44.324659
2007-11-27,43.560001,43.900002,42.360001,43.209999,237800,41.277337
2007-11-26,43.759998,45.119999,43.450001,43.560001,239600,41.611684
2007-11-23,43.299999,44.110001,42.68,43.849998,105400,41.888711
2007-11-21,43.299999,44.049999,42.060001,43.169998,175100,41.239125
2007-11-20,43.130001,44.529999,42.77,43.669998,285500,41.716761
2007-11-19,44.790001,44.790001,42.310001,42.610001,402300,40.704174
2007-11-16,44.77,45.919998,43.740002,45.189999,292000,43.168776
2007-11-15,44.900002,45.27,43.970001,44.459999,365400,42.471428
2007-11-14,46.02,46.580002,44.849998,45.119999,244200,43.101907
2007-11-13,44.68,45.740002,43.439999,45.630001,251900,43.589099
2007-11-12,44.540001,45.299999,43.32,43.610001,310800,41.659447
2007-11-09,44.880001,45.400002,44.080002,44.77,369700,42.767563
2007-11-08,46.41,46.799999,44.540001,46.02,316800,43.961654
2007-11-07,47.060001,47.990002,45.549999,45.830002,304100,43.780154
2007-11-06,46.169998,48.049999,46.130001,47.91,343100,45.767119
2007-11-05,48.00,48.00,45.689999,45.830002,491000,43.780154
2007-11-02,47.16,48.639999,46.209999,48.52,277000,46.349836
2007-11-01,47.18,47.73,45.849998,46.50,339700,44.420185
2007-10-31,47.830002,48.650002,47.139999,48.299999,300700,46.139675
2007-10-30,45.849998,48.349998,45.849998,47.720001,414300,45.585619
2007-10-29,46.200001,46.73,45.040001,46.259998,377200,44.190918
2007-10-26,45.16,46.080002,44.00,45.740002,673700,43.694179
2007-10-25,49.650002,49.650002,43.099998,43.639999,1769300,41.688104
2007-10-24,55.700001,56.119999,52.919998,55.220001,503800,52.750165
2007-10-23,54.66,56.389999,54.540001,56.389999,273800,53.867832
2007-10-22,54.470001,54.73,50.599998,54.32,411100,51.890418
2007-10-19,58.220001,58.360001,54.150002,54.740002,487700,52.291634
2007-10-18,57.790001,58.740002,56.91,58.32,233800,55.711509
2007-10-17,57.349998,57.900002,56.75,57.529999,348100,54.956843
2007-10-16,56.73,57.50,55.59,56.970001,352600,54.421892
2007-10-15,56.240002,57.439999,55.220001,56.290001,424000,53.772306
2007-10-12,54.82,56.41,54.650002,55.970001,200400,53.466619
2007-10-11,56.189999,56.990002,54.369999,54.630001,380700,52.186554
2007-10-10,54.700001,55.98,54.57,55.700001,404800,53.208695
2007-10-09,52.439999,54.299999,52.169998,53.889999,284700,51.47965
2007-10-08,51.959999,52.900002,51.540001,52.439999,200200,50.094504
2007-10-05,50.990002,52.84,50.040001,52.32,317600,49.979872
2007-10-04,51.169998,51.169998,49.860001,50.34,176700,48.088433
2007-10-03,51.650002,52.029999,50.400002,51.169998,233000,48.881307
2007-10-02,52.200001,52.48,50.27,52.380001,541700,50.03719
2007-10-01,52.290001,53.119999,52.07,52.630001,257300,50.276008
2007-09-28,52.599998,53.00,51.830002,51.889999,172300,49.569105
2007-09-27,52.650002,52.830002,51.709999,52.439999,251500,50.094504
2007-09-26,51.41,52.650002,51.41,52.189999,223100,49.855686
2007-09-25,49.900002,51.400002,48.639999,51.27,341800,48.976837
2007-09-24,50.549999,52.00,49.950001,50.23,382500,47.983352
2007-09-21,49.939999,50.66,49.740002,50.099998,385600,47.859166
2007-09-20,49.709999,50.299999,48.779999,49.470001,285200,47.257346
2007-09-19,49.34,50.25,49.009998,49.939999,502700,47.706322
2007-09-18,45.23,48.869999,45.009998,48.639999,381300,46.464468
2007-09-17,46.040001,46.18,44.610001,45.290001,300100,43.264306
2007-09-14,45.959999,46.43,45.209999,46.27,165800,44.200473
2007-09-13,46.389999,47.200001,45.790001,46.23,230800,44.162261
2007-09-12,47.110001,47.470001,45.57,46.169998,245400,44.104943
2007-09-11,46.07,47.799999,45.970001,47.099998,467600,44.993347
2007-09-10,47.00,47.209999,44.610001,45.98,227500,43.923443
2007-09-07,47.040001,47.18,45.27,46.43,280100,44.353316
2007-09-06,47.549999,48.50,47.200001,48.00,245700,45.853094
2007-09-05,46.790001,47.799999,46.630001,47.290001,254100,45.174851
2007-09-04,47.77,48.700001,47.25,47.990002,220200,45.843543
2007-08-31,47.669998,48.810001,47.57,48.299999,344000,46.139675
2007-08-30,45.25,47.50,45.00,47.169998,469000,45.060216
2007-08-29,44.189999,46.060001,44.169998,46.049999,385600,43.990311
2007-08-28,43.75,44.09,43.34,44.009998,374500,42.041554
2007-08-27,43.709999,44.450001,43.27,43.970001,238300,42.003346
2007-08-24,42.400002,44.16,42.400002,44.02,286400,42.051109
2007-08-23,42.450001,42.73,41.709999,42.41,350100,40.513119
2007-08-22,41.849998,43.150002,41.650002,42.049999,328800,40.16922
2007-08-21,40.349998,41.310001,39.82,41.049999,281100,39.213947
2007-08-20,39.91,40.50,38.59,40.07,282300,38.277781
2007-08-17,39.400002,40.77,38.080002,40.02,475400,38.230018
2007-08-16,36.75,37.43,34.169998,37.150002,877800,35.488386
2007-08-15,40.200001,40.50,37.27,37.50,631500,35.82273
2007-08-14,40.450001,41.720001,40.150002,40.52,359700,38.707654
2007-08-13,42.709999,43.360001,40.709999,40.869999,535700,39.041998
2007-08-10,42.57,44.509998,41.950001,43.50,737300,41.554367
2007-08-09,41.400002,43.470001,40.419998,43.139999,753100,41.210468
2007-08-08,38.900002,43.25,38.150002,42.400002,1101200,40.503568
2007-08-07,37.77,39.25,37.279999,38.490002,878500,36.768451
2007-08-06,37.119999,37.59,35.869999,37.549999,1008200,35.870493
2007-08-03,35.599998,38.720001,35.459999,37.080002,1203500,35.421517
2007-08-02,37.299999,38.93,37.189999,38.549999,811600,36.825765
2007-08-01,36.98,38.150002,36.259998,36.799999,679900,35.154038
2007-07-31,37.98,39.439999,37.700001,37.869999,585400,36.17618
2007-07-30,39.50,39.50,37.73,37.959999,1010000,36.262154
2007-07-27,40.139999,41.07,39.060001,39.169998,687300,37.418034
2007-07-26,40.799999,41.119999,39.27,40.240002,757300,38.440179
2007-07-25,42.299999,42.630001,40.459999,41.66,691500,39.796664
2007-07-24,43.50,43.549999,41.50,41.830002,536300,39.959063
2007-07-23,44.549999,44.799999,43.919998,44.139999,339700,42.165741
2007-07-20,45.130001,45.25,43.779999,44.150002,422200,42.175295
2007-07-19,45.290001,45.970001,44.810001,45.27,325700,43.2452
2007-07-18,44.099998,45.040001,43.580002,44.900002,334100,42.89175
2007-07-17,43.77,45.610001,43.77,44.32,438100,42.33769
2007-07-16,46.299999,46.599998,44.459999,44.650002,731900,42.652932
2007-07-13,44.84,47.16,44.470001,46.869999,734300,44.773635
2007-07-12,43.50,44.900002,43.299999,44.84,568100,42.834432
2007-07-11,42.349998,43.200001,42.189999,43.200001,349000,41.267785
2007-07-10,42.860001,43.369999,42.00,42.349998,516600,40.455801
2007-07-09,43.439999,43.439999,42.240002,42.849998,757200,40.933438
2007-07-06,42.509998,43.32,42.349998,43.27,364700,41.334654
2007-07-05,42.290001,42.889999,41.82,42.759998,406900,40.847463
2007-07-03,42.880001,42.880001,42.049999,42.360001,432800,40.465356
2007-07-02,41.990002,42.950001,41.990002,42.880001,590700,40.962098
2007-06-29,40.939999,42.77,40.939999,41.990002,930800,40.111906
2007-06-28,41.099998,41.509998,40.849998,40.93,525600,39.099316
2007-06-27,40.049999,41.18,39.700001,40.860001,665500,39.032447
2007-06-26,41.43,41.639999,40.009998,40.299999,729200,38.497493
2007-06-25,40.18,42.09,40.16,41.049999,1720100,39.213947
2007-06-22,40.560001,41.009998,39.970001,39.970001,888400,38.182255
2007-06-21,40.439999,41.34,39.700001,40.450001,1281900,38.640785
2007-06-20,44.00,44.200001,40.200001,40.439999,4251800,38.63123
2007-06-19,50.700001,51.490002,50.330002,50.669998,374100,48.403671
2007-06-18,51.119999,51.130001,50.450001,50.68,348600,48.413225
2007-06-15,51.400002,52.049999,51.099998,51.110001,396500,48.823993
2007-06-14,50.02,50.77,50.009998,50.209999,281300,47.964246
2007-06-13,48.689999,50.049999,48.50,49.650002,316300,47.429296
2007-06-12,48.900002,49.330002,47.68,48.169998,303900,46.015489
2007-06-11,50.25,50.25,48.75,49.279999,360500,47.075842
2007-06-08,48.900002,50.66,48.450001,50.50,261500,48.241276
2007-06-07,52.099998,52.25,49.529999,49.66,390800,47.438847
2007-06-06,53.240002,53.27,51.080002,51.950001,459800,49.626422
2007-06-05,53.799999,54.48,53.119999,54.200001,332700,51.775786
2007-06-04,54.00,54.439999,53.32,54.00,381500,51.584731
2007-06-01,54.18,55.639999,53.50,54.509998,582400,52.071918
2007-05-31,54.880001,55.77,53.23,53.650002,525700,51.250387
2007-05-30,52.09,54.91,52.02,54.880001,345700,52.425372
2007-05-29,53.25,53.700001,52.509998,53.09,343900,50.715433
2007-05-25,51.25,53.290001,51.119999,53.00,414600,50.629458
2007-05-24,53.77,54.240002,50.849998,51.189999,691200,48.900413
2007-05-23,52.790001,54.540001,52.790001,53.759998,473500,51.355464
2007-05-22,53.380001,53.759998,52.630001,52.790001,503400,50.428852
2007-05-21,51.549999,53.259998,51.259998,52.98,527400,50.610352
2007-05-18,51.599998,51.93,50.98,51.540001,316000,49.234761
2007-05-17,52.650002,52.959999,51.119999,51.610001,404800,49.301629
2007-05-16,51.75,51.860001,50.400002,51.389999,506400,49.091468
2007-05-15,51.380001,52.66,50.93,51.689999,439100,49.378049
2007-05-14,53.50,54.049999,50.84,51.360001,474400,49.062811
2007-05-11,51.099998,52.16,51.00,52.09,289400,49.76016
2007-05-10,52.00,52.00,50.25,50.73,523000,48.460988
2007-05-09,50.419998,52.240002,49.82,52.00,479400,49.674185
2007-05-08,50.50,50.639999,49.580002,50.220001,537600,47.973801
2007-05-07,50.830002,51.43,50.169998,50.98,474400,48.699807
2007-05-04,49.529999,51.50,49.400002,50.450001,644800,48.193513
2007-05-03,48.98,49.610001,47.580002,49.52,620400,47.305109
2007-05-02,47.349998,48.869999,46.75,48.419998,921000,46.254307
2007-05-01,47.48,47.48,45.130001,46.009998,1073900,43.9521
2007-04-30,49.790001,50.330002,47.98,48.02,738200,45.8722
2007-04-27,51.119999,51.130001,47.98,49.759998,1023700,47.534373
2007-04-26,60.049999,60.900002,49.48,50.950001,3479700,48.67115
2007-04-25,59.200001,61.82,59.130001,61.740002,477600,58.978544
2007-04-24,60.25,60.849998,59.560001,59.98,349400,57.297262
2007-04-23,59.189999,60.75,58.869999,60.139999,341500,57.450105
2007-04-20,59.50,59.50,58.50,59.189999,260400,56.542595
2007-04-19,56.59,58.25,55.450001,57.810001,474800,55.224322
2007-04-18,59.139999,59.139999,57.610001,57.759998,602600,55.176555
2007-04-17,60.650002,60.959999,58.880001,59.139999,715700,56.494832
2007-04-16,58.049999,59.049999,57.200001,58.950001,627600,56.313332
2007-04-13,53.950001,58.330002,53.849998,58.029999,835300,55.434479
2007-04-12,52.75,53.880001,52.59,53.720001,261300,51.317256
2007-04-11,53.549999,54.200001,52.349998,52.529999,297300,50.180479
2007-04-10,54.200001,54.50,52.810001,53.549999,231700,51.154857
2007-04-09,51.810001,54.740002,50.060001,54.080002,376600,51.661154
2007-04-05,51.439999,52.150002,51.200001,51.779999,242700,49.464024
2007-04-04,52.07,52.150002,51.200001,51.34,331100,49.043705
2007-04-03,52.119999,52.720001,51.700001,51.82,329500,49.502236
2007-04-02,48.799999,51.740002,48.619999,51.509998,789300,49.2061
2007-03-30,49.240002,50.450001,48.200001,48.470001,386500,46.302073
2007-03-29,49.049999,49.50,48.560001,49.240002,281300,47.037634
2007-03-28,49.529999,49.529999,48.09,48.549999,439700,46.378493
2007-03-27,48.349998,49.48,47.52,49.009998,373900,46.817918
2007-03-26,49.700001,50.200001,47.849998,48.330002,362400,46.168336
2007-03-23,47.400002,48.84,47.299999,48.709999,385500,46.531337
2007-03-22,47.32,47.950001,46.389999,47.189999,412600,45.079322
2007-03-21,47.77,48.119999,46.150002,47.220001,512500,45.107982
2007-03-20,45.34,47.560001,45.32,47.560001,486300,45.432775
2007-03-19,45.50,45.790001,44.860001,45.25,199700,43.226094
2007-03-16,44.779999,45.77,44.639999,44.939999,393900,42.929958
2007-03-15,44.150002,44.779999,43.91,44.779999,281800,42.777115
2007-03-14,43.25,44.330002,42.66,44.330002,242100,42.347245
2007-03-13,43.849998,44.50,42.549999,42.779999,469100,40.866569
2007-03-12,45.27,45.490002,42.639999,44.220001,543000,42.242164
2007-03-09,45.50,45.82,44.220001,45.049999,211700,43.035039
2007-03-08,44.139999,46.009998,44.00,45.099998,384000,43.082802
2007-03-07,44.650002,44.75,43.380001,43.560001,463800,41.611684
2007-03-06,42.73,44.900002,42.599998,44.610001,491900,42.61472
2007-03-05,42.900002,43.25,41.830002,41.91,511700,40.035483
2007-03-02,44.400002,44.650002,43.00,43.110001,333400,41.181811
2007-03-01,44.599998,45.25,42.630001,44.50,400900,42.509639
2007-02-28,45.16,45.59,43.02,44.82,628300,42.815326
2007-02-27,47.25,47.400002,45.169998,45.549999,525500,43.512675
2007-02-26,47.720001,48.490002,47.330002,48.150002,415500,45.996386
2007-02-23,48.549999,48.77,47.50,47.639999,447800,45.509195
2007-02-22,49.00,49.34,47.389999,48.630001,439900,46.454917
2007-02-21,47.16,48.48,47.00,48.48,440700,46.311625
2007-02-20,45.700001,47.119999,45.700001,46.799999,429900,44.706766
2007-02-16,44.720001,45.75,43.919998,45.52,346200,43.484018
2007-02-15,45.34,46.00,44.439999,44.720001,627300,42.719801
2007-02-14,43.490002,46.00,43.470001,45.169998,529900,43.14967
2007-02-13,42.25,44.700001,42.200001,43.869999,1112100,41.907816
2007-02-12,38.00,41.900002,37.900002,41.810001,2165500,39.939957
2007-02-09,32.720001,33.080002,30.969999,31.360001,313800,29.957355
2007-02-08,33.049999,33.209999,32.299999,32.82,125800,31.352053
2007-02-07,33.200001,33.450001,32.720001,33.049999,212400,31.571765
2007-02-06,32.57,33.049999,32.139999,33.02,218400,31.543108
2007-02-05,32.93,33.310001,32.400002,32.66,139900,31.199209
2007-02-02,33.779999,33.84,32.860001,33.060001,159900,31.58132
2007-02-01,33.50,34.150002,33.259998,33.560001,227300,32.058956
2007-01-31,32.970001,33.349998,32.599998,33.09,111500,31.609977
2007-01-30,32.549999,33.330002,32.549999,32.950001,105000,31.476239
2007-01-29,32.759998,33.25,32.32,32.709999,140600,31.246972
2007-01-26,32.259998,33.110001,31.92,32.880001,256900,31.40937
2007-01-25,32.849998,33.330002,32.330002,32.439999,307200,30.989048
2007-01-24,32.740002,32.990002,32.189999,32.700001,199500,31.237421
2007-01-23,31.00,32.860001,30.809999,32.779999,336800,31.313841
2007-01-22,31.370001,31.370001,30.58,31.18,174300,29.785406
2007-01-19,31.280001,31.60,30.700001,31.51,233600,30.100646
2007-01-18,32.060001,32.330002,31.00,31.280001,237600,29.880934
2007-01-17,31.90,32.48,31.74,32.150002,238800,30.712022
2007-01-16,32.77,32.849998,32.060001,32.139999,408300,30.702467
2007-01-12,33.25,33.50,33.080002,33.389999,231200,31.896558
2007-01-11,32.48,33.470001,32.48,33.299999,496400,31.810583
2007-01-10,33.400002,33.400002,32.299999,32.48,490100,31.02726
2007-01-09,34.50,34.50,33.299999,33.400002,415800,31.906113
2007-01-08,33.950001,34.57,33.650002,34.299999,231000,32.765856
2007-01-05,35.650002,35.759998,33.75,33.810001,378900,32.297774
2007-01-04,35.310001,36.259998,34.98,35.849998,270200,34.246528
2007-01-03,33.82,35.400002,33.77,35.310001,473000,33.730684
2006-12-29,33.610001,34.029999,33.34,33.77,172000,32.259563
2006-12-28,34.00,34.02,33.23,33.75,198200,32.240457
2006-12-27,33.900002,34.110001,33.700001,34.00,220400,32.479275
2006-12-26,33.669998,34.310001,33.349998,33.59,173100,32.087613
2006-12-22,34.299999,34.32,33.299999,33.580002,186300,32.078062
2006-12-21,35.549999,35.549999,34.25,34.299999,185600,32.765856
2006-12-20,35.439999,35.880001,35.220001,35.459999,102200,33.873972
2006-12-19,35.169998,35.599998,34.610001,35.450001,193400,33.864421
2006-12-18,36.400002,36.549999,35.009998,35.060001,175300,33.491865
2006-12-15,36.00,36.82,35.91,36.200001,216200,34.580876
2006-12-14,35.450001,36.259998,35.450001,35.900002,218800,34.294295
2006-12-13,35.150002,35.75,34.759998,35.25,316900,33.673366
2006-12-12,35.700001,35.849998,34.099998,34.650002,250900,33.100204
2006-12-11,35.560001,36.240002,35.119999,35.799999,423400,34.198765
2006-12-08,35.900002,36.25,35.32,35.650002,173400,34.055477
2006-12-07,35.900002,36.099998,35.50,35.849998,118200,34.246528
2006-12-06,35.779999,36.18,35.490002,35.75,134500,34.151002
2006-12-05,35.990002,36.07,35.57,35.73,189200,34.131896
2006-12-04,34.150002,35.98,34.099998,35.869999,257600,34.265634
2006-12-01,34.950001,35.900002,34.57,34.830002,339500,33.272153
2006-11-30,35.00,35.889999,33.91,35.419998,426000,33.835761
2006-11-29,34.849998,35.50,34.700001,35.139999,259800,33.568285
2006-11-28,34.50,34.610001,33.939999,34.50,410800,32.956911
2006-11-27,35.860001,36.09,33.529999,34.57,606400,33.02378
2006-11-24,35.919998,36.77,35.799999,36.110001,85600,34.494901
2006-11-22,36.360001,36.650002,35.68,36.16,168500,34.542664
2006-11-21,34.98,36.43,34.66,36.360001,242500,34.733719
2006-11-20,34.950001,35.189999,34.25,34.459999,352100,32.9187
2006-11-17,35.689999,35.689999,34.599998,34.689999,295400,33.138412
2006-11-16,36.040001,36.849998,35.68,35.73,358300,34.131896
2006-11-15,35.34,36.060001,35.16,36.049999,332600,34.437583
2006-11-14,35.48,35.650002,34.880001,35.59,275700,33.998159
2006-11-13,34.869999,35.59,34.810001,35.48,205000,33.893078
2006-11-10,35.169998,35.450001,34.66,34.869999,292900,33.310361
2006-11-09,34.849998,35.50,34.650002,35.18,271800,33.606497
2006-11-08,34.349998,35.139999,34.07,35.02,281800,33.453654
2006-11-07,35.150002,35.490002,34.27,34.599998,401000,33.052437
2006-11-06,33.900002,35.349998,33.75,34.919998,368200,33.358124
2006-11-03,33.25,33.66,32.540001,33.110001,296700,31.629083
2006-11-02,32.799999,33.490002,32.209999,33.43,420500,31.93477
2006-11-01,33.669998,34.150002,33.50,33.59,385000,32.087613
2006-10-31,33.950001,34.75,33.450001,33.66,390400,32.154482
2006-10-30,32.650002,34.299999,32.209999,33.950001,423400,32.431512
2006-10-27,33.150002,34.150002,32.740002,33.080002,316300,31.600426
2006-10-26,32.810001,34.639999,32.75,33.220001,849200,31.734163
2006-10-25,30.98,31.879999,30.82,31.700001,357200,30.282148
2006-10-24,30.10,30.92,30.10,30.82,293200,29.441507
2006-10-23,29.90,30.299999,29.440001,30.10,311300,28.753711
2006-10-20,30.389999,30.450001,29.52,29.629999,322900,28.304732
2006-10-19,29.700001,30.50,29.68,30.309999,261400,28.954318
2006-10-18,30.10,30.799999,29.549999,29.83,272800,28.495787
2006-10-17,30.50,30.540001,29.219999,29.99,291500,28.648631
2006-10-16,29.98,30.68,29.58,30.10,360900,28.753711
2006-10-13,29.00,30.25,28.709999,29.93,471500,28.591315
2006-10-12,28.35,28.950001,28.02,28.950001,321900,27.655148
2006-10-11,28.200001,28.940001,27.75,28.290001,451200,27.024668
2006-10-10,26.90,28.57,26.83,28.370001,611100,27.10109
2006-10-09,26.280001,27.59,25.98,26.77,1247200,25.572653
2006-10-06,24.299999,24.299999,23.790001,24.02,135800,22.945653
2006-10-05,23.950001,24.65,23.950001,24.450001,290600,23.356421
2006-10-04,23.700001,24.219999,23.18,23.85,400300,22.783256
2006-10-03,24.719999,24.73,22.950001,23.40,521200,22.353383
2006-10-02,25.00,25.76,24.58,24.90,332800,23.786292
2006-09-29,25.08,25.60,24.799999,24.870001,363800,23.757635
2006-09-28,25.969999,26.01,24.90,24.98,359500,23.862714
2006-09-27,26.00,26.40,25.52,25.969999,251900,24.808434
2006-09-26,25.00,26.110001,25.00,25.92,237700,24.760671
2006-09-25,25.41,25.41,23.73,24.91,439400,23.795845
2006-09-22,25.549999,25.969999,25.059999,25.52,305100,24.378562
2006-09-21,25.68,26.129999,24.75,25.549999,798400,24.407219
2006-09-20,26.549999,26.93,25.10,25.50,352200,24.359456
2006-09-19,26.90,26.969999,25.68,26.440001,516900,25.257413
2006-09-18,26.950001,27.49,26.530001,26.879999,418600,25.677732
2006-09-15,26.860001,27.18,26.620001,27.030001,263600,25.821024
2006-09-14,27.15,27.200001,26.50,26.60,240500,25.410257
2006-09-13,26.459999,27.440001,26.459999,27.15,249700,25.935656
2006-09-12,26.129999,26.90,25.809999,26.559999,343700,25.372045
2006-09-11,26.23,27.00,25.709999,26.18,309900,25.009042
2006-09-08,26.93,27.42,26.10,26.24,368100,25.066358
2006-09-07,27.530001,27.530001,26.299999,26.65,325300,25.45802
2006-09-06,28.50,28.50,27.33,27.530001,335700,26.298661
2006-09-05,27.85,28.67,27.60,28.530001,669900,27.253933
2006-09-01,26.85,27.879999,26.85,27.530001,387000,26.298661
2006-08-31,26.24,26.959999,25.92,26.719999,272100,25.524888
2006-08-30,26.02,26.24,25.700001,26.16,133400,24.989936
2006-08-29,26.00,26.209999,25.209999,26.02,237600,24.856199
2006-08-28,24.50,25.52,24.26,25.50,243700,24.359456
2006-08-25,25.290001,25.35,24.73,25.00,228100,23.88182
2006-08-24,25.60,25.76,25.08,25.290001,247700,24.15885
2006-08-23,26.40,26.780001,25.18,25.450001,231900,24.311693
2006-08-22,26.049999,26.440001,25.84,26.43,329000,25.24786
2006-08-21,26.360001,26.360001,25.440001,26.040001,509900,24.875304
2006-08-18,25.75,26.450001,25.52,26.360001,552400,25.180991
2006-08-17,25.00,25.85,24.809999,25.57,560700,24.426325
2006-08-16,23.700001,25.01,23.549999,25.00,491100,23.88182
2006-08-15,23.50,23.74,23.059999,23.559999,276600,22.506227
2006-08-14,23.23,23.389999,22.780001,23.030001,413900,21.999933
2006-08-11,24.25,24.51,23.08,23.219999,682000,22.181434
2006-08-10,22.25,25.00,21.780001,24.82,843100,23.70987
2006-08-09,23.08,23.110001,21.99,22.08,284700,21.092423
2006-08-08,22.950001,23.389999,22.75,22.92,334600,21.894853
2006-08-07,22.40,23.00,22.10,22.77,276300,21.751562
2006-08-04,23.200001,23.27,22.27,22.700001,283400,21.684693
2006-08-03,22.85,23.27,22.309999,22.950001,201900,21.923511
2006-08-02,22.67,23.440001,22.49,22.99,254600,21.961721
2006-08-01,23.07,23.07,22.120001,22.57,241700,21.560507
2006-07-31,22.799999,23.27,22.66,23.07,291100,22.038143
2006-07-28,22.450001,22.85,22.110001,22.700001,435500,21.684693
2006-07-27,23.389999,23.860001,21.67,21.93,455700,20.949133
2006-07-26,24.10,24.25,23.27,23.389999,290700,22.34383
2006-07-25,23.34,24.00,23.280001,23.92,249800,22.850125
2006-07-24,22.85,23.59,22.799999,23.40,297300,22.353383
2006-07-21,23.52,23.52,21.950001,22.23,389900,21.235714
2006-07-20,23.90,24.35,23.41,23.52,762900,22.468017
2006-07-19,22.299999,23.27,22.209999,23.00,369700,21.971274
2006-07-18,21.85,22.360001,21.57,22.219999,387500,21.226161
2006-07-17,22.74,22.870001,21.540001,21.700001,277500,20.72942
2006-07-14,22.280001,22.870001,21.35,22.639999,445000,21.627375
2006-07-13,23.700001,23.700001,22.26,22.27,475800,21.273926
2006-07-12,22.860001,24.50,22.860001,23.76,505500,22.697282
2006-07-11,23.35,23.83,22.26,23.75,1083400,22.687729
2006-07-10,20.60,20.719999,20.209999,20.379999,122600,19.468459
2006-07-07,21.24,21.25,20.389999,20.450001,199300,19.535329
2006-07-06,21.18,21.370001,20.92,21.24,175100,20.289994
2006-07-05,21.049999,21.27,20.370001,21.190001,262500,20.242231
2006-07-03,20.85,21.200001,20.74,21.049999,105900,20.108492
2006-06-30,20.32,20.98,20.309999,20.85,1042200,19.917438
2006-06-29,19.10,20.200001,18.889999,20.09,182200,19.191431
2006-06-28,19.049999,19.15,18.51,19.02,97300,18.169289
2006-06-27,19.83,19.950001,18.77,18.950001,155300,18.10242
2006-06-26,19.50,19.92,19.48,19.879999,134000,18.990822
2006-06-23,19.200001,19.620001,19.01,19.32,292100,18.45587
2006-06-22,19.280001,19.60,18.83,19.43,371700,18.560951
2006-06-21,18.15,18.92,18.15,18.799999,150200,17.959128
2006-06-20,18.379999,18.60,18.09,18.280001,132500,17.462387
2006-06-19,19.25,19.280001,18.139999,18.280001,175200,17.462387
2006-06-16,19.459999,19.52,18.90,19.16,418800,18.303027
2006-06-15,18.370001,19.49,18.370001,19.450001,227800,18.580057
2006-06-14,17.799999,18.40,17.799999,18.26,230900,17.443281
2006-06-13,18.07,18.49,17.67,18.01,371400,17.204463
2006-06-12,19.23,19.23,18.09,18.129999,472200,17.319095
2006-06-09,20.049999,20.16,19.25,19.309999,222900,18.446317
2006-06-08,19.82,19.91,18.799999,19.809999,323700,18.923954
2006-06-07,19.75,20.549999,19.60,19.77,203300,18.885744
2006-06-06,20.280001,20.59,19.48,20.129999,223200,19.229641
2006-06-05,21.35,21.59,20.049999,20.17,326600,19.267852
2006-06-02,21.59,21.59,21.09,21.370001,148400,20.41418
2006-06-01,21.10,21.459999,20.719999,21.459999,346000,20.500153
2006-05-31,20.50,20.879999,20.120001,20.67,190000,19.745489
2006-05-30,21.549999,21.75,20.309999,20.360001,244000,19.449355
2006-05-26,20.799999,21.459999,20.700001,21.10,281300,20.156256
2006-05-25,20.209999,21.299999,20.209999,21.299999,517600,20.34731
2006-05-24,19.75,19.959999,18.90,19.73,407900,18.847532
2006-05-23,20.15,20.48,19.52,19.59,316600,18.713794
2006-05-22,19.85,20.27,19.00,19.93,489000,19.038587
2006-05-19,20.25,20.780001,20.02,20.18,386000,19.277405
2006-05-18,20.530001,21.049999,20.25,20.27,328500,19.36338
2006-05-17,21.280001,21.299999,20.299999,20.530001,359900,19.611751
2006-05-16,21.99,22.450001,21.299999,21.629999,273700,20.66255
2006-05-15,21.629999,22.34,21.120001,21.99,558400,21.006449
2006-05-12,22.879999,23.049999,21.75,21.969999,323100,20.987343
2006-05-11,24.049999,24.200001,22.91,22.91,239300,21.8853
2006-05-10,24.50,24.59,23.940001,24.15,251100,23.069838
2006-05-09,24.98,24.98,24.50,24.65,205400,23.547474
2006-05-08,24.50,25.139999,24.50,24.959999,367000,23.843608
2006-05-05,24.73,24.75,24.18,24.290001,162300,23.203577
2006-05-04,23.629999,24.50,23.60,24.440001,341800,23.346868
2006-05-03,24.299999,24.34,23.59,23.629999,334500,22.573095
2006-05-02,23.99,24.50,23.559999,24.42,236200,23.327762
2006-05-01,23.00,24.360001,23.00,24.18,290200,23.098496
2006-04-28,23.690001,23.91,23.200001,23.309999,232100,22.267408
2006-04-27,23.75,24.25,23.360001,23.690001,370600,22.630413
2006-04-26,25.040001,25.49,23.57,23.719999,367200,22.65907
2006-04-25,25.25,25.50,24.43,24.809999,310000,23.700318
2006-04-24,24.360001,24.799999,24.209999,24.620001,273500,23.518817
2006-04-21,24.360001,24.969999,24.27,24.35,285600,23.260893
2006-04-20,24.02,24.459999,23.610001,24.10,217100,23.022075
2006-04-19,24.690001,24.799999,23.84,24.32,457100,23.232234
2006-04-18,23.299999,25.40,23.26,24.690001,712800,23.585686
2006-04-17,24.50,24.719999,23.50,23.51,541800,22.458464
2006-04-13,24.540001,24.57,24.10,24.280001,288900,23.194024
2006-04-12,24.10,24.75,24.09,24.540001,330100,23.442395
2006-04-11,25.82,26.120001,24.200001,24.27,637700,23.184471
2006-04-10,26.43,26.83,25.59,25.82,877100,24.665143
2006-04-07,26.10,26.940001,26.00,26.370001,1401600,25.190544
2006-04-06,24.85,26.43,24.809999,25.90,2894200,24.741565
2006-04-05,22.940001,23.200001,22.50,23.00,158000,21.971274
2006-04-04,21.870001,23.09,21.85,22.99,538400,21.961721
2006-04-03,21.25,22.030001,20.50,21.870001,672900,20.891817
2006-03-31,19.99,20.139999,19.66,19.75,166300,18.866638
2006-03-30,19.59,19.940001,19.57,19.82,79500,18.933506
2006-03-29,19.25,19.58,19.139999,19.58,122800,18.704241
2006-03-28,19.60,19.77,19.059999,19.10,134200,18.245711
2006-03-27,18.690001,19.309999,18.549999,19.139999,191400,18.283921
2006-03-24,17.93,18.559999,17.83,18.52,114900,17.691653
2006-03-23,17.459999,17.799999,17.309999,17.77,94900,16.975198
2006-03-22,17.549999,17.799999,17.48,17.639999,71300,16.851011
2006-03-21,17.700001,17.73,17.41,17.540001,164100,16.755486
2006-03-20,17.379999,17.67,17.200001,17.549999,75500,16.765037
2006-03-17,17.43,17.48,17.09,17.34,231000,16.56443
2006-03-16,17.190001,17.530001,17.040001,17.299999,95000,16.526219
2006-03-15,17.200001,17.200001,16.83,17.09,58400,16.325612
2006-03-14,17.049999,17.360001,16.84,17.200001,94300,16.430693
2006-03-13,17.360001,17.360001,16.85,16.969999,60500,16.210979
2006-03-10,16.90,17.450001,16.90,17.299999,140000,16.526219
2006-03-09,17.450001,17.68,16.40,16.57,244100,15.82887
2006-03-08,17.299999,17.50,16.950001,17.450001,162100,16.669511
2006-03-07,17.389999,17.389999,16.950001,17.27,144900,16.497562
2006-03-06,16.559999,17.51,16.559999,17.389999,101200,16.612193
2006-03-03,18.110001,18.33,17.40,17.51,70500,16.726827
2006-03-02,18.02,18.32,17.639999,18.10,72100,17.290438
2006-03-01,17.50,18.120001,17.440001,18.02,63800,17.214016
2006-02-28,17.57,17.620001,17.120001,17.41,128600,16.631299
2006-02-27,17.85,17.85,17.42,17.57,94300,16.784143
2006-02-24,17.48,17.90,17.25,17.799999,52600,17.003855
2006-02-23,17.66,17.889999,17.379999,17.48,48600,16.698168
2006-02-22,17.84,17.99,17.440001,17.629999,88000,16.841459
2006-02-21,18.059999,18.40,17.68,17.790001,89400,16.994304
2006-02-17,17.98,18.209999,17.83,18.059999,87800,17.252226
2006-02-16,18.200001,18.200001,17.73,17.950001,74000,17.147147
2006-02-15,17.74,18.33,17.65,18.07,132700,17.261779
2006-02-14,17.00,17.90,16.790001,17.719999,203000,16.927433
2006-02-13,17.889999,18.10,17.01,17.299999,279500,16.526219
2006-02-10,18.50,18.50,17.639999,17.879999,127000,17.080277
2006-02-09,19.33,19.370001,18.18,18.48,168300,17.653441
2006-02-08,18.860001,19.40,18.25,19.32,129200,18.45587
2006-02-07,19.65,19.68,18.48,18.66,164400,17.82539
2006-02-06,19.790001,19.99,19.50,19.799999,68500,18.914401
2006-02-03,19.40,20.129999,19.40,19.67,110400,18.790216
2006-02-02,21.139999,21.139999,19.32,19.530001,141600,18.656478
2006-02-01,21.33,21.610001,21.059999,21.09,141300,20.146703
2006-01-31,20.40,21.639999,20.35,21.530001,154900,20.567024
2006-01-30,20.809999,20.969999,20.559999,20.60,71100,19.67862
2006-01-27,20.75,20.90,20.450001,20.77,76800,19.841016
2006-01-26,20.33,20.700001,20.120001,20.690001,128500,19.764595
2006-01-25,19.41,20.219999,19.35,20.190001,111200,19.286958
2006-01-24,19.01,19.360001,18.90,19.309999,110800,18.446317
2006-01-23,19.65,19.84,18.870001,19.00,137800,18.150183
2006-01-20,20.57,20.610001,19.200001,19.559999,167100,18.685135
2006-01-19,19.200001,20.450001,19.200001,20.450001,185000,19.535329
2006-01-18,17.92,19.00,17.91,18.950001,161400,18.10242
2006-01-17,17.530001,18.00,17.49,17.959999,197800,17.156699
2006-01-13,17.200001,17.66,17.139999,17.629999,99100,16.841459
2006-01-12,17.200001,17.33,17.00,17.209999,84600,16.440244
2006-01-11,16.950001,17.23,16.75,17.23,88600,16.45935
2006-01-10,16.389999,17.00,16.25,16.959999,116100,16.201426
2006-01-09,16.540001,16.66,16.41,16.49,73600,15.752448
2006-01-06,16.299999,16.58,16.18,16.440001,73200,15.704685
2006-01-05,16.299999,16.299999,16.049999,16.15,74400,15.427655
2006-01-04,16.16,16.51,16.139999,16.34,155800,15.609158
2006-01-03,16.049999,16.299999,15.81,16.10,114600,15.379892
2005-12-30,15.95,16.049999,15.71,15.90,57900,15.188837
2005-12-29,15.90,16.16,15.85,16.040001,159900,15.322576
2005-12-28,15.70,15.95,15.66,15.88,50400,15.169732
2005-12-27,16.049999,16.120001,15.55,15.62,54700,14.921361
2005-12-23,16.09,16.09,15.95,16.01,36100,15.293918
2005-12-22,16.07,16.09,15.85,16.040001,72000,15.322576
2005-12-21,15.72,16.08,15.72,16.040001,75000,15.322576
2005-12-20,15.99,16.00,15.53,15.64,83000,14.940467
2005-12-19,15.80,16.059999,15.65,15.90,112300,15.188837
2005-12-16,16.23,16.24,15.74,15.78,164100,15.074204
2005-12-15,16.299999,16.440001,16.00,16.219999,97300,15.494524
2005-12-14,16.299999,16.530001,16.15,16.280001,74200,15.551842
2005-12-13,16.50,16.50,16.26,16.32,76900,15.590052
2005-12-12,16.58,16.870001,16.469999,16.469999,68400,15.733342
2005-12-09,16.549999,16.700001,16.18,16.49,89000,15.752448
2005-12-08,16.35,16.809999,16.34,16.610001,100200,15.867082
2005-12-07,16.299999,16.700001,16.00,16.25,79500,15.523183
2005-12-06,16.450001,16.709999,16.280001,16.379999,90100,15.647368
2005-12-05,16.50,16.58,16.27,16.33,45500,15.599605
2005-12-02,16.68,16.790001,16.40,16.49,103400,15.752448
2005-12-01,16.01,16.50,15.94,16.459999,369400,15.723789
2005-11-30,16.00,16.129999,15.73,15.89,115400,15.179285
2005-11-29,15.88,16.059999,15.81,15.96,63500,15.246154
2005-11-28,16.139999,16.299999,15.73,15.77,66700,15.064652
2005-11-25,15.95,16.35,15.78,16.120001,53100,15.398998
2005-11-23,15.95,16.10,15.87,15.98,48000,15.265259
2005-11-22,15.90,16.09,15.80,16.00,72100,15.284365
2005-11-21,15.82,15.96,15.55,15.96,81700,15.246154
2005-11-18,15.61,15.85,15.49,15.81,76700,15.102863
2005-11-17,15.20,15.53,15.20,15.40,112200,14.711201
2005-11-16,15.23,15.35,15.02,15.16,105700,14.481935
2005-11-15,15.30,15.48,15.05,15.23,91300,14.548804
2005-11-14,15.86,15.90,15.17,15.44,122400,14.749412
2005-11-11,15.67,15.87,15.45,15.76,50100,15.055099
2005-11-10,15.75,15.93,15.45,15.72,76300,15.016889
2005-11-09,15.70,16.040001,15.70,15.78,73700,15.074204
2005-11-08,15.70,15.80,15.54,15.66,37300,14.959572
2005-11-07,15.38,15.91,15.38,15.77,110300,15.064652
2005-11-04,15.30,15.52,15.11,15.41,83200,14.720754
2005-11-03,15.70,15.90,15.21,15.26,84300,14.577463
2005-11-02,15.08,15.60,15.08,15.60,105000,14.902256
2005-11-01,15.00,15.12,14.70,15.08,70700,14.405514
2005-10-31,15.08,15.29,14.95,15.08,184000,14.405514
2005-10-28,14.85,15.00,14.52,14.98,138300,14.309986
2005-10-27,15.36,15.50,14.81,14.85,155100,14.185801
2005-10-26,15.15,15.78,14.89,15.01,47900,14.338645
2005-10-25,15.05,15.28,14.78,15.27,86000,14.587016
2005-10-24,15.18,15.49,15.03,15.03,79900,14.35775
2005-10-21,14.86,15.35,14.86,15.09,29100,14.415067
2005-10-20,15.32,15.32,14.63,14.85,54400,14.185801
2005-10-19,14.97,15.43,14.66,15.40,96800,14.711201
2005-10-18,15.16,15.34,14.87,14.94,68500,14.271775
2005-10-17,15.14,15.24,14.97,15.16,73400,14.481935
2005-10-14,15.20,15.50,14.93,15.49,82000,14.797175
2005-10-13,14.83,15.28,14.71,15.08,66000,14.405514
2005-10-12,14.76,14.97,14.44,14.93,79500,14.262223
2005-10-11,15.14,15.35,14.80,14.83,39500,14.166695
2005-10-10,15.44,15.58,15.05,15.12,41100,14.443725
2005-10-07,15.53,15.65,15.34,15.44,191900,14.749412
2005-10-06,15.41,15.74,15.28,15.33,294700,14.644332
2005-10-05,15.76,15.77,15.26,15.35,143100,14.663438
2005-10-04,16.25,16.32,15.50,15.54,115500,14.844939
2005-10-03,15.95,16.35,15.80,16.15,69800,15.427655
2005-09-30,16.049999,16.049999,15.79,15.88,33100,15.169732
2005-09-29,15.78,16.15,15.60,16.00,79100,15.284365
2005-09-28,16.16,16.16,15.60,15.70,51700,14.997783
2005-09-27,16.219999,16.34,15.73,16.16,47600,15.437208
2005-09-26,16.129999,16.32,15.95,16.17,70900,15.446761
2005-09-23,15.76,15.98,15.57,15.93,25400,15.217496
2005-09-22,16.00,16.030001,15.37,15.93,67600,15.217496
2005-09-21,16.35,16.809999,16.16,16.24,57400,15.51363
2005-09-20,16.469999,16.84,16.33,16.549999,58800,15.809764
2005-09-19,16.299999,16.68,16.209999,16.370001,70800,15.637816
2005-09-16,15.73,16.540001,15.50,16.459999,206000,15.723789
2005-09-15,15.88,16.10,15.60,15.64,145000,14.940467
2005-09-14,15.75,16.049999,15.60,15.81,70200,15.102863
2005-09-13,16.08,16.209999,15.58,15.75,52200,15.045547
2005-09-12,16.00,16.190001,15.92,16.07,30100,15.351234
2005-09-09,15.89,16.17,15.80,16.10,33900,15.379892
2005-09-08,16.25,16.25,15.64,15.81,45800,15.102863
2005-09-07,16.200001,16.42,16.09,16.40,31100,15.666473
2005-09-06,15.96,16.200001,15.86,16.049999,61300,15.332128
2005-09-02,16.00,16.02,15.79,15.86,50800,15.150626
2005-09-01,15.91,16.10,15.86,15.90,64700,15.188837
2005-08-31,15.73,16.200001,15.66,16.059999,64500,15.341681
2005-08-30,16.00,16.00,15.62,15.85,44100,15.141074
2005-08-29,15.58,16.09,15.50,16.049999,58800,15.332128
2005-08-26,16.549999,16.549999,15.50,15.65,83700,14.950019
2005-08-25,16.209999,16.52,16.120001,16.52,116000,15.781107
2005-08-24,16.76,16.91,16.110001,16.110001,48500,15.389445
2005-08-23,17.25,17.450001,16.549999,16.73,32400,15.981713
2005-08-22,16.60,17.60,16.559999,17.25,76100,16.478456
2005-08-19,16.57,16.719999,16.50,16.51,39300,15.771554
2005-08-18,16.629999,16.719999,16.40,16.559999,95500,15.819317
2005-08-17,16.83,17.120001,16.65,16.73,77700,15.981713
2005-08-16,17.00,17.040001,16.57,16.58,65700,15.838423
2005-08-15,16.65,17.00,16.51,16.809999,41900,16.058135
2005-08-12,16.65,17.00,16.540001,16.780001,51400,16.029478
2005-08-11,17.09,17.48,16.469999,16.92,96400,16.163216
2005-08-10,16.950001,17.629999,16.709999,17.299999,99300,16.526219
2005-08-09,16.559999,16.93,16.540001,16.879999,71400,16.125004
2005-08-08,16.379999,16.799999,16.26,16.370001,50900,15.637816
2005-08-05,16.610001,16.83,16.41,16.49,74700,15.752448
2005-08-04,17.190001,17.24,16.799999,16.83,142800,16.077241
2005-08-03,17.719999,17.879999,17.15,17.18,88900,16.411587
2005-08-02,17.049999,17.92,17.040001,17.92,63300,17.118489
2005-08-01,17.25,17.40,16.799999,16.950001,77400,16.191875
2005-07-29,17.10,17.15,16.75,16.93,80900,16.172769
2005-07-28,16.360001,16.76,16.23,16.709999,44200,15.962608
2005-07-27,16.33,16.48,16.030001,16.360001,54600,15.628263
2005-07-26,16.700001,16.709999,16.15,16.40,57300,15.666473
2005-07-25,16.82,17.110001,16.549999,16.75,117200,16.000819
2005-07-22,16.639999,16.85,16.639999,16.82,83800,16.067688
2005-07-21,16.780001,17.07,16.60,16.690001,78100,15.943503
2005-07-20,16.50,16.860001,16.440001,16.780001,72400,16.029478
2005-07-19,15.55,16.700001,15.53,16.559999,82500,15.819317
2005-07-18,15.42,15.52,15.34,15.47,59600,14.77807
2005-07-15,15.50,15.55,15.16,15.41,51900,14.720754
2005-07-14,15.85,16.00,15.51,15.51,43200,14.816281
2005-07-13,15.88,16.049999,15.65,15.71,56000,15.007336
2005-07-12,16.219999,16.25,15.82,15.90,85500,15.188837
2005-07-11,16.00,16.450001,16.00,16.18,132700,15.456314
2005-07-08,15.19,15.90,15.19,15.81,143200,15.102863
2005-07-07,14.68,14.99,14.50,14.99,47700,14.319539
2005-07-06,14.60,14.80,14.52,14.76,67400,14.099827
2005-07-05,14.35,14.68,14.35,14.60,53100,13.946983
2005-07-01,14.35,14.50,14.21,14.38,48100,13.736823
2005-06-30,14.22,14.50,14.20,14.26,56700,13.62219
2005-06-29,13.95,14.23,13.90,14.16,61700,13.526663
2005-06-28,13.55,13.93,13.55,13.87,86300,13.249634
2005-06-27,14.22,14.23,13.46,13.47,214500,12.867525
2005-06-24,14.67,14.67,13.89,14.30,139100,13.660401
2005-06-23,14.99,15.02,14.56,14.62,58700,13.966088
2005-06-22,14.90,14.99,14.76,14.99,50300,14.319539
2005-06-21,14.76,14.86,14.70,14.75,44400,14.090274
2005-06-20,15.20,15.25,14.66,14.79,72100,14.128485
2005-06-17,15.33,15.50,15.31,15.33,130000,14.644332
2005-06-16,14.74,15.30,14.74,15.26,80400,14.577463
2005-06-15,14.40,14.79,14.37,14.78,70600,14.118932
2005-06-14,13.96,14.37,13.95,14.37,69200,13.72727
2005-06-13,14.10,14.12,13.99,14.05,45200,13.421583
2005-06-10,14.10,14.19,14.08,14.13,90400,13.498005
2005-06-09,13.84,14.14,13.80,14.12,83700,13.488452
2005-06-08,14.35,14.35,13.80,13.84,70000,13.220976
2005-06-07,14.15,14.60,14.12,14.30,163800,13.660401
2005-06-06,14.29,14.52,14.04,14.09,114200,13.459794
2005-06-03,14.23,14.48,14.23,14.39,59900,13.746376
2005-06-02,14.20,14.43,14.16,14.21,78900,13.574426
2005-06-01,14.11,14.33,13.99,14.19,139000,13.555321
2005-05-31,14.16,14.32,14.10,14.18,94200,13.545769
2005-05-27,13.92,14.30,13.92,14.16,89900,13.526663
2005-05-26,13.55,14.00,13.51,13.92,76500,13.297397
2005-05-25,13.59,13.59,13.33,13.53,83800,12.924841
2005-05-24,13.55,13.70,13.51,13.60,90900,12.99171
2005-05-23,13.15,13.52,13.15,13.49,120200,12.88663
2005-05-20,13.55,13.55,13.12,13.20,120100,12.609601
2005-05-19,13.27,13.62,13.27,13.50,152300,12.896183
2005-05-18,13.20,13.40,13.15,13.22,162700,12.628707
2005-05-17,13.35,13.40,12.90,13.11,142300,12.523626
2005-05-16,13.35,13.50,13.26,13.35,100200,12.752892
2005-05-13,13.52,13.68,13.31,13.33,120200,12.733786
2005-05-12,13.95,13.95,13.57,13.59,91700,12.982157
2005-05-11,14.00,14.02,13.73,13.90,112100,13.278291
2005-05-10,14.11,14.17,13.93,13.94,124300,13.316502
2005-05-09,14.58,14.63,13.98,14.11,623000,13.478899
2005-05-06,14.82,14.82,14.47,14.60,140500,13.946983
2005-05-05,15.00,15.01,14.43,14.72,178400,14.061616
2005-05-04,14.55,15.05,14.55,15.05,179800,14.376856
2005-05-03,14.83,14.83,14.35,14.49,480200,13.841903
2005-05-02,14.46,15.27,14.31,15.18,216000,14.501041
2005-04-29,14.00,14.60,13.60,14.31,287300,13.669954
2005-04-28,16.65,16.65,13.30,13.61,371200,13.001262
2005-04-27,16.969999,17.120001,16.66,16.90,93300,16.14411
2005-04-26,17.25,17.68,17.059999,17.120001,91500,16.354271
2005-04-25,17.299999,17.59,17.27,17.379999,130400,16.60264
2005-04-22,17.139999,17.870001,17.08,17.25,102900,16.478456
2005-04-21,17.200001,17.35,16.959999,17.18,112400,16.411587
2005-04-20,17.40,17.610001,16.959999,17.02,65300,16.258743
2005-04-19,17.219999,17.610001,17.219999,17.450001,66700,16.669511
2005-04-18,16.60,17.370001,16.549999,17.17,88000,16.402034
2005-04-15,16.73,16.959999,16.549999,16.719999,160500,15.97216
2005-04-14,17.40,17.43,16.66,16.719999,499600,15.97216
2005-04-13,17.85,17.860001,17.200001,17.450001,258300,16.669511
2005-04-12,18.809999,18.940001,18.280001,18.40,184100,17.577019
2005-04-11,18.74,19.10,18.66,18.799999,65100,17.959128
2005-04-08,19.32,19.379999,18.700001,18.75,60400,17.911365
2005-04-07,19.190001,19.57,19.049999,19.26,45400,18.398554
2005-04-06,18.950001,19.48,18.950001,19.190001,62900,18.331685
2005-04-05,18.860001,19.02,18.780001,18.92,53400,18.073761
2005-04-04,18.969999,19.040001,18.559999,18.82,143100,17.978234
2005-04-01,19.15,19.559999,18.85,19.02,74300,18.169289
2005-03-31,19.129999,19.34,18.950001,19.030001,70100,18.178842
2005-03-30,18.50,19.10,18.50,19.08,93300,18.226605
2005-03-29,18.700001,19.00,18.42,18.459999,119200,17.634335
2005-03-28,19.49,19.49,18.530001,18.82,172700,17.978234
2005-03-24,19.24,19.73,19.24,19.49,87600,18.618267
2005-03-23,19.98,19.98,19.16,19.17,100100,18.31258
2005-03-22,19.940001,20.75,19.940001,20.200001,50500,19.296511
2005-03-21,20.10,20.16,19.60,19.74,49500,18.857085
2005-03-18,19.799999,20.360001,19.75,20.200001,156100,19.296511
2005-03-17,19.65,19.98,19.51,19.76,91900,18.876191
2005-03-16,19.90,19.93,19.360001,19.60,98800,18.723347
2005-03-15,19.98,20.40,19.90,19.90,50000,19.009928
2005-03-14,19.76,19.950001,19.67,19.90,67300,19.009928
2005-03-11,19.91,20.049999,19.799999,19.799999,61400,18.914401
2005-03-10,19.959999,20.02,19.85,19.91,94100,19.019481
2005-03-09,20.01,20.08,19.85,19.959999,72200,19.067244
2005-03-08,20.219999,20.26,19.860001,20.00,63200,19.105456
2005-03-07,20.799999,20.950001,20.18,20.200001,97900,19.296511
2005-03-04,19.98,21.00,19.98,20.799999,115500,19.869673
2005-03-03,19.90,20.15,19.82,20.01,140600,19.115009
2005-03-02,20.040001,20.190001,19.940001,20.15,117000,19.248746
2005-03-01,20.370001,20.370001,20.110001,20.200001,99700,19.296511
2005-02-28,20.15,20.370001,19.92,20.370001,156500,19.458908
2005-02-25,19.49,20.34,19.40,20.15,138300,19.248746
2005-02-24,19.01,19.57,18.83,19.48,82800,18.608714
2005-02-23,19.00,19.08,18.799999,19.01,102000,18.159736
2005-02-22,18.780001,19.15,18.549999,18.950001,189400,18.10242
2005-02-18,18.50,19.10,18.50,18.93,98400,18.083314
2005-02-17,18.65,18.65,18.17,18.540001,137200,17.710758
2005-02-16,18.09,18.67,17.98,18.67,164200,17.834943
2005-02-15,18.190001,18.290001,17.940001,18.10,166200,17.290438
2005-02-14,18.42,18.450001,18.049999,18.18,95100,17.36686
2005-02-11,17.950001,18.48,17.700001,18.42,123300,17.596125
2005-02-10,17.40,18.01,17.280001,18.01,725300,17.204463
2005-02-09,18.040001,18.049999,17.450001,17.450001,205900,16.669511
2005-02-08,17.50,17.959999,17.40,17.959999,72600,17.156699
2005-02-07,17.700001,17.74,17.43,17.58,1049900,16.793696
2005-02-04,17.60,17.870001,17.530001,17.67,197900,16.87967
2005-02-03,17.23,17.59,17.120001,17.549999,208200,16.765037
2005-02-02,17.60,17.799999,17.00,17.16,256000,16.392481
2005-02-01,17.379999,17.68,17.379999,17.49,118500,16.707721
2005-01-31,16.74,17.25,16.74,17.25,598800,16.478456
2005-01-28,16.690001,16.77,16.549999,16.639999,69000,15.895739
2005-01-27,17.040001,17.040001,16.690001,16.690001,128900,15.943503
2005-01-26,16.950001,17.049999,16.66,17.00,57900,16.239637
2005-01-25,16.780001,17.25,16.780001,16.879999,68100,16.125004
2005-01-24,16.85,16.90,16.690001,16.700001,43500,15.953056
2005-01-21,16.700001,17.09,16.59,16.860001,75200,16.1059
2005-01-20,16.549999,16.790001,16.40,16.629999,117700,15.886186
2005-01-19,16.76,17.50,16.540001,16.65,133100,15.905292
2005-01-18,16.76,16.93,16.65,16.73,70200,15.981713
2005-01-14,16.299999,16.790001,16.200001,16.76,51900,16.010372
2005-01-13,16.110001,16.52,15.94,16.26,69400,15.532736
2005-01-12,16.030001,16.16,15.61,16.110001,171300,15.389445
2005-01-11,16.450001,16.450001,16.059999,16.120001,145000,15.398998
2005-01-10,16.02,16.84,16.02,16.52,230500,15.781107
2005-01-07,16.85,17.10,16.75,16.76,242600,16.010372
2005-01-06,17.35,17.35,16.77,16.85,183700,16.096347
2005-01-05,17.52,17.73,17.299999,17.35,123500,16.573983
2005-01-04,18.00,18.10,17.450001,17.52,142000,16.73638
2005-01-03,18.50,18.65,17.940001,18.049999,102100,17.242673
2004-12-31,18.799999,18.799999,18.40,18.50,147300,17.672547
2004-12-30,18.799999,18.950001,18.639999,18.83,46300,17.987787
2004-12-29,18.67,18.959999,18.52,18.860001,52700,18.016445
2004-12-28,18.32,18.74,18.32,18.74,122000,17.901812
2004-12-27,18.610001,18.75,18.139999,18.309999,70200,17.491044
2004-12-23,18.459999,18.690001,18.299999,18.629999,51800,17.796731
2004-12-22,18.780001,18.780001,18.440001,18.459999,91100,17.634335
2004-12-21,17.50,18.90,17.209999,18.85,172200,18.006893
2004-12-20,18.110001,18.25,17.559999,17.620001,278500,16.831907
2004-12-17,18.799999,18.84,18.01,18.41,213900,17.586572
2004-12-16,19.27,19.309999,18.60,18.959999,183100,18.111971
2004-12-15,19.26,19.469999,18.959999,19.469999,100200,18.599161
2004-12-14,19.110001,19.18,18.75,19.18,95300,18.322132
2004-12-13,18.620001,19.299999,18.469999,19.110001,103300,18.255264
2004-12-10,18.48,18.48,18.139999,18.469999,95700,17.643888
2004-12-09,18.50,18.60,18.030001,18.50,101900,17.672547
2004-12-08,18.309999,18.700001,18.25,18.549999,100500,17.72031
2004-12-07,18.51,18.58,18.280001,18.41,95700,17.586572
2004-12-06,19.280001,19.450001,18.58,18.60,124600,17.768074
2004-12-03,19.25,19.59,19.129999,19.26,100000,18.398554
2004-12-02,19.34,19.60,19.01,19.15,111300,18.293474
2004-12-01,19.450001,19.559999,19.200001,19.50,109200,18.627819
2004-11-30,19.49,19.549999,19.34,19.50,87200,18.627819
2004-11-29,19.27,19.799999,19.15,19.49,178500,18.618267
2004-11-26,19.200001,19.26,19.02,19.02,57100,18.169289
2004-11-24,18.950001,19.219999,18.950001,19.129999,95500,18.274368
2004-11-23,19.26,19.309999,18.90,19.07,172800,18.217052
2004-11-22,19.280001,19.360001,18.75,19.360001,193100,18.494082
2004-11-19,18.83,19.48,18.530001,19.24,214700,18.379448
2004-11-18,18.450001,18.809999,18.450001,18.809999,132000,17.968681
2004-11-17,18.35,18.799999,18.35,18.60,80900,17.768074
2004-11-16,18.50,18.879999,18.25,18.25,104500,17.433728
2004-11-15,18.74,19.10,18.280001,18.57,139900,17.739415
2004-11-12,17.75,18.76,17.700001,18.719999,230500,17.882706
2004-11-11,17.65,17.91,17.549999,17.799999,186800,17.003855
2004-11-10,17.860001,17.959999,17.549999,17.610001,114600,16.822354
2004-11-09,16.92,17.799999,16.91,17.66,295800,16.870117
2004-11-08,17.50,17.68,16.99,17.17,310100,16.402034
2004-11-05,17.75,18.48,17.24,17.50,793300,16.717274
2004-11-04,15.85,16.299999,15.82,16.26,339100,15.532736
2004-11-03,15.72,16.09,15.60,15.79,538200,15.083757
2004-11-02,15.72,15.98,15.55,15.60,319800,14.902256
2004-11-01,15.85,16.190001,15.61,15.72,566200,15.016889
2004-10-29,17.690001,17.90,15.15,15.60,1086600,14.902256
2004-10-28,20.34,20.35,17.40,17.700001,511300,16.908329
2004-10-27,21.15,21.25,20.50,20.84,114800,19.907885
2004-10-26,20.780001,21.309999,20.17,21.15,132500,20.204019
2004-10-25,19.90,20.690001,19.84,20.68,93800,19.755042
2004-10-22,20.540001,20.59,19.33,19.85,124900,18.962165
2004-10-21,20.209999,20.73,19.91,20.50,79500,19.583092
2004-10-20,19.60,20.25,19.379999,20.209999,125100,19.306062
2004-10-19,20.74,20.74,19.00,19.700001,344100,18.818875
2004-10-18,21.030001,21.15,20.90,21.09,74900,20.146703
2004-10-15,21.190001,21.24,20.620001,21.00,95400,20.060729
2004-10-14,21.27,21.33,21.110001,21.23,93600,20.280441
2004-10-13,22.440001,22.440001,21.200001,21.34,145800,20.385522
2004-10-12,22.459999,22.459999,21.799999,22.440001,150900,21.436322
2004-10-11,22.209999,22.50,22.209999,22.42,65800,21.417216
2004-10-08,22.25,22.41,22.120001,22.200001,94400,21.207057
2004-10-07,22.49,22.50,22.049999,22.33,131400,21.331241
2004-10-06,22.67,22.67,22.129999,22.50,168900,21.493638
2004-10-05,22.549999,23.07,22.450001,22.68,319700,21.665587
2004-10-04,21.75,22.60,21.74,22.049999,373400,21.063764
2004-10-01,20.85,21.049999,20.709999,20.90,94300,19.965201
2004-09-30,21.10,21.299999,20.42,20.709999,95400,19.783699
2004-09-29,20.790001,21.049999,20.58,21.049999,122900,20.108492
2004-09-28,20.049999,21.18,20.049999,20.940001,101100,20.003413
2004-09-27,20.709999,20.709999,19.889999,19.889999,64600,19.000375
2004-09-24,20.58,20.860001,20.50,20.84,47400,19.907885
2004-09-23,21.049999,21.110001,20.59,20.73,68600,19.802805
2004-09-22,21.18,21.18,20.85,21.110001,86000,20.165809
2004-09-21,21.16,21.18,21.030001,21.139999,63600,20.194466
2004-09-20,21.25,21.299999,21.00,21.10,145900,20.156256
2004-09-17,21.290001,21.290001,20.959999,21.17,126900,20.223125
2004-09-16,21.030001,21.35,21.00,21.18,54600,20.232678
2004-09-15,21.440001,21.450001,20.950001,21.129999,72100,20.184913
2004-09-14,21.02,21.51,20.92,21.40,233000,20.442837
2004-09-13,20.52,21.00,20.40,21.00,146000,20.060729
2004-09-10,20.60,20.65,20.26,20.60,59800,19.67862
2004-09-09,20.73,20.73,20.34,20.60,109000,19.67862
2004-09-08,20.799999,20.940001,20.469999,20.559999,66700,19.640408
2004-09-07,20.66,21.040001,20.65,20.77,162200,19.841016
2004-09-03,20.299999,20.68,20.290001,20.66,247000,19.735936
2004-09-02,20.040001,20.40,20.00,20.40,35200,19.487565
2004-09-01,20.200001,20.49,19.860001,20.040001,96200,19.143668
2004-08-31,19.67,20.50,19.67,20.49,130000,19.573539
2004-08-30,20.23,20.23,19.66,19.67,100300,18.790216
2004-08-27,19.799999,20.299999,19.67,20.299999,113600,19.392037
2004-08-26,19.51,19.90,19.48,19.84,68600,18.952612
2004-08-25,19.50,19.639999,19.34,19.530001,87400,18.656478
2004-08-24,19.59,19.60,19.40,19.60,136500,18.723347
2004-08-23,19.35,19.50,19.16,19.34,77400,18.474976
2004-08-20,19.00,19.559999,19.00,19.50,41700,18.627819
2004-08-19,19.01,19.67,19.01,19.18,149300,18.322132
2004-08-18,18.66,19.10,18.66,19.00,116200,18.150183
2004-08-17,18.23,18.799999,18.200001,18.76,94300,17.920918
2004-08-16,17.75,18.049999,17.700001,18.00,69600,17.19491
2004-08-13,17.90,18.129999,17.85,17.950001,115200,17.147147
2004-08-12,18.10,18.16,17.799999,17.799999,69300,17.003855
2004-08-11,18.540001,18.540001,17.950001,18.15,131500,17.338201
2004-08-10,17.950001,18.74,17.950001,18.74,88300,17.901812
2004-08-09,18.15,18.190001,17.85,17.950001,86200,17.147147
2004-08-06,18.25,18.60,17.65,17.99,181200,17.185357
2004-08-05,18.15,18.50,18.08,18.450001,176000,17.624784
2004-08-04,18.25,18.35,17.700001,18.00,97100,17.19491
2004-08-03,18.639999,18.860001,18.40,18.50,107200,17.672547
2004-08-02,18.10,18.639999,17.75,18.639999,115600,17.806284
2004-07-30,18.18,18.549999,18.08,18.10,263800,17.290438
2004-07-29,17.549999,18.25,17.52,18.129999,183400,17.319095
2004-07-28,18.15,18.25,17.299999,17.50,129500,16.717274
2004-07-27,17.60,17.90,17.15,17.90,72400,17.099383
2004-07-26,18.00,18.01,17.440001,17.440001,100300,16.659958
2004-07-23,17.76,17.99,17.60,17.799999,105700,17.003855
2004-07-22,17.43,17.91,17.43,17.75,120300,16.956092
2004-07-21,18.25,18.299999,17.190001,17.43,119700,16.650405
2004-07-20,17.969999,18.290001,17.57,18.219999,41500,17.40507
2004-07-19,18.00,18.26,17.700001,17.90,45200,17.099383
2004-07-16,18.57,18.57,18.00,18.120001,52700,17.309544
2004-07-15,18.299999,18.57,18.02,18.40,84500,17.577019
2004-07-14,17.93,18.42,17.76,18.16,107600,17.347754
2004-07-13,18.299999,18.360001,17.92,17.92,47700,17.118489
2004-07-12,18.40,18.40,17.98,18.25,61500,17.433728
2004-07-09,18.290001,18.450001,18.00,18.35,69700,17.529256
2004-07-08,18.67,18.799999,18.200001,18.26,94400,17.443281
2004-07-07,18.700001,18.75,18.65,18.74,57400,17.901812
2004-07-06,18.85,18.85,18.299999,18.700001,165400,17.863602
2004-07-02,18.75,18.799999,18.549999,18.700001,127400,17.863602
2004-07-01,18.950001,19.110001,18.50,18.75,880200,17.911365
2004-06-30,20.10,20.10,18.799999,18.90,136500,18.054655
2004-06-29,20.51,20.60,19.75,20.23,154000,19.325168
2004-06-28,21.049999,21.15,20.450001,20.50,246500,19.583092
2004-06-25,19.60,20.969999,19.60,20.700001,238900,19.774148
2004-06-24,18.540001,19.90,18.50,19.719999,127900,18.837979
2004-06-23,18.530001,18.549999,18.209999,18.540001,37100,17.710758
2004-06-22,18.49,18.620001,18.200001,18.530001,50700,17.701206
2004-06-21,18.65,18.65,18.34,18.49,44500,17.662994
2004-06-18,18.40,18.799999,18.35,18.75,44200,17.911365
2004-06-17,18.299999,18.719999,18.24,18.40,88800,17.577019
2004-06-16,17.90,17.959999,17.700001,17.90,35400,17.099383
2004-06-15,16.879999,17.790001,16.879999,17.74,35200,16.946539
2004-06-14,17.40,17.40,16.77,16.780001,84100,16.029478
2004-06-10,17.379999,17.58,17.360001,17.50,45700,16.717274
2004-06-09,17.90,17.98,17.049999,17.299999,22700,16.526219
2004-06-08,17.85,18.049999,17.58,18.00,23200,17.19491
2004-06-07,17.40,17.90,17.35,17.90,25300,17.099383
2004-06-04,17.65,17.65,17.299999,17.34,32900,16.56443
2004-06-03,18.379999,18.379999,17.40,17.40,24800,16.621746
2004-06-02,18.15,18.549999,18.07,18.33,43200,17.51015
2004-06-01,17.40,18.190001,17.370001,18.15,37300,17.338201
2004-05-28,17.77,17.77,17.40,17.42,24200,16.640852
2004-05-27,17.780001,17.860001,17.58,17.84,18400,17.042067
2004-05-26,18.299999,18.299999,17.65,17.700001,50700,16.908329
2004-05-25,16.950001,18.059999,16.82,18.059999,52500,17.252226
2004-05-24,16.799999,17.049999,16.75,16.879999,23200,16.125004
2004-05-21,16.67,16.90,16.32,16.76,30100,16.010372
2004-05-20,16.50,16.719999,16.450001,16.57,54900,15.82887
2004-05-19,16.389999,16.85,16.389999,16.629999,153700,15.886186
2004-05-18,15.65,16.24,15.65,16.190001,32000,15.465867
2004-05-17,16.01,16.01,15.53,15.58,35200,14.88315
2004-05-14,16.00,16.299999,15.86,16.110001,71300,15.389445
2004-05-13,16.25,16.299999,15.93,16.049999,131000,15.332128
2004-05-12,16.26,16.40,15.70,16.299999,61100,15.570946
2004-05-11,15.53,16.15,15.40,16.110001,73900,15.389445
2004-05-10,15.50,15.85,15.35,15.43,160600,14.739859
2004-05-07,16.01,16.23,15.50,15.51,74900,14.816281
2004-05-06,15.95,16.10,15.52,16.01,63300,15.293918
2004-05-05,15.97,16.34,15.85,15.94,62200,15.227048
2004-05-04,16.17,16.57,15.68,15.87,99000,15.160179
2004-05-03,16.18,16.35,15.85,16.200001,64700,15.47542
2004-04-30,17.139999,17.280001,16.040001,16.18,105100,15.456314
2004-04-29,17.09,17.52,17.08,17.139999,100100,16.373375
2004-04-28,17.799999,17.799999,16.549999,16.59,73200,15.847976
2004-04-27,17.85,18.15,17.40,17.60,48600,16.812802
2004-04-26,18.00,18.10,17.700001,17.700001,35600,16.908329
2004-04-23,17.90,18.10,17.68,17.950001,69200,17.147147
2004-04-22,17.780001,17.85,17.42,17.85,58000,17.05162
2004-04-21,17.379999,17.959999,17.379999,17.83,56500,17.032514
2004-04-20,19.00,19.190001,17.48,17.48,59500,16.698168
2004-04-19,18.889999,19.299999,18.77,18.940001,38600,18.092867
2004-04-16,18.58,19.120001,18.549999,18.99,42700,18.14063
2004-04-15,18.52,18.65,18.15,18.40,67000,17.577019
2004-04-14,19.00,19.01,18.25,18.41,92400,17.586572
2004-04-13,20.299999,20.299999,19.10,19.120001,83900,18.264817
2004-04-12,19.799999,20.200001,19.799999,20.049999,59000,19.153219
2004-04-08,20.549999,20.549999,19.65,19.870001,35300,18.981271
2004-04-07,20.360001,20.549999,20.110001,20.49,54600,19.573539
2004-04-06,20.299999,21.040001,20.280001,20.35,105600,19.439802
2004-04-05,21.790001,22.00,21.60,21.700001,73200,20.72942
2004-04-02,20.98,21.799999,20.66,21.690001,117900,20.719867
2004-04-01,20.35,21.10,20.299999,20.98,62200,20.041623
2004-03-31,21.00,21.049999,20.200001,20.27,59100,19.36338
2004-03-30,20.98,21.00,20.700001,20.90,47100,19.965201
2004-03-29,20.73,21.059999,20.67,21.040001,45800,20.09894
2004-03-26,19.940001,20.790001,19.90,20.73,43900,19.802805
2004-03-25,19.459999,20.200001,19.379999,20.139999,61500,19.239193
2004-03-24,19.85,19.950001,19.389999,19.459999,27400,18.589608
2004-03-23,19.85,20.15,19.85,19.90,32900,19.009928
2004-03-22,19.93,19.950001,19.60,19.92,36200,19.029034
2004-03-19,20.200001,20.24,19.74,19.83,28600,18.943059
2004-03-18,20.809999,20.809999,20.00,20.200001,32900,19.296511
2004-03-17,19.65,20.91,19.60,20.809999,63900,19.879226
2004-03-16,19.98,20.26,19.780001,20.15,77700,19.248746
2004-03-15,20.85,20.85,19.68,19.98,71200,19.08635
2004-03-12,19.530001,21.00,19.530001,20.959999,83300,20.022517
2004-03-11,20.25,20.25,19.32,19.33,30200,18.465423
2004-03-10,20.75,21.15,20.40,20.40,52100,19.487565
2004-03-09,21.049999,21.15,20.90,20.90,60000,19.965201
2004-03-08,21.049999,21.18,20.75,20.93,46400,19.99386
2004-03-05,21.030001,21.75,20.85,20.90,58300,19.965201
2004-03-04,19.950001,21.16,19.950001,21.02,72700,20.079835
2004-03-03,18.90,19.90,18.809999,19.85,53700,18.962165
2004-03-02,20.75,20.90,19.15,19.15,80400,18.293474
2004-03-01,20.049999,20.60,19.84,20.60,77300,19.67862
2004-02-27,19.299999,20.450001,19.25,20.049999,86900,19.153219
2004-02-26,18.52,19.450001,18.51,19.41,69100,18.541845
2004-02-25,18.530001,18.60,18.33,18.60,58200,17.768074
2004-02-24,18.68,18.83,18.50,18.610001,47200,17.777627
2004-02-23,19.43,19.469999,18.26,18.60,93300,17.768074
2004-02-20,20.00,20.09,19.35,19.48,43400,18.608714
2004-02-19,19.709999,20.25,19.709999,19.799999,62900,18.914401
2004-02-18,20.02,20.15,19.799999,19.809999,34900,18.923954
2004-02-17,19.799999,20.25,19.74,20.01,49500,19.115009
2004-02-13,19.799999,19.91,19.719999,19.799999,124100,18.914401
2004-02-12,19.35,20.10,19.309999,19.99,176900,19.095903
2004-02-11,18.75,19.35,18.51,19.35,66500,18.484529
2004-02-10,18.459999,18.75,18.35,18.75,43500,17.911365
2004-02-09,18.25,18.65,18.200001,18.459999,64100,17.634335
2004-02-06,17.85,18.00,17.549999,18.00,90000,17.19491
2004-02-05,17.049999,17.75,17.049999,17.700001,95400,16.908329
2004-02-04,17.07,17.15,16.90,16.90,71300,16.14411
2004-02-03,17.10,17.200001,16.950001,17.07,48500,16.306506
2004-02-02,16.93,17.299999,16.93,17.200001,79400,16.430693
2004-01-30,15.00,17.02,15.00,16.93,109800,16.172769
2004-01-29,15.01,15.15,15.00,15.00,68100,14.329092
2004-01-28,14.80,15.54,14.80,15.03,82700,14.35775
2004-01-27,15.01,15.06,14.91,15.00,61300,14.329092
2004-01-26,15.03,15.10,14.80,15.01,65100,14.338645
2004-01-23,15.15,15.25,14.95,14.95,105100,14.281328
2004-01-22,15.15,15.23,14.80,15.10,143500,14.42462
2004-01-21,15.20,15.27,15.10,15.23,100500,14.548804
2004-01-20,15.01,15.21,15.00,15.05,63000,14.376856
2004-01-16,15.68,15.70,15.01,15.01,26600,14.338645
2004-01-15,15.40,15.78,15.25,15.63,60100,14.930914
2004-01-14,15.45,15.50,15.26,15.50,32700,14.806728
2004-01-13,15.28,15.45,15.14,15.40,73900,14.711201
2004-01-12,15.18,15.34,14.91,15.20,33000,14.520146
2004-01-09,15.50,15.66,15.18,15.18,45500,14.501041
2004-01-08,15.60,15.80,15.54,15.75,35700,15.045547
2004-01-07,15.58,15.80,15.50,15.51,20000,14.816281
2004-01-06,15.60,15.92,15.50,15.50,25100,14.806728
2004-01-05,15.60,15.69,15.30,15.60,68700,14.902256
2004-01-02,15.33,15.65,15.28,15.55,66700,14.854492
2003-12-31,15.52,15.65,15.25,15.31,70800,14.625227
2003-12-30,15.48,15.75,15.48,15.60,90100,14.902256
2003-12-29,15.20,15.48,15.20,15.48,29700,14.787622
2003-12-26,15.01,15.25,15.01,15.25,11100,14.56791
2003-12-24,15.25,15.25,14.99,15.00,21400,14.329092
2003-12-23,15.00,15.25,14.86,15.25,44200,14.56791
2003-12-22,14.88,14.98,14.67,14.84,25200,14.176248
2003-12-19,14.43,14.90,14.25,14.78,100400,14.118932
2003-12-18,14.50,14.65,14.26,14.30,27200,13.660401
2003-12-17,14.08,14.38,14.04,14.35,42300,13.708165
2003-12-16,14.25,14.25,13.90,14.00,34200,13.373819
2003-12-15,14.29,14.45,14.20,14.28,103500,13.641295
2003-12-12,14.28,14.30,14.14,14.19,30200,13.555321
2003-12-11,13.90,14.27,13.90,14.25,46200,13.612637
2003-12-10,13.98,14.13,13.80,13.86,29700,13.240081
2003-12-09,14.50,14.55,14.00,14.08,46500,13.450241
2003-12-08,14.30,14.60,14.17,14.55,62800,13.899219
2003-12-05,14.04,14.45,13.95,14.37,21300,13.72727
2003-12-04,13.97,14.11,13.63,14.05,65200,13.421583
2003-12-03,13.85,14.00,13.81,13.96,50000,13.335608
2003-12-02,13.80,13.80,13.50,13.75,75200,13.135001
2003-12-01,13.48,13.80,13.30,13.70,45000,13.087237
2003-11-28,13.40,13.50,13.39,13.48,22000,12.877077
2003-11-26,13.40,13.49,13.35,13.45,60000,12.848419
2003-11-25,13.00,13.35,12.94,13.35,29100,12.752892
2003-11-24,12.65,13.00,12.65,12.97,46400,12.389888
2003-11-21,12.45,12.75,12.45,12.72,32800,12.15107
2003-11-20,12.40,12.54,12.22,12.40,39900,11.845382
2003-11-19,12.16,12.40,12.15,12.39,53100,11.83583
2003-11-18,11.80,12.38,11.80,12.16,74500,11.616117
2003-11-17,11.70,11.88,11.55,11.77,109900,11.243561
2003-11-14,12.30,12.30,11.88,11.88,37600,11.348641
2003-11-13,12.28,12.28,12.08,12.28,45600,11.73075
2003-11-12,11.98,12.40,11.98,12.31,85600,11.759408
2003-11-11,12.08,12.09,11.98,12.05,31800,11.511037
2003-11-10,12.05,12.11,11.99,12.04,57500,11.501484
2003-11-07,12.23,12.33,12.12,12.20,45700,11.654328
2003-11-06,12.20,12.30,11.95,12.23,41200,11.682986
2003-11-05,12.52,12.74,12.22,12.33,68800,11.778513
2003-11-04,12.67,12.90,12.55,12.60,51400,12.036438
2003-11-03,12.38,12.89,12.38,12.82,47300,12.246597
2003-10-31,13.52,13.52,12.73,12.73,42000,12.160622
2003-10-30,13.20,13.60,13.15,13.60,34600,12.99171
2003-10-29,12.41,13.11,12.27,13.10,64600,12.514074
2003-10-28,11.90,12.54,11.86,12.44,32300,11.883593
2003-10-27,11.05,12.00,11.00,11.87,56600,11.339088
2003-10-24,11.00,11.25,10.75,11.15,131500,10.651291
2003-10-23,12.00,12.09,11.05,11.47,154900,10.956979
2003-10-22,12.57,12.57,12.22,12.22,30800,11.673434
2003-10-21,12.67,12.68,12.59,12.67,15300,12.103306
2003-10-20,12.52,12.70,12.52,12.63,7000,12.065095
2003-10-17,12.55,12.58,12.36,12.52,38100,11.960016
2003-10-16,12.42,12.55,12.42,12.54,27400,11.979121
2003-10-15,12.50,12.54,12.40,12.42,24600,11.864488
2003-10-14,12.25,12.55,12.25,12.42,35000,11.864488
2003-10-13,11.90,12.28,11.90,12.25,47400,11.702092
2003-10-10,12.07,12.07,11.75,11.85,27400,11.319983
2003-10-09,11.35,12.07,11.35,12.07,107300,11.530142
2003-10-08,11.30,11.33,11.15,11.27,57900,10.765925
2003-10-07,11.05,11.35,11.01,11.28,52200,10.775477
2003-10-06,10.70,11.15,10.68,11.10,78700,10.603528
2003-10-03,10.64,10.82,10.60,10.67,25100,10.192761
2003-10-02,10.52,10.70,10.51,10.64,19500,10.164103
2003-10-01,10.30,10.72,10.29,10.72,51900,10.240525
2003-09-30,10.20,10.34,10.15,10.25,120300,9.791546
2003-09-29,10.21,10.31,10.15,10.20,55100,9.743782
2003-09-26,10.25,10.32,10.20,10.20,57500,9.743782
2003-09-25,10.25,10.37,10.20,10.26,45700,9.801099
2003-09-24,10.40,10.41,10.25,10.25,71300,9.791546
2003-09-23,10.26,10.48,10.26,10.45,24500,9.982601
2003-09-22,10.30,10.31,10.25,10.27,25700,9.810652
2003-09-19,10.30,10.49,10.26,10.35,55100,9.887074
2003-09-18,10.38,10.48,10.26,10.36,33400,9.896626
2003-09-17,10.45,10.45,10.25,10.31,32500,9.848863
2003-09-16,10.10,10.40,10.10,10.33,33000,9.867968
2003-09-15,10.21,10.22,10.01,10.02,28000,9.571834
2003-09-12,10.14,10.19,10.02,10.06,37600,9.610045
2003-09-11,9.90,10.09,9.88,10.08,110800,9.62915
2003-09-10,10.02,10.14,9.91,10.00,63700,9.552728
2003-09-09,9.55,10.02,9.52,10.00,143700,9.552728
2003-09-08,9.62,9.68,9.55,9.60,48400,9.170619
2003-09-05,9.36,9.65,9.35,9.50,66100,9.075092
2003-09-04,9.50,9.60,9.30,9.35,80600,8.931801
2003-09-03,9.40,10.10,9.40,9.51,156700,9.084644
2003-09-02,9.16,9.45,9.11,9.41,78300,8.989117
2003-08-29,8.95,9.11,8.92,8.96,37500,8.559244
2003-08-28,8.78,9.03,8.70,9.03,96900,8.626113
2003-08-27,8.62,8.85,8.62,8.75,64100,8.358637
2003-08-26,8.51,8.75,8.45,8.70,25400,8.310873
2003-08-25,8.67,8.74,8.51,8.51,46700,8.129372
2003-08-22,8.68,8.85,8.54,8.60,129300,8.215346
2003-08-21,8.08,8.75,8.08,8.55,114800,8.167583
2003-08-20,7.99,8.27,7.98,8.10,60400,7.73771
2003-08-19,7.78,7.98,7.56,7.98,180300,7.623077
2003-08-18,8.04,8.15,7.59,7.70,118200,7.3556
2003-08-15,8.00,8.29,7.98,8.29,24600,7.919211
2003-08-14,7.75,8.00,7.75,7.95,56100,7.594419
2003-08-13,8.35,8.35,7.70,7.70,42100,7.3556
2003-08-12,8.15,8.32,8.04,8.29,33000,7.919211
2003-08-11,8.03,8.10,7.86,8.10,50200,7.73771
2003-08-08,8.25,8.25,7.95,8.03,19700,7.67084
2003-08-07,8.46,8.53,8.21,8.25,49500,7.881001
2003-08-06,8.50,8.71,8.38,8.46,141600,8.081608
2003-08-05,8.09,8.53,8.06,8.48,134900,8.100713
2003-08-04,8.17,8.20,7.85,7.99,61900,7.632629
2003-08-01,8.57,8.68,8.27,8.30,33500,7.928764
2003-07-31,8.54,8.80,8.52,8.60,36900,8.215346
2003-07-30,8.80,8.85,8.50,8.54,49400,8.15803
2003-07-29,8.95,8.97,8.79,8.85,18200,8.454165
2003-07-28,8.79,9.10,8.79,8.90,60500,8.501928
2003-07-25,8.70,8.85,8.62,8.77,17800,8.377743
2003-07-24,8.82,9.25,8.74,8.74,94900,8.349084
2003-07-23,8.85,8.98,8.52,8.75,46700,8.358637
2003-07-22,8.55,8.77,8.39,8.75,52000,8.358637
2003-07-21,8.52,8.80,8.47,8.55,42100,8.167583
2003-07-18,8.37,8.55,8.20,8.55,76800,8.167583
2003-07-17,8.83,8.99,8.50,8.55,56400,8.167583
2003-07-16,9.00,9.00,8.81,8.93,42400,8.530586
2003-07-15,9.05,9.06,8.74,8.92,26400,8.521033
2003-07-14,9.00,9.06,8.86,8.98,27600,8.578349
2003-07-11,9.10,9.22,8.95,9.00,32700,8.597455
2003-07-10,8.95,9.13,8.90,9.07,53900,8.664324
2003-07-09,8.75,9.00,8.67,8.95,109000,8.549691
2003-07-08,8.55,8.70,8.45,8.70,41100,8.310873
2003-07-07,8.18,8.60,8.18,8.60,76300,8.215346
2003-07-03,8.27,8.30,8.16,8.20,9100,7.833237
2003-07-02,8.21,8.37,8.15,8.30,49200,7.928764
2003-07-01,8.35,8.36,8.12,8.19,163100,7.823684
2003-06-30,7.80,8.35,7.80,8.35,180500,7.976528
2003-06-27,7.60,8.00,7.57,7.79,61500,7.441575
2003-06-26,7.11,7.60,7.11,7.55,70700,7.21231
2003-06-25,6.90,7.34,6.90,7.21,56200,6.887517
2003-06-24,7.25,7.35,6.80,6.90,88600,6.591382
2003-06-23,8.05,8.05,7.19,7.25,72000,6.925728
2003-06-20,8.39,8.45,8.08,8.13,44800,7.766368
2003-06-19,8.82,8.83,8.35,8.36,35300,7.98608
2003-06-18,8.71,8.95,8.71,8.92,47600,8.521033
2003-06-17,8.40,8.54,8.30,8.51,50900,8.129372
2003-06-16,8.21,8.55,8.20,8.31,67300,7.938317
2003-06-13,8.35,8.42,8.20,8.20,43900,7.833237
2003-06-12,8.48,8.49,8.36,8.37,11200,7.995633
2003-06-11,8.42,8.50,8.32,8.43,20100,8.05295
2003-06-10,8.45,8.52,8.30,8.45,31600,8.072055
2003-06-09,8.55,8.56,8.32,8.50,44200,8.119819
2003-06-06,8.32,8.52,8.32,8.50,52300,8.119819
2003-06-05,8.41,8.73,8.40,8.42,46400,8.043397
2003-06-04,8.35,8.55,8.26,8.44,50900,8.062502
2003-06-03,8.04,8.39,8.00,8.35,61700,7.976528
2003-06-02,8.06,8.30,8.05,8.10,94200,7.73771
2003-05-30,7.60,8.15,7.60,8.06,98100,7.699499
2003-05-29,7.00,7.61,6.91,7.60,116200,7.260073
2003-05-28,7.00,7.00,6.82,6.99,71000,6.677357
2003-05-27,6.64,7.09,6.64,6.99,87300,6.677357
2003-05-23,6.65,6.72,6.47,6.63,31000,6.333459
2003-05-22,6.84,7.15,6.51,6.68,97000,6.381222
2003-05-21,6.20,6.86,6.20,6.86,64900,6.553171
2003-05-20,6.30,6.30,5.94,6.10,224800,5.827164
2003-05-19,5.80,6.60,5.80,5.93,128000,5.664768
2003-05-16,5.60,5.76,5.60,5.60,55300,5.349528
2003-05-15,6.01,6.02,5.62,5.75,107300,5.492819
2003-05-14,6.22,6.25,6.00,6.01,97300,5.74119
2003-05-13,6.00,6.25,6.00,6.14,54800,5.865375
2003-05-12,5.52,5.85,5.52,5.84,47300,5.578793
2003-05-09,5.63,5.64,5.40,5.55,121100,5.301764
2003-05-08,5.57,5.66,5.53,5.57,14200,5.32087
2003-05-07,5.52,5.70,5.52,5.62,20000,5.368633
2003-05-06,5.48,5.69,5.48,5.58,31700,5.330422
2003-05-05,5.70,5.75,5.47,5.48,51500,5.234895
2003-05-02,5.40,5.74,5.40,5.68,13800,5.425949
2003-05-01,5.30,5.37,5.20,5.36,240800,5.120262
2003-04-30,5.35,5.35,5.20,5.30,25100,5.062946
2003-04-29,5.40,5.55,5.20,5.39,29600,5.14892
2003-04-28,5.55,5.70,5.35,5.48,35200,5.234895
2003-04-25,5.64,5.64,5.35,5.45,34800,5.206237
2003-04-24,5.90,5.90,5.63,5.65,24000,5.397291
2003-04-23,5.95,6.14,5.89,5.95,37500,5.683873
2003-04-22,5.70,6.08,5.65,6.01,35100,5.74119
2003-04-21,5.70,5.79,5.55,5.75,24600,5.492819
2003-04-17,5.45,5.67,5.28,5.67,23600,5.416397
2003-04-16,5.50,5.50,5.15,5.37,167300,5.129815
2003-04-15,5.64,5.64,5.20,5.45,132100,5.206237
2003-04-14,5.38,5.70,5.38,5.59,24700,5.339975
2003-04-11,5.37,5.50,5.20,5.40,16700,5.158473
2003-04-10,5.24,5.38,5.24,5.30,14500,5.062946
2003-04-09,5.37,5.50,5.24,5.28,9200,5.043841
2003-04-08,5.24,5.36,5.23,5.36,9400,5.120262
2003-04-07,5.38,5.50,5.22,5.25,14500,5.015182
2003-04-04,5.20,5.43,5.00,5.28,35500,5.043841
2003-04-03,5.15,5.25,5.13,5.16,16300,4.929207
2003-04-02,5.15,5.15,5.00,5.13,22600,4.90055
2003-04-01,5.07,5.13,4.85,5.06,44200,4.83368
2003-03-31,5.18,5.18,5.05,5.07,20200,4.843233
2003-03-28,5.13,5.24,4.99,5.23,20000,4.996077
2003-03-27,5.10,5.15,5.00,5.09,25400,4.862339
2003-03-26,5.13,5.24,5.02,5.10,31100,4.871891
2003-03-25,5.10,5.14,5.00,5.05,20100,4.824128
2003-03-24,5.00,5.20,4.99,5.00,12500,4.776364
2003-03-21,5.05,5.14,4.99,5.08,35500,4.852786
2003-03-20,5.19,5.24,4.72,4.95,57200,4.7286
2003-03-19,5.19,5.25,5.10,5.23,12400,4.996077
2003-03-18,5.03,5.24,5.03,5.11,40600,4.881444
2003-03-17,4.88,5.08,4.82,5.08,24600,4.852786
2003-03-14,4.88,4.90,4.73,4.83,14600,4.613968
2003-03-13,4.96,5.03,4.80,4.80,34600,4.58531
2003-03-12,4.90,4.93,4.73,4.91,39000,4.690389
2003-03-11,4.90,5.10,4.80,4.92,39100,4.699942
2003-03-10,5.00,5.00,4.85,4.85,27100,4.633073
2003-03-07,4.87,5.00,4.82,4.98,23000,4.757259
2003-03-06,4.96,4.97,4.85,4.89,55100,4.671284
2003-03-05,5.00,5.00,4.80,4.88,27900,4.661731
2003-03-04,4.99,4.99,4.95,4.96,6200,4.738153
2003-03-03,5.10,5.23,4.95,4.98,39300,4.757259
2003-02-28,5.46,5.46,4.97,5.07,30800,4.843233
2003-02-27,5.35,5.50,5.28,5.47,31400,5.225342
2003-02-26,5.37,5.39,5.00,5.02,20200,4.795469
2003-02-25,5.47,5.47,5.35,5.41,6800,5.168026
2003-02-24,5.40,5.54,5.38,5.47,18300,5.225342
2003-02-21,5.45,5.50,5.40,5.45,77000,5.206237
2003-02-20,5.46,5.46,5.30,5.38,17400,5.139368
2003-02-19,5.45,5.50,5.41,5.45,12300,5.206237
2003-02-18,5.40,5.50,5.40,5.44,10500,5.196684
2003-02-14,5.43,5.51,5.40,5.40,22300,5.158473
2003-02-13,5.40,5.45,5.40,5.43,18500,5.187131
2003-02-12,5.55,5.60,5.40,5.45,21000,5.206237
2003-02-11,5.61,5.69,5.40,5.55,27300,5.301764
2003-02-10,5.46,5.62,5.42,5.62,15900,5.368633
2003-02-07,5.41,5.63,5.41,5.42,41700,5.177579
2003-02-06,5.25,5.43,5.23,5.40,238300,5.158473
2003-02-05,5.38,5.42,5.15,5.16,34500,4.929207
2003-02-04,5.60,5.60,5.20,5.31,36500,5.072498
2003-02-03,5.76,5.80,5.66,5.66,4500,5.406844
2003-01-31,5.57,5.76,5.55,5.75,24500,5.492819
2003-01-30,5.71,5.72,5.53,5.57,25200,5.32087
2003-01-29,5.65,5.78,5.60,5.65,16400,5.397291
2003-01-28,5.76,5.81,5.65,5.70,18500,5.445055
2003-01-27,5.85,5.85,5.69,5.75,20600,5.492819
2003-01-24,6.12,6.14,5.85,5.85,27600,5.588346
2003-01-23,6.06,6.18,6.00,6.15,43200,5.874928
2003-01-22,6.00,6.14,5.95,6.04,26000,5.769848
2003-01-21,5.96,6.15,5.93,5.95,18900,5.683873
2003-01-17,6.11,6.11,5.94,5.95,34900,5.683873
2003-01-16,6.18,6.19,6.00,6.11,34100,5.836717
2003-01-15,5.90,6.20,5.78,6.11,32400,5.836717
2003-01-14,5.80,5.85,5.77,5.85,13400,5.588346
2003-01-13,5.80,5.90,5.66,5.84,23900,5.578793
2003-01-10,5.65,5.88,5.60,5.72,37500,5.46416
2003-01-09,5.60,5.64,5.50,5.56,38400,5.311317
2003-01-08,5.80,5.80,5.53,5.55,26600,5.301764
2003-01-07,6.12,6.13,5.70,5.82,45800,5.559688
2003-01-06,6.02,6.12,5.90,5.95,29300,5.683873
2003-01-03,6.02,6.15,6.02,6.06,44800,5.788953
2003-01-02,5.50,6.15,5.50,6.08,50000,5.808059
2002-12-31,5.55,5.66,5.46,5.50,46300,5.254
2002-12-30,5.54,5.58,5.25,5.53,83200,5.282659
2002-12-27,5.55,5.72,5.52,5.54,29100,5.292211
2002-12-26,5.88,6.00,5.55,5.55,39000,5.301764
2002-12-24,6.00,6.10,5.80,5.82,22500,5.559688
2002-12-23,5.60,6.00,5.53,5.99,51200,5.722084
2002-12-20,5.73,5.76,5.43,5.50,110000,5.254
2002-12-19,5.43,5.66,5.34,5.65,65000,5.397291
2002-12-18,5.25,5.50,5.23,5.33,25300,5.091604
2002-12-17,5.15,5.38,5.15,5.25,125200,5.015182
2002-12-16,5.27,5.40,5.08,5.20,141400,4.967418
2002-12-13,5.33,5.61,5.30,5.42,123200,5.177579
2002-12-12,5.50,5.56,5.25,5.37,23000,5.129815
2002-12-11,5.60,5.60,5.51,5.54,12700,5.292211
2002-12-10,5.50,5.66,5.40,5.61,42900,5.359081
2002-12-09,5.40,5.55,5.30,5.46,56400,5.215789
2002-12-06,5.80,5.95,5.25,5.45,54700,5.206237
2002-12-05,5.98,5.98,5.81,5.85,30100,5.588346
2002-12-04,5.90,6.00,5.90,5.90,35000,5.63611
2002-12-03,6.03,6.08,5.93,5.95,11600,5.683873
2002-12-02,6.05,6.14,5.95,6.06,60000,5.788953
2002-11-29,6.00,6.30,5.90,6.05,18600,5.779401
2002-11-27,5.92,6.19,5.92,6.03,57000,5.760295
2002-11-26,6.25,6.35,5.90,5.90,28800,5.63611
2002-11-25,5.91,6.25,5.91,6.25,20000,5.970455
2002-11-22,5.87,6.15,5.69,5.91,34600,5.645662
2002-11-21,5.55,5.95,5.45,5.89,43500,5.626557
2002-11-20,5.30,5.50,5.20,5.50,150300,5.254
2002-11-19,5.50,5.53,5.28,5.31,51800,5.072498
2002-11-18,5.30,5.65,5.30,5.50,58400,5.254
2002-11-15,5.00,5.50,5.00,5.27,131700,5.034288
2002-11-14,5.00,5.17,4.84,5.05,191100,4.824128
2002-11-13,5.09,5.09,4.80,4.95,166100,4.7286
2002-11-12,5.27,5.28,4.99,4.99,105800,4.766811
2002-11-11,5.12,5.45,5.02,5.25,89400,5.015182
2002-11-08,4.85,5.02,4.82,5.02,21300,4.795469
2002-11-07,5.02,5.30,4.80,4.80,165900,4.58531
2002-11-06,4.60,5.08,4.60,4.94,357500,4.719048
2002-11-05,4.50,4.80,4.50,4.63,96300,4.422913
2002-11-04,5.18,5.18,4.09,4.50,734000,4.298728
2002-11-01,5.39,5.45,5.05,5.18,325200,4.948313
2002-10-31,5.80,5.95,5.39,5.40,141800,5.158473
2002-10-30,6.33,6.33,5.65,5.80,429000,5.540582
2002-10-29,6.97,6.99,6.20,6.63,86000,6.333459
2002-10-28,7.30,7.30,6.96,6.97,19500,6.658251
2002-10-25,7.40,7.47,7.09,7.30,14900,6.973492
2002-10-24,7.75,7.75,7.40,7.45,40700,7.116782
2002-10-23,7.52,7.75,7.52,7.71,13300,7.365153
2002-10-22,7.62,7.70,7.51,7.59,9600,7.250521
2002-10-21,7.07,7.68,7.07,7.65,26400,7.307837
2002-10-18,7.12,7.17,7.00,7.00,9500,6.68691
2002-10-17,6.91,7.15,6.91,7.05,12900,6.734673
2002-10-16,7.45,7.45,6.80,6.81,17600,6.505408
2002-10-15,7.07,7.55,7.07,7.55,22300,7.21231
2002-10-14,7.02,7.06,6.90,7.00,11100,6.68691
2002-10-11,7.19,7.37,6.92,6.92,24400,6.610488
2002-10-10,7.06,7.20,6.90,7.19,13900,6.868411
2002-10-09,7.35,7.40,7.00,7.00,15600,6.68691
2002-10-08,7.23,7.42,7.13,7.40,110800,7.069019
2002-10-07,7.30,7.45,7.20,7.20,10900,6.877964
2002-10-04,7.53,7.54,7.30,7.40,22100,7.069019
2002-10-03,7.58,7.72,7.44,7.53,23700,7.193204
2002-10-02,8.05,8.08,7.58,7.58,14600,7.240968
2002-10-01,7.85,8.00,7.70,8.00,20600,7.642182
2002-09-30,8.12,8.12,7.35,7.80,34400,7.451128
2002-09-27,8.34,8.40,7.97,8.15,24700,7.785473
2002-09-26,8.20,8.40,7.60,8.40,36700,8.024291
2002-09-25,7.11,8.00,7.11,8.00,39500,7.642182
2002-09-24,7.00,7.09,6.88,7.04,22500,6.72512
2002-09-23,7.37,7.40,6.75,6.98,32500,6.667804
2002-09-20,7.56,7.56,7.00,7.32,93800,6.992597
2002-09-19,8.08,8.08,7.50,7.57,12200,7.231415
2002-09-18,8.36,8.36,7.97,7.98,57300,7.623077
2002-09-17,8.68,8.75,8.36,8.36,15000,7.98608
2002-09-16,9.00,9.00,8.53,8.60,20300,8.215346
2002-09-13,9.10,9.19,9.00,9.00,12500,8.597455
2002-09-12,9.19,9.25,8.80,9.05,58300,8.645219
2002-09-11,9.45,9.50,9.19,9.19,8000,8.778957
2002-09-10,9.62,9.63,9.25,9.39,11400,8.970012
2002-09-09,9.50,9.60,9.42,9.60,27800,9.170619
2002-09-06,9.45,9.52,9.30,9.41,27400,8.989117
2002-09-05,9.62,9.77,9.41,9.41,40200,8.989117
2002-09-04,9.64,9.64,9.50,9.62,12000,9.189724
2002-09-03,10.00,10.01,9.55,9.55,14700,9.122855
2002-08-30,10.00,10.26,10.00,10.00,14800,9.552728
2002-08-29,9.85,10.00,9.85,10.00,41100,9.552728
2002-08-28,10.00,10.17,9.85,9.85,29500,9.409437
2002-08-27,10.25,10.25,9.90,9.98,40800,9.533622
2002-08-26,10.05,10.21,10.00,10.20,10400,9.743782
2002-08-23,10.33,10.33,10.00,10.00,11600,9.552728
2002-08-22,10.40,10.40,10.20,10.33,41300,9.867968
2002-08-21,10.28,10.45,10.28,10.39,10600,9.925285
2002-08-20,10.35,10.35,10.18,10.18,10200,9.724677
2002-08-19,10.20,10.55,10.20,10.35,10300,9.887074
2002-08-16,9.95,10.25,9.95,10.23,12900,9.77244
2002-08-15,9.85,10.18,9.83,10.00,17600,9.552728
2002-08-14,9.39,9.80,9.20,9.80,10100,9.361674
2002-08-13,9.66,9.84,9.38,9.38,13400,8.960459
2002-08-12,9.77,9.77,9.47,9.68,18200,9.247041
2002-08-09,10.10,10.10,9.77,9.77,10800,9.333016
2002-08-08,9.90,10.10,9.90,10.10,9400,9.648256
2002-08-07,9.90,9.95,9.82,9.95,7200,9.504964
2002-08-06,9.56,10.05,9.55,9.85,24600,9.409437
2002-08-05,9.82,9.90,9.20,9.50,35400,9.075092
2002-08-02,9.99,10.02,9.64,9.74,40800,9.304357
2002-08-01,10.06,10.20,9.95,10.00,108400,9.552728
2002-07-31,10.35,10.55,10.00,10.00,33800,9.552728
2002-07-30,10.40,10.40,10.00,10.35,21400,9.887074
2002-07-29,10.00,10.40,10.00,10.40,41700,9.934837
2002-07-26,9.84,10.00,9.60,10.00,15600,9.552728
2002-07-25,9.85,10.00,9.63,9.85,25000,9.409437
2002-07-24,10.00,10.00,9.61,9.85,55500,9.409437
2002-07-23,10.30,10.30,9.70,9.80,42900,9.361674
2002-07-22,10.30,10.40,10.10,10.20,16200,9.743782
2002-07-19,10.30,10.33,9.84,10.33,35700,9.867968
2002-07-18,10.60,10.70,10.36,10.38,95300,9.915732
2002-07-17,10.73,10.80,10.30,10.54,14300,10.068575
2002-07-16,10.96,10.96,10.40,10.69,22600,10.211866
2002-07-15,11.15,11.15,10.30,10.90,91400,10.412473
2002-07-12,11.55,11.61,11.18,11.18,74100,10.67995
2002-07-11,11.56,11.75,11.45,11.56,35100,11.042954
2002-07-10,11.66,11.73,11.55,11.57,12200,11.052506
2002-07-09,11.70,11.83,11.63,11.68,15400,11.157587
2002-07-08,11.70,11.75,11.60,11.70,11700,11.176692
2002-07-05,11.70,11.75,11.70,11.75,19300,11.224455
2002-07-03,11.65,11.70,11.40,11.70,20900,11.176692
2002-07-02,12.15,12.15,11.60,11.66,24600,11.138481
2002-07-01,12.35,12.40,12.13,12.20,12100,11.654328
2002-06-28,12.14,12.60,12.05,12.40,105200,11.845382
2002-06-27,12.15,12.24,11.92,12.24,24200,11.692539
2002-06-26,11.50,12.25,11.50,12.20,25900,11.654328
2002-06-25,12.25,12.50,11.61,11.69,51400,11.167139
2002-06-24,11.92,12.45,11.78,12.15,38700,11.606564
2002-06-21,11.60,11.95,11.50,11.95,61000,11.41551
2002-06-20,11.20,11.58,11.15,11.50,34400,10.985637
2002-06-19,11.55,11.80,10.90,11.15,75300,10.651291
2002-06-18,11.93,12.05,11.60,11.60,17500,11.081165
2002-06-17,11.75,12.00,11.65,12.00,35300,11.463274
2002-06-14,11.40,11.70,11.20,11.58,56500,11.062059
2002-06-13,11.75,11.77,11.45,11.46,32300,10.947426
2002-06-12,11.82,11.90,11.35,11.77,41100,11.243561
2002-06-11,11.98,12.15,11.90,11.90,12200,11.367746
2002-06-10,12.44,12.49,11.90,11.98,41200,11.444168
2002-06-07,12.45,12.45,12.05,12.44,16700,11.883593
2002-06-06,12.63,12.63,12.05,12.45,134400,11.893146
2002-06-05,12.55,12.60,12.35,12.55,24900,11.988674
2002-06-04,12.50,12.73,12.40,12.55,32800,11.988674
2002-06-03,12.85,12.86,12.20,12.50,344100,11.94091
2002-05-31,13.15,13.61,13.05,13.05,41300,12.46631
2002-05-30,13.05,13.15,12.86,13.15,14400,12.561837
2002-05-29,13.05,13.07,12.58,13.00,32000,12.418546
2002-05-28,12.50,12.80,12.37,12.80,40200,12.227492
2002-05-24,13.20,13.28,12.55,12.55,14900,11.988674
2002-05-23,13.25,13.25,12.85,13.24,22100,12.647812
2002-05-22,13.25,13.50,13.00,13.16,21000,12.57139
2002-05-21,12.95,13.32,12.94,13.20,61800,12.609601
2002-05-20,13.00,13.02,12.95,13.02,17900,12.437652
2002-05-17,12.70,13.15,12.70,13.07,21900,12.485415
2002-05-16,13.00,13.10,12.55,12.65,25500,12.0842
2002-05-15,12.80,13.08,12.65,13.06,30000,12.475863
2002-05-14,12.56,12.96,12.46,12.85,35500,12.275256
2002-05-13,12.10,12.60,12.00,12.51,111000,11.950463
2002-05-10,12.02,12.45,12.00,12.16,31400,11.616117
2002-05-09,12.46,12.73,12.06,12.06,57900,11.52059
2002-05-08,12.25,12.46,12.25,12.41,52400,11.854935
2002-05-07,12.55,12.65,12.25,12.26,23800,11.711645
2002-05-06,13.06,13.08,12.54,12.54,32400,11.979121
2002-05-03,13.00,13.10,12.89,13.06,60300,12.475863
2002-05-02,12.85,13.08,12.85,13.08,73100,12.494968
2002-05-01,12.90,13.03,12.69,12.85,50600,12.275256
2002-04-30,12.65,13.20,12.44,12.90,70300,12.323019
2002-04-29,12.50,12.65,12.41,12.65,40000,12.0842
2002-04-26,12.15,12.55,12.15,12.50,137800,11.94091
2002-04-25,12.40,12.56,12.17,12.35,358200,11.797619
2002-04-24,12.70,12.85,12.50,12.54,23100,11.979121
2002-04-23,12.42,12.74,12.40,12.72,10800,12.15107
2002-04-22,12.95,12.95,12.24,12.42,18300,11.864488
2002-04-19,12.90,13.04,12.85,13.03,10600,12.447204
2002-04-18,13.15,13.15,12.80,12.90,19900,12.323019
2002-04-17,12.60,13.30,12.60,13.20,65300,12.609601
2002-04-16,12.70,13.00,12.70,12.90,63600,12.323019
2002-04-15,12.80,12.80,12.55,12.64,51400,12.074648
2002-04-12,12.65,12.80,12.65,12.80,26800,12.227492
2002-04-11,12.95,12.97,12.55,12.70,47700,12.131964
2002-04-10,12.55,13.00,12.54,13.00,49300,12.418546
2002-04-09,12.25,12.67,12.17,12.55,94900,11.988674
2002-04-08,12.05,12.20,11.95,12.17,44000,11.62567
2002-04-05,12.00,12.18,12.00,12.10,111000,11.558801
2002-04-04,12.08,12.10,12.00,12.04,15000,11.501484
2002-04-03,12.56,12.57,12.20,12.22,27700,11.673434
2002-04-02,12.62,12.70,12.60,12.64,24300,12.074648
2002-04-01,12.70,12.80,12.61,12.62,23400,12.055543
2002-03-28,12.60,12.85,12.60,12.70,32000,12.131964
2002-03-27,12.70,12.70,12.54,12.63,26500,12.065095
2002-03-26,12.62,12.71,12.41,12.65,15900,12.0842
2002-03-25,12.75,12.75,12.55,12.70,47800,12.131964
2002-03-22,12.90,12.94,12.65,12.70,66400,12.131964
2002-03-21,12.70,12.82,12.64,12.80,28200,12.227492
2002-03-20,13.00,13.00,12.65,12.65,47800,12.0842
2002-03-19,12.35,12.82,12.35,12.70,87200,12.131964
2002-03-18,12.10,12.25,12.04,12.25,37000,11.702092
2002-03-15,12.20,12.33,12.20,12.20,32500,11.654328
2002-03-14,12.40,12.50,12.25,12.40,18500,11.845382
2002-03-13,12.55,12.55,11.90,12.30,233600,11.749856
2002-03-12,12.71,12.73,12.61,12.64,21400,12.074648
2002-03-11,12.60,12.66,12.46,12.61,16300,12.04599
2002-03-08,12.15,12.99,12.15,12.60,516000,12.036438
2002-03-07,12.05,12.20,11.98,12.05,30400,11.511037
2002-03-06,11.30,12.10,11.30,12.01,526900,11.472826
2002-03-05,11.10,11.45,11.10,11.25,23300,10.746819
2002-03-04,10.81,11.25,10.65,11.15,518000,10.651291
2002-03-01,10.90,11.00,10.68,10.90,37600,10.412473
2002-02-28,10.83,11.00,10.74,10.95,30400,10.460237
2002-02-27,10.70,10.88,10.70,10.78,32400,10.29784
2002-02-26,10.50,10.75,10.50,10.75,37100,10.269183
2002-02-25,10.70,10.70,10.37,10.56,26700,10.087681
2002-02-22,10.46,10.60,10.38,10.60,24500,10.125892
2002-02-21,10.85,10.85,10.40,10.40,24200,9.934837
2002-02-20,10.45,10.87,10.30,10.85,35400,10.36471
2002-02-19,10.30,10.46,10.15,10.38,82500,9.915732
2002-02-15,10.95,11.20,10.00,10.25,81100,9.791546
2002-02-14,11.74,11.74,10.90,10.95,34600,10.460237
2002-02-13,11.70,11.89,11.70,11.75,31700,11.224455
2002-02-12,11.65,11.65,11.47,11.51,48100,10.99519
2002-02-11,11.60,11.68,11.53,11.60,28600,11.081165
2002-02-08,11.54,11.67,11.40,11.66,30200,11.138481
2002-02-07,11.65,11.80,11.45,11.54,39200,11.023848
2002-02-06,11.76,11.92,11.40,11.61,41900,11.090717
2002-02-05,12.65,12.65,11.65,11.66,330900,11.138481
2002-02-04,13.10,13.10,12.60,12.70,25100,12.131964
2002-02-01,13.30,13.30,13.18,13.18,26200,12.590496
2002-01-31,13.25,13.45,13.17,13.30,42500,12.705128
2002-01-30,13.35,13.65,13.20,13.45,34700,12.848419
2002-01-29,13.68,13.68,13.00,13.33,32500,12.733786
2002-01-28,13.70,13.79,13.62,13.62,22900,13.010815
2002-01-25,13.90,14.25,13.71,13.76,171800,13.144554
2002-01-24,12.35,14.05,12.25,14.00,134500,13.373819
2002-01-23,12.00,12.35,11.93,12.35,154100,11.797619
2002-01-22,12.00,12.32,12.00,12.00,17800,11.463274
2002-01-18,12.35,12.37,12.00,12.00,9400,11.463274
2002-01-17,12.20,12.40,12.20,12.33,9400,11.778513
2002-01-16,12.10,12.15,11.90,12.15,225500,11.606564
2002-01-15,12.10,12.44,12.01,12.18,156500,11.635223
2002-01-14,13.05,13.06,12.00,12.45,128600,11.893146
2002-01-11,13.18,13.45,13.09,13.10,58700,12.514074
2002-01-10,13.50,13.50,13.20,13.38,26900,12.78155
2002-01-09,13.50,13.84,13.50,13.54,26300,12.934394
2002-01-08,13.79,13.82,13.52,13.55,26700,12.943947
2002-01-07,13.80,14.04,13.74,13.85,52800,13.230529
2002-01-04,13.70,13.85,13.55,13.76,42400,13.144554
2002-01-03,13.47,13.95,13.47,13.77,22000,13.154107
2002-01-02,13.89,14.04,13.25,13.45,61600,12.848419
2001-12-31,13.20,14.50,13.00,14.24,130500,13.603084
2001-12-28,13.08,13.24,12.55,13.20,164200,12.609601
2001-12-27,12.70,13.10,12.70,13.02,101800,12.437652
2001-12-26,12.35,12.80,12.35,12.75,42700,12.179728
2001-12-24,12.50,12.50,12.40,12.42,12400,11.864488
2001-12-21,12.60,12.70,12.36,12.59,83500,12.026885
2001-12-20,12.77,12.77,12.25,12.50,38700,11.94091
2001-12-19,12.70,12.83,12.65,12.67,45300,12.103306
2001-12-18,12.75,12.83,12.60,12.80,42200,12.227492
2001-12-17,12.25,12.70,12.20,12.70,63400,12.131964
2001-12-14,12.25,12.40,12.00,12.14,24700,11.597012
2001-12-13,12.49,12.49,12.27,12.30,23400,11.749856
2001-12-12,12.45,12.65,12.44,12.44,58300,11.883593
2001-12-11,12.50,12.80,12.46,12.48,70200,11.921804
2001-12-10,12.83,12.83,12.41,12.59,71200,12.026885
2001-12-07,12.10,13.00,11.95,12.95,92300,12.370782
2001-12-06,11.65,12.15,11.50,12.15,115500,11.606564
2001-12-05,11.50,11.85,11.50,11.70,94800,11.176692
2001-12-04,11.35,11.81,11.35,11.50,49400,10.985637
2001-12-03,11.60,11.60,11.10,11.34,24000,10.832794
2001-11-30,11.50,11.79,11.45,11.60,21700,11.081165
2001-11-29,11.17,11.55,11.15,11.55,33900,11.033401
2001-11-28,10.67,11.59,10.62,11.22,43800,10.718161
2001-11-27,10.71,10.79,10.40,10.60,53100,10.125892
2001-11-26,10.97,11.02,10.45,10.70,97900,10.221419
2001-11-23,10.80,11.10,10.80,10.95,70800,10.460237
2001-11-21,10.95,10.99,10.79,10.88,19400,10.393368
2001-11-20,11.30,11.40,10.85,10.88,43800,10.393368
2001-11-19,11.10,11.40,11.10,11.21,49700,10.708608
2001-11-16,10.58,11.09,10.58,11.09,76300,10.593975
2001-11-15,10.45,10.60,10.45,10.58,84500,10.106786
2001-11-14,10.50,10.55,10.40,10.53,67200,10.059022
2001-11-13,10.67,10.70,10.43,10.49,95300,10.020811
2001-11-12,10.42,10.75,10.40,10.70,84600,10.221419
2001-11-09,10.27,10.50,10.26,10.50,219500,10.030364
2001-11-08,10.81,11.03,10.00,10.27,130400,9.810652
2001-11-07,10.89,11.25,10.80,10.80,63400,10.316946
2001-11-06,11.00,11.00,10.70,10.93,63600,10.441132
2001-11-05,10.56,11.15,10.56,11.04,93000,10.546212
2001-11-02,10.55,10.70,10.45,10.59,41400,10.116339
2001-11-01,10.25,10.65,10.21,10.50,20100,10.030364
2001-10-31,10.62,10.80,10.21,10.25,24200,9.791546
2001-10-30,10.72,10.72,10.55,10.55,31300,10.078128
2001-10-29,10.85,10.85,10.65,10.67,21500,10.192761
2001-10-26,10.60,11.15,10.55,10.90,20400,10.412473
2001-10-25,9.40,10.54,9.00,10.50,32100,10.030364
2001-10-24,10.44,10.50,9.30,9.45,254500,9.027328
2001-10-23,10.75,10.79,10.34,10.37,28700,9.906179
2001-10-22,10.84,10.86,10.50,10.75,35900,10.269183
2001-10-19,10.96,11.01,10.80,10.88,34600,10.393368
2001-10-18,11.30,11.36,10.95,10.96,120400,10.46979
2001-10-17,11.52,11.80,11.40,11.40,38600,10.890109
2001-10-16,11.20,11.50,11.09,11.50,55500,10.985637
2001-10-15,11.35,11.36,11.10,11.20,14700,10.699055
2001-10-12,11.60,11.60,10.91,11.30,51400,10.794583
2001-10-11,11.40,11.80,11.40,11.78,24000,11.253113
2001-10-10,11.05,11.35,10.70,11.35,112400,10.842347
2001-10-09,11.75,11.75,10.91,11.05,54300,10.555765
2001-10-08,11.90,11.95,11.60,11.85,22900,11.319983
2001-10-05,12.20,12.20,11.45,11.95,62900,11.41551
2001-10-04,12.88,12.88,11.80,12.25,136100,11.702092
2001-10-03,12.85,12.90,12.45,12.90,19300,12.323019
2001-10-02,13.35,13.35,12.80,12.90,42600,12.323019
2001-10-01,13.75,13.75,13.30,13.31,45600,12.714681
2001-09-28,13.35,13.75,13.30,13.75,34700,13.135001
2001-09-27,13.00,13.30,13.00,13.25,39100,12.657365
2001-09-26,12.60,12.90,12.30,12.90,50800,12.323019
2001-09-25,12.40,12.60,12.30,12.50,54200,11.94091
2001-09-24,12.37,12.45,12.15,12.45,35500,11.893146
2001-09-21,12.80,12.80,11.70,12.37,65000,11.816724
2001-09-20,13.10,13.10,12.50,12.80,42400,12.227492
2001-09-19,14.00,14.00,12.81,13.10,177100,12.514074
2001-09-18,14.30,14.30,14.20,14.20,10000,13.564873
2001-09-17,14.50,14.90,14.03,14.30,33700,13.660401
2001-09-10,14.80,14.80,14.30,14.60,78800,13.946983
2001-09-07,14.69,14.78,14.30,14.70,30900,14.04251
2001-09-06,14.80,14.80,14.55,14.70,17700,14.04251
2001-09-05,14.74,14.74,14.10,14.74,112700,14.080721
2001-09-04,14.80,14.88,14.55,14.70,71200,14.04251
2001-08-31,14.98,15.02,14.70,14.70,65700,14.04251
2001-08-30,14.95,15.00,14.70,14.98,31400,14.309986
2001-08-29,15.45,15.48,14.70,15.00,220600,14.329092
2001-08-28,16.00,16.10,15.81,15.90,49500,15.188837
2001-08-27,15.70,16.15,15.70,15.90,10800,15.188837
2001-08-24,15.50,15.70,15.50,15.70,4400,14.997783
2001-08-23,15.60,15.70,15.45,15.45,5600,14.758964
2001-08-22,15.00,15.60,14.85,15.60,23800,14.902256
2001-08-21,15.31,15.60,14.90,14.93,31200,14.262223
2001-08-20,15.77,15.77,15.20,15.29,18800,14.606121
2001-08-17,15.54,15.83,15.49,15.77,7600,15.064652
2001-08-16,15.10,15.50,14.85,15.49,16700,14.797175
2001-08-15,15.43,15.44,14.50,15.00,43900,14.329092
2001-08-14,15.30,15.47,15.15,15.45,33800,14.758964
2001-08-13,15.50,15.50,14.95,15.28,39700,14.596568
2001-08-10,15.72,15.85,15.40,15.50,81200,14.806728
2001-08-09,15.50,15.72,15.27,15.72,14700,15.016889
2001-08-08,16.200001,16.200001,15.35,15.48,119200,14.787622
2001-08-07,16.25,16.299999,16.049999,16.25,22300,15.523183
2001-08-06,16.35,16.450001,16.25,16.25,17300,15.523183
2001-08-03,16.790001,16.790001,16.33,16.48,27200,15.742895
2001-08-02,16.92,17.00,16.709999,16.790001,16000,16.039031
2001-08-01,17.00,17.02,16.65,16.90,61500,16.14411
2001-07-31,16.60,17.10,16.50,17.00,39000,16.239637
2001-07-30,16.559999,16.60,16.450001,16.60,27800,15.857529
2001-07-27,16.60,16.60,16.549999,16.559999,10900,15.819317
2001-07-26,16.68,16.85,16.50,16.60,39600,15.857529
2001-07-25,16.799999,16.799999,16.60,16.700001,56700,15.953056
2001-07-24,16.90,17.18,16.65,16.799999,26400,16.048582
2001-07-23,17.25,17.25,16.799999,16.85,27800,16.096347
2001-07-20,17.450001,17.450001,17.00,17.25,9600,16.478456
2001-07-19,17.00,17.15,16.700001,17.15,11500,16.382928
2001-07-18,17.40,17.40,16.90,16.90,34600,16.14411
2001-07-17,17.129999,17.299999,17.129999,17.299999,17100,16.526219
2001-07-16,17.60,17.610001,17.15,17.280001,29300,16.507115
2001-07-13,17.07,18.00,17.00,17.60,49500,16.812802
2001-07-12,16.309999,17.200001,16.25,17.049999,58100,16.2874
2001-07-11,16.00,16.299999,16.00,16.209999,34800,15.484971
2001-07-10,16.200001,16.35,15.95,16.049999,25400,15.332128
2001-07-09,15.95,16.200001,15.95,16.110001,61300,15.389445
2001-07-06,16.049999,16.08,15.60,15.90,88000,15.188837
2001-07-05,16.10,16.10,15.95,15.95,25500,15.236601
2001-07-03,15.96,16.049999,15.91,16.040001,24200,15.322576
2001-07-02,16.049999,16.110001,15.95,15.95,87100,15.236601
2001-06-29,16.700001,16.700001,15.90,16.00,105000,15.284365
2001-06-28,17.15,17.15,16.82,16.85,57600,16.096347
2001-06-27,16.950001,17.200001,16.950001,17.049999,24100,16.2874
2001-06-26,17.00,17.299999,16.40,16.60,287200,15.857529
2001-06-25,16.75,16.950001,16.75,16.940001,23300,16.182322
2001-06-22,17.15,17.15,16.639999,16.790001,19100,16.039031
2001-06-21,17.450001,17.49,17.290001,17.290001,34100,16.516667
2001-06-20,17.75,18.549999,17.35,17.50,50100,16.717274
2001-06-19,20.00,20.00,17.459999,18.120001,123600,17.194912
2001-06-18,20.75,20.950001,20.75,20.85,8200,19.785536
2001-06-15,21.10,21.16,21.00,21.00,83600,19.927877
2001-06-14,21.50,21.51,21.00,21.15,13200,20.070219
2001-06-13,21.700001,21.950001,21.40,21.58,213500,20.478266
2001-06-12,21.75,21.90,21.51,21.65,13800,20.544692
2001-06-11,22.549999,22.65,21.75,21.75,13300,20.639587
2001-06-08,22.75,22.799999,22.60,22.620001,66900,21.465171
2001-06-07,22.50,22.82,22.50,22.799999,8700,21.63598
2001-06-06,22.40,22.90,22.40,22.60,36900,21.446192
2001-06-05,21.60,22.42,21.60,22.42,14200,21.275381
2001-06-04,21.60,21.75,21.50,21.50,19100,20.402351
2001-06-01,21.65,21.700001,21.40,21.58,38800,20.478266
2001-05-31,22.15,22.200001,21.60,21.60,27100,20.497246
2001-05-30,22.35,22.549999,22.25,22.35,14600,21.208955
2001-05-29,22.200001,22.57,22.200001,22.299999,26300,21.161507
2001-05-25,22.639999,22.639999,22.049999,22.059999,23900,20.93376
2001-05-24,23.00,23.09,22.85,22.860001,52100,21.692918
2001-05-23,23.15,23.200001,22.950001,23.049999,46400,21.873217
2001-05-22,22.65,23.10,22.50,23.049999,77300,21.873217
2001-05-21,21.85,22.299999,21.719999,22.049999,44600,20.92427
2001-05-18,21.24,22.00,21.24,21.60,26300,20.497246
2001-05-17,21.01,21.280001,21.01,21.25,15000,20.165114
2001-05-16,20.90,21.049999,20.549999,21.00,22000,19.927877
2001-05-15,20.65,20.91,20.65,20.90,6700,19.832982
2001-05-14,20.50,20.90,20.450001,20.700001,7600,19.643194
2001-05-11,20.85,20.90,20.459999,20.459999,6500,19.415445
2001-05-10,21.40,21.40,20.90,20.90,22700,19.832982
2001-05-09,21.15,21.299999,21.15,21.24,8500,20.155624
2001-05-08,20.92,21.200001,20.84,21.15,3300,20.070219
2001-05-07,20.620001,21.049999,20.620001,20.92,19300,19.851962
2001-05-04,20.00,20.620001,20.00,20.620001,14300,19.567278
2001-05-03,20.450001,20.450001,19.950001,19.950001,33600,18.931484
2001-05-02,20.60,20.889999,20.389999,20.42,19300,19.377488
2001-05-01,20.00,20.65,20.00,20.60,62000,19.548299
2001-04-30,20.10,20.24,20.00,20.00,13300,18.978931
2001-04-27,20.02,20.15,19.959999,20.15,13400,19.121272
2001-04-26,20.200001,20.200001,20.00,20.00,7300,18.978931
2001-04-25,20.10,20.35,20.00,20.200001,10700,19.168721
2001-04-24,20.00,20.25,20.00,20.10,14100,19.073826
2001-04-23,19.950001,20.120001,19.92,20.00,11300,18.978931
2001-04-20,20.25,20.299999,20.00,20.00,7200,18.978931
2001-04-19,20.700001,20.73,20.25,20.25,10500,19.216167
2001-04-18,20.18,20.799999,20.18,20.75,21500,19.690641
2001-04-17,19.950001,20.18,19.91,20.18,8500,19.149741
2001-04-16,19.90,19.90,19.90,19.90,1800,18.884036
2001-04-12,19.950001,20.049999,19.90,19.98,9300,18.959951
2001-04-11,19.959999,20.00,19.700001,20.00,29400,18.978931
2001-04-10,20.35,20.35,19.950001,19.959999,15100,18.940972
2001-04-09,20.290001,20.700001,20.23,20.26,22000,19.225657
2001-04-06,20.50,20.50,20.200001,20.290001,23800,19.254126
2001-04-05,19.75,19.85,19.549999,19.75,30400,18.741694
2001-04-04,18.60,19.76,18.60,19.75,21900,18.741694
2001-04-03,18.35,18.60,18.34,18.60,48600,17.650406
2001-04-02,18.60,18.780001,18.25,18.299999,13700,17.365721
2001-03-30,17.85,18.65,17.85,18.65,40600,17.697853
2001-03-29,18.110001,18.209999,17.549999,17.85,155200,16.938696
2001-03-28,18.120001,18.25,18.049999,18.110001,22100,17.185422
2001-03-27,17.90,18.35,17.90,18.24,18400,17.19491
2001-03-26,17.92,18.15,17.799999,18.00,117800,16.968662
2001-03-23,18.15,18.200001,17.50,17.82,49100,16.798975
2001-03-22,17.799999,18.200001,17.700001,18.15,81100,17.110067
2001-03-21,19.10,19.10,17.25,17.799999,95900,16.78012
2001-03-20,19.00,19.24,18.90,18.92,43500,17.835949
2001-03-19,20.10,20.10,18.85,19.049999,54300,17.9585
2001-03-16,20.50,20.60,20.10,20.15,25200,18.995474
2001-03-15,21.00,21.00,20.40,20.40,11500,19.23115
2001-03-14,21.00,21.18,21.00,21.00,12800,19.796772
2001-03-13,21.65,21.65,21.00,21.00,15900,19.796772
2001-03-12,21.799999,21.799999,21.65,21.65,11300,20.409529
2001-03-09,22.030001,22.08,21.799999,21.85,5300,20.59807
2001-03-08,21.90,22.049999,21.90,22.049999,9500,20.78661
2001-03-07,21.790001,21.90,21.700001,21.85,5200,20.59807
2001-03-06,21.34,22.00,21.32,21.75,36700,20.5038
2001-03-05,21.00,21.450001,21.00,21.299999,16200,20.079582
2001-03-02,20.75,21.00,20.75,21.00,7500,19.796772
2001-03-01,21.00,21.049999,20.700001,20.700001,24600,19.513962
2001-02-28,21.10,21.10,20.950001,21.049999,5900,19.843906
2001-02-27,20.50,21.10,20.50,21.10,166000,19.891043
2001-02-26,20.15,20.50,20.15,20.50,14800,19.32542
2001-02-23,20.200001,20.200001,19.85,20.10,12400,18.948339
2001-02-22,20.549999,20.549999,20.15,20.15,4900,18.995474
2001-02-21,20.879999,20.879999,20.65,20.65,18700,19.466825
2001-02-20,21.25,21.25,20.68,20.68,35800,19.495107
2001-02-16,21.35,21.35,21.110001,21.34,17200,20.117291
2001-02-15,21.75,21.75,21.25,21.35,28000,20.126719
2001-02-14,21.950001,22.10,21.65,21.65,16800,20.409529
2001-02-13,22.25,22.450001,22.00,22.00,35500,20.739475
2001-02-12,22.10,22.200001,21.90,22.200001,31100,20.928017
2001-02-09,22.65,22.65,21.950001,22.030001,21400,20.767757
2001-02-08,23.10,23.10,22.65,22.75,20600,21.446503
2001-02-07,22.450001,23.15,22.370001,23.15,17400,21.823584
2001-02-06,22.50,22.50,22.35,22.50,11900,21.210827
2001-02-05,22.219999,22.50,22.190001,22.50,8400,21.210827
2001-02-02,22.49,22.49,22.00,22.25,7900,20.975151
2001-02-01,22.25,22.50,22.00,22.50,11500,21.210827
2001-01-31,22.450001,22.50,22.15,22.200001,17400,20.928017
2001-01-30,22.60,22.65,22.299999,22.40,15200,21.116556
2001-01-29,21.870001,22.700001,21.870001,22.700001,13100,21.399368
2001-01-26,22.125,22.50,22.00,22.125,20700,20.857313
2001-01-25,23.75,23.75,22.625,22.625,16800,21.328665
2001-01-24,23.9375,24.125,23.8125,23.875,25600,22.507044
2001-01-23,22.875,23.9375,22.875,23.875,34200,22.507044
2001-01-22,22.375,23.00,22.375,22.9375,23700,21.62326
2001-01-19,22.875,22.9375,22.3125,22.375,24200,21.092989
2001-01-18,22.625,23.00,22.625,23.00,6200,21.682179
2001-01-17,23.875,24.1875,22.5625,22.5625,82500,21.269746
2001-01-16,20.9375,24.1875,20.8125,24.1875,80300,22.801639
2001-01-12,20.625,20.9375,20.625,20.9375,3000,19.737853
2001-01-11,20.625,20.75,20.50,20.6875,10100,19.502177
2001-01-10,21.1875,21.1875,20.5625,20.5625,23400,19.384339
2001-01-09,20.8125,21.5625,20.8125,21.3125,11400,20.091367
2001-01-08,20.6875,21.0625,20.6875,20.75,16700,19.561096
2001-01-05,20.75,20.75,20.375,20.6875,19000,19.502177
2001-01-04,20.9375,20.9375,20.375,20.75,24400,19.561096
2001-01-03,19.875,20.9375,19.625,20.9375,46100,19.737853
2001-01-02,20.125,20.3125,20.00,20.00,45300,18.740945
2000-12-29,19.875,20.25,19.875,20.1875,40200,18.916641
2000-12-28,19.3125,20.00,19.3125,19.9375,19800,18.682379
2000-12-27,18.9375,19.4375,18.875,19.375,27900,18.15529
2000-12-26,18.5625,19.00,18.5625,19.00,22800,17.803898
2000-12-22,18.5625,18.75,18.1875,18.5625,15700,17.393939
2000-12-21,17.9375,18.6875,17.9375,18.625,18400,17.452505
2000-12-20,18.50,18.50,17.9375,18.00,23800,16.86685
2000-12-19,18.625,18.9375,18.50,18.50,19300,17.335374
2000-12-18,18.25,18.625,18.1875,18.625,23100,17.452505
2000-12-15,18.125,18.1875,18.00,18.1875,43000,17.042547
2000-12-14,18.00,18.00,17.875,17.9375,9300,16.808285
2000-12-13,17.875,18.1875,17.625,18.00,39200,16.86685
2000-12-12,18.9375,18.9375,17.8125,17.8125,31900,16.691154
2000-12-11,18.75,18.875,18.625,18.8125,15500,17.628201
2000-12-08,18.625,18.75,18.5625,18.625,20500,17.452505
2000-12-07,18.75,18.75,18.625,18.625,1500,17.452505
2000-12-06,19.125,19.3125,18.4375,18.75,41100,17.569636
2000-12-05,19.1875,19.375,18.8125,19.375,17500,18.15529
2000-12-04,19.75,19.75,19.125,19.125,7500,17.921029
2000-12-01,19.1875,20.00,19.1875,19.8125,17000,18.565249
2000-11-30,19.6875,19.6875,19.00,19.125,11300,17.921029
2000-11-29,19.6875,19.9375,19.4375,19.6875,40800,18.448118
2000-11-28,19.625,20.00,19.625,19.875,60800,18.623814
2000-11-27,18.9375,19.50,18.75,19.50,122300,18.272421
2000-11-24,18.50,18.9375,18.50,18.9375,9800,17.745332
2000-11-22,18.8125,18.9375,18.8125,18.9375,3900,17.745332
2000-11-21,19.0625,19.375,18.875,18.9375,15700,17.745332
2000-11-20,19.0625,19.0625,18.9375,18.9375,4400,17.745332
2000-11-17,19.875,19.875,18.8125,19.00,15900,17.803898
2000-11-16,20.0625,20.0625,19.625,19.6875,3900,18.448118
2000-11-15,20.0625,20.0625,20.00,20.0625,4200,18.79951
2000-11-14,20.25,20.25,19.8125,20.0625,20300,18.79951
2000-11-13,20.125,20.3125,20.125,20.25,4400,18.975207
2000-11-10,20.4375,20.4375,20.25,20.25,2600,18.975207
2000-11-09,20.4375,20.8125,20.375,20.50,12600,19.209468
2000-11-08,20.50,20.50,19.875,20.375,13900,19.092338
2000-11-07,20.375,20.625,20.3125,20.4375,22900,19.150903
2000-11-06,20.625,20.625,20.50,20.50,9900,19.209468
2000-11-03,20.4375,20.50,19.875,20.0625,9600,18.79951
2000-11-02,20.00,20.625,20.00,20.5625,16700,19.268034
2000-11-01,20.3125,20.3125,19.9375,20.0625,16000,18.79951
2000-10-31,19.5625,20.4375,19.5625,20.4375,10900,19.150903
2000-10-30,18.9375,19.5625,18.9375,19.5625,12100,18.330987
2000-10-27,18.3125,19.125,18.3125,19.00,11200,17.803898
2000-10-26,20.125,20.125,18.25,18.25,31200,17.101112
2000-10-25,20.875,20.875,20.00,20.125,12900,18.858076
2000-10-24,20.50,20.5625,20.1875,20.4375,6700,19.150903
2000-10-23,20.375,20.625,20.375,20.625,5700,19.326599
2000-10-20,20.25,20.375,20.1875,20.3125,28400,19.033772
2000-10-19,20.00,20.1875,19.875,20.125,9500,18.858076
2000-10-18,20.1875,20.3125,19.9375,19.9375,3000,18.682379
2000-10-17,20.25,20.375,20.0625,20.25,23800,18.975207
2000-10-16,20.50,20.50,20.25,20.25,6700,18.975207
2000-10-13,20.375,20.50,20.1875,20.50,8100,19.209468
2000-10-12,21.00,21.125,20.4375,20.50,9900,19.209468
2000-10-11,21.125,21.50,21.00,21.00,6200,19.677992
2000-10-10,21.125,21.50,21.125,21.125,6200,19.795123
2000-10-09,20.875,21.0625,20.50,21.0625,24000,19.736558
2000-10-06,20.125,20.75,20.00,20.625,31100,19.326599
2000-10-05,21.625,21.625,20.375,20.50,36800,19.209468
2000-10-04,21.0625,21.625,20.875,21.625,14100,20.263647
2000-10-03,21.1875,21.25,21.125,21.1875,5800,19.853688
2000-10-02,21.375,21.5625,21.125,21.1875,14700,19.853688
2000-09-29,21.50,21.625,21.4375,21.625,23600,20.263647
2000-09-28,21.3125,21.50,21.3125,21.3125,11800,19.970819
2000-09-27,21.0625,21.75,21.0625,21.25,15000,19.912254
2000-09-26,21.125,21.3125,21.0625,21.1875,14900,19.741242
2000-09-25,21.125,21.25,20.6875,21.0625,21900,19.624775
2000-09-22,20.875,21.25,20.50,21.125,7300,19.683008
2000-09-21,21.9375,21.9375,21.00,21.00,11200,19.566541
2000-09-20,21.5625,22.125,21.50,22.125,9500,20.614749
2000-09-19,22.375,22.375,21.375,21.6875,11400,20.207112
2000-09-18,22.8125,22.9375,22.375,22.375,15100,20.847684
2000-09-15,22.375,23.00,22.375,22.9375,27700,21.371787
2000-09-14,22.0625,22.75,22.00,22.75,51000,21.197086
2000-09-13,23.375,23.375,22.0625,22.0625,32300,20.556515
2000-09-12,23.625,23.875,23.50,23.5625,7900,21.954125
2000-09-11,22.875,23.8125,22.875,23.75,40200,22.128826
2000-09-08,23.1875,23.3125,22.875,22.9375,13200,21.371787
2000-09-07,22.75,23.125,22.75,23.0625,18700,21.488255
2000-09-06,23.0625,23.25,22.9375,23.125,9500,21.546489
2000-09-05,23.50,23.50,22.625,23.0625,20100,21.488255
2000-09-01,23.3125,23.625,23.25,23.4375,18600,21.837657
2000-08-31,23.375,23.75,23.1875,23.375,66100,21.779424
2000-08-30,22.00,24.3125,22.00,24.00,294100,22.361761
2000-08-29,21.3125,22.25,21.3125,22.25,91700,20.731216
2000-08-28,22.00,22.0625,20.75,21.375,99500,19.915943
2000-08-25,21.875,22.125,21.3125,22.00,10000,20.498281
2000-08-24,22.3125,22.3125,21.1875,21.875,84800,20.381813
2000-08-23,22.9375,23.00,22.00,22.0625,110200,20.556515
2000-08-22,20.875,23.25,20.375,23.1875,113600,21.604722
2000-08-21,21.00,21.00,20.4375,20.875,47300,19.450073
2000-08-18,20.875,21.3125,20.875,20.9375,43700,19.508307
2000-08-17,20.125,20.9375,20.125,20.875,35500,19.450073
2000-08-16,20.25,20.375,19.5625,20.1875,104300,18.809502
2000-08-15,21.25,21.25,19.50,20.375,283000,18.984203
2000-08-14,18.625,22.25,18.375,21.50,307000,20.032411
2000-08-11,18.125,18.75,18.00,18.625,18000,17.353658
2000-08-10,18.625,18.625,18.375,18.375,3300,17.120723
2000-08-09,18.9375,18.9375,18.50,18.6875,12400,17.411892
2000-08-08,18.00,19.375,18.00,18.8125,51500,17.52836
2000-08-07,17.875,18.00,17.5625,17.875,22400,16.654853
2000-08-04,17.9375,18.00,17.75,18.00,14000,16.771321
2000-08-03,18.3125,18.3125,17.875,17.9375,15600,16.713087
2000-08-02,17.50,18.9375,17.50,18.4375,36500,17.178957
2000-08-01,16.5625,17.5625,16.5625,17.5625,27100,16.363685
2000-07-31,16.3125,16.5625,16.25,16.5625,6100,15.431945
2000-07-28,16.4375,16.4375,16.3125,16.3125,8500,15.199009
2000-07-27,16.9375,16.9375,16.3125,16.3125,9100,15.199009
2000-07-26,16.8125,17.125,16.8125,17.00,30100,15.839581
2000-07-25,16.00,16.875,16.00,16.875,35200,15.723113
2000-07-24,15.5625,16.125,15.5625,16.00,17000,14.907841
2000-07-21,15.625,15.625,15.50,15.5625,4500,14.500204
2000-07-20,15.375,15.625,15.375,15.50,8400,14.441971
2000-07-19,15.625,15.6875,15.50,15.50,11400,14.441971
2000-07-18,15.8125,15.8125,15.5625,15.625,13500,14.558438
2000-07-17,15.50,15.625,15.50,15.5625,12200,14.500204
2000-07-14,15.50,15.5625,15.4375,15.5625,4800,14.500204
2000-07-13,15.50,15.6875,15.4375,15.50,9900,14.441971
2000-07-12,15.375,15.625,15.3125,15.4375,26100,14.383737
2000-07-11,15.3125,15.375,15.3125,15.3125,23600,14.267269
2000-07-10,15.125,15.625,15.00,15.50,50800,14.441971
2000-07-07,15.375,15.375,15.25,15.3125,19200,14.267269
2000-07-06,15.875,15.875,15.375,15.375,21700,14.325503
2000-07-05,15.50,15.875,15.50,15.875,19000,14.791373
2000-07-03,15.4375,15.50,15.4375,15.50,5800,14.441971
2000-06-30,15.625,15.6875,15.5625,15.625,11300,14.558438
2000-06-29,15.125,15.6875,15.125,15.6875,22300,14.616672
2000-06-28,14.25,15.125,14.25,15.0625,47100,14.034334
2000-06-27,14.8125,15.125,14.4375,14.4375,46600,13.340188
2000-06-26,14.4375,15.00,14.4375,14.8125,124500,13.686687
2000-06-23,14.375,14.4375,14.0625,14.4375,79400,13.340188
2000-06-22,14.125,14.5625,14.0625,14.375,87100,13.282439
2000-06-21,14.0625,14.375,14.00,14.00,49400,12.93594
2000-06-20,14.50,14.8125,14.125,14.1875,96400,13.109189
2000-06-19,16.25,16.25,15.125,15.1875,49600,14.033185
2000-06-16,16.4375,16.4375,16.00,16.00,48500,14.783932
2000-06-15,16.5625,16.6875,16.00,16.3125,36400,15.07268
2000-06-14,16.9375,16.9375,16.625,16.625,25900,15.361429
2000-06-13,17.25,17.25,16.625,16.9375,11100,15.650178
2000-06-12,17.25,17.3125,17.1875,17.25,2400,15.938926
2000-06-09,17.25,17.3125,17.1875,17.3125,4200,15.996676
2000-06-08,17.375,17.50,17.25,17.25,8100,15.938926
2000-06-07,17.375,17.375,17.3125,17.375,8400,16.054426
2000-06-06,17.6875,17.75,17.375,17.375,37500,16.054426
2000-06-05,17.125,17.6875,17.125,17.625,20600,16.285425
2000-06-02,17.875,17.875,17.125,17.1875,43500,15.881177
2000-06-01,17.4375,17.875,17.4375,17.875,14400,16.516424
2000-05-31,17.375,17.50,17.25,17.4375,16100,16.112176
2000-05-30,18.00,18.00,17.375,17.4375,45200,16.112176
2000-05-26,18.1875,18.1875,17.875,18.00,11600,16.631923
2000-05-25,18.00,18.125,17.875,17.9375,17600,16.574173
2000-05-24,18.0625,18.125,18.00,18.0625,15800,16.689673
2000-05-23,17.75,18.0625,17.75,18.0625,16500,16.689673
2000-05-22,18.00,18.00,17.625,17.625,9200,16.285425
2000-05-19,18.00,18.0625,18.00,18.0625,9600,16.689673
2000-05-18,18.00,18.0625,17.75,18.0625,5900,16.689673
2000-05-17,18.1875,18.1875,17.9375,18.00,3400,16.631923
2000-05-16,17.9375,18.25,17.9375,18.25,14200,16.862922
2000-05-15,17.5625,17.875,17.5625,17.875,11300,16.516424
2000-05-12,17.5625,17.8125,17.4375,17.6875,9700,16.343175
2000-05-11,16.875,17.75,16.625,17.50,33300,16.169925
2000-05-10,17.875,17.875,16.875,17.00,29600,15.707927
2000-05-09,18.125,18.125,17.75,18.00,13900,16.631923
2000-05-08,17.9375,18.25,17.9375,18.25,15600,16.862922
2000-05-05,17.9375,18.00,17.875,18.00,13500,16.631923
2000-05-04,18.00,18.00,17.50,17.8125,17600,16.458674
2000-05-03,18.25,18.3125,17.9375,18.0625,13500,16.689673
2000-05-02,18.4375,18.4375,18.1875,18.25,7100,16.862922
2000-05-01,18.4375,18.5625,18.25,18.5625,17500,17.151671
2000-04-28,18.4375,18.9375,18.4375,18.50,38600,17.093921
2000-04-27,17.8125,18.3125,17.8125,18.3125,28600,16.920672
2000-04-26,17.3125,18.125,17.25,17.875,52300,16.516424
2000-04-25,16.5625,17.1875,16.5625,17.1875,34200,15.881177
2000-04-24,17.125,17.125,16.50,16.6875,34900,15.419179
2000-04-20,17.25,17.25,16.875,17.00,90000,15.707927
2000-04-19,17.25,17.4375,16.75,17.25,29100,15.938926
2000-04-18,17.1875,17.375,17.1875,17.375,14800,16.054426
2000-04-17,17.5625,17.5625,17.1875,17.3125,12600,15.996676
2000-04-14,17.71875,17.75,17.50,17.5625,16900,16.227675
2000-04-13,17.4375,17.8125,17.375,17.6875,26300,16.343175
2000-04-12,17.6875,17.6875,17.4375,17.4375,15800,16.112176
2000-04-11,17.50,17.6875,17.50,17.6875,7800,16.343175
2000-04-10,17.8125,17.875,17.625,17.625,19100,16.285425
2000-04-07,18.125,18.125,17.75,17.8125,8400,16.458674
2000-04-06,18.125,18.375,18.00,18.00,7400,16.631923
2000-04-05,17.4375,18.375,17.4375,18.00,43600,16.631923
2000-04-04,17.625,17.875,17.00,17.3125,44000,15.996676
2000-04-03,17.75,17.75,17.625,17.6875,9800,16.343175
2000-03-31,17.125,17.75,17.125,17.625,38700,16.285425
2000-03-30,17.375,17.50,17.25,17.25,7100,15.938926
2000-03-29,17.00,17.4375,16.875,17.25,16100,15.938926
2000-03-28,17.50,17.50,17.00,17.00,22900,15.707927
2000-03-27,17.75,17.875,17.6875,17.75,19600,16.400924
2000-03-24,18.0625,18.0625,17.75,17.875,10700,16.516424
2000-03-23,17.625,18.0625,17.5625,18.0625,21900,16.689673
2000-03-22,17.25,17.625,17.25,17.5625,11700,16.227675
2000-03-21,17.625,17.625,17.00,17.4375,21000,16.001296
2000-03-20,17.875,17.875,17.50,17.50,7100,16.058648
2000-03-17,17.5625,18.375,17.5625,18.0625,27300,16.574819
2000-03-16,17.00,17.875,17.00,17.8125,25500,16.34541
2000-03-15,16.375,16.875,16.3125,16.75,18000,15.370421
2000-03-14,16.875,17.00,16.4375,16.50,23400,15.141011
2000-03-13,16.75,16.875,16.50,16.625,19000,15.255716
2000-03-10,16.6875,16.9375,16.6875,16.6875,7700,15.313068
2000-03-09,16.00,16.625,16.00,16.5625,41100,15.198364
2000-03-08,15.875,16.00,15.8125,15.9375,12500,14.62484
2000-03-07,15.9375,15.9375,15.8125,15.875,8200,14.567488
2000-03-06,15.875,15.9375,15.75,15.9375,8500,14.62484
2000-03-03,16.25,16.25,15.75,16.00,28800,14.682193
2000-03-02,16.50,16.50,16.25,16.25,4500,14.911602
2000-03-01,16.75,16.75,16.375,16.50,30700,15.141011
2000-02-29,16.00,16.75,15.75,16.75,27600,15.370421
2000-02-28,15.9375,16.00,15.6875,15.9375,25600,14.62484
2000-02-25,16.00,16.0625,15.9375,15.9375,5500,14.62484
2000-02-24,16.00,16.125,15.8125,15.9375,12900,14.62484
2000-02-23,16.50,16.50,16.3125,16.375,29900,15.026307
2000-02-22,16.625,16.6875,16.5625,16.5625,11800,15.198364
2000-02-18,16.75,16.75,16.625,16.625,13900,15.255716
2000-02-17,16.75,16.9375,16.625,16.625,46500,15.255716
2000-02-16,16.5625,17.1875,16.5625,17.00,64700,15.59983
2000-02-15,16.5625,16.75,16.4375,16.6875,48300,15.313068
2000-02-14,15.875,16.5625,15.875,16.5625,54300,15.198364
2000-02-11,14.9375,16.00,14.9375,15.9375,43400,14.62484
2000-02-10,15.50,15.50,14.9375,14.9375,43400,13.707203
2000-02-09,15.50,15.625,15.00,15.25,18200,13.993965
2000-02-08,15.9375,15.9375,15.25,15.25,36300,13.993965
2000-02-07,16.25,16.375,15.75,15.9375,19300,14.62484
2000-02-04,16.125,16.50,16.00,16.3125,19600,14.968954
2000-02-03,16.25,16.3125,16.0625,16.125,18000,14.796897
2000-02-02,16.00,16.0625,15.9375,16.0625,35500,14.739545
2000-02-01,15.75,16.1875,15.75,16.00,17700,14.682193
2000-01-31,15.875,16.25,15.6875,16.00,25700,14.682193
2000-01-28,16.6875,16.6875,15.875,16.00,11900,14.682193
2000-01-27,16.75,16.875,16.5625,16.5625,8500,15.198364
2000-01-26,16.00,16.875,16.00,16.75,47300,15.370421
2000-01-25,16.3125,16.375,15.625,16.00,23600,14.682193
2000-01-24,16.75,16.75,16.375,16.4375,33400,15.083659
2000-01-21,16.50,16.75,16.50,16.6875,49500,15.313068
2000-01-20,16.50,16.75,16.50,16.625,12600,15.255716
2000-01-19,16.125,16.375,16.125,16.375,27700,15.026307
2000-01-18,16.125,16.1875,16.125,16.125,10900,14.796897
2000-01-14,16.00,16.1875,16.00,16.125,34500,14.796897
2000-01-13,15.5625,16.125,15.5625,15.875,17000,14.567488
2000-01-12,15.875,15.875,15.5625,15.5625,8600,14.280727
2000-01-11,16.25,16.25,15.875,15.9375,27700,14.62484
2000-01-10,16.50,16.625,16.375,16.50,29800,15.141011
2000-01-07,16.125,16.5625,16.125,16.50,43100,15.141011
2000-01-06,16.375,16.4375,16.125,16.125,27400,14.796897
2000-01-05,16.3125,16.625,16.3125,16.375,55300,15.026307
2000-01-04,16.50,16.625,16.3125,16.3125,8100,14.968954
2000-01-03,16.6875,16.6875,16.1875,16.375,24000,15.026307
1999-12-31,16.875,16.875,16.75,16.8125,16100,15.427773
1999-12-30,16.6875,16.6875,16.50,16.625,19400,15.255716
1999-12-29,16.50,16.9375,16.375,16.50,27400,15.141011
1999-12-28,16.0625,16.875,15.9375,16.234381,87300,14.897269
1999-12-27,16.00,16.125,15.625,15.8125,50300,14.510136
1999-12-23,16.0625,16.125,15.9375,15.9375,14400,14.62484
1999-12-22,15.75,16.00,15.6875,16.00,11800,14.682193
1999-12-21,15.5625,15.875,15.5625,15.6875,15700,14.395431
1999-12-20,15.6875,16.0625,15.4375,15.6875,33500,14.395431
1999-12-17,15.875,15.875,15.5625,15.6875,40200,14.395431
1999-12-16,16.125,16.125,15.75,15.8125,25200,14.510136
1999-12-15,16.00,16.125,15.75,16.125,29200,14.68678
1999-12-14,16.00,16.25,16.00,16.0625,17300,14.629855
1999-12-13,15.5625,16.00,15.5625,16.00,25000,14.572929
1999-12-10,15.4375,15.9375,15.4375,15.5625,21600,14.174451
1999-12-09,16.1875,16.1875,15.4375,15.50,41600,14.117525
1999-12-08,15.875,16.3125,15.50,16.1875,37700,14.743706
1999-12-07,16.125,16.25,15.75,15.75,17200,14.345227
1999-12-06,16.00,16.1875,16.00,16.125,15800,14.68678
1999-12-03,16.125,16.375,16.00,16.0625,30800,14.629855
1999-12-02,15.9375,16.375,15.9375,16.125,9800,14.68678
1999-12-01,16.375,16.375,15.9375,16.0625,21100,14.629855
1999-11-30,16.125,16.25,16.00,16.25,16300,14.800631
1999-11-29,16.125,16.375,15.00,16.375,227800,14.914482
1999-11-26,16.25,16.25,16.00,16.00,7200,14.572929
1999-11-24,16.4375,16.50,16.00,16.125,39500,14.68678
1999-11-23,15.50,16.625,15.375,16.4375,65000,14.971408
1999-11-22,13.75,15.00,13.75,14.9375,52000,13.605196
1999-11-19,13.8125,13.8125,13.625,13.625,29900,12.40976
1999-11-18,13.6875,13.875,13.625,13.75,15800,12.523611
1999-11-17,13.8125,13.9375,13.75,13.8125,16700,12.580537
1999-11-16,13.875,13.9375,13.625,13.6875,15700,12.466686
1999-11-15,13.875,14.0625,13.8125,14.00,11200,12.751313
1999-11-12,13.75,13.875,13.625,13.8125,6700,12.580537
1999-11-11,13.6875,13.8125,13.5625,13.625,6100,12.40976
1999-11-10,13.875,13.875,13.50,13.5625,11300,12.352835
1999-11-09,13.50,13.75,13.50,13.75,14700,12.523611
1999-11-08,13.5625,13.6875,13.50,13.50,49400,12.295909
1999-11-05,13.625,13.625,13.4375,13.5625,147400,12.352835
1999-11-04,13.625,13.75,13.5625,13.75,12000,12.523611
1999-11-03,13.25,13.75,13.1875,13.75,40200,12.523611
1999-11-02,13.4375,13.4375,13.25,13.25,17700,12.068207
1999-11-01,13.3125,13.5625,13.25,13.5625,14500,12.352835
1999-10-29,13.125,13.25,13.00,13.25,17700,12.068207
1999-10-28,13.375,13.375,13.00,13.125,12700,11.954356
1999-10-27,13.75,13.75,13.3125,13.50,12700,12.295909
1999-10-26,13.50,14.6875,13.50,13.6875,62200,12.466686
1999-10-25,13.625,13.625,12.9375,13.50,38900,12.295909
1999-10-22,13.375,13.875,13.375,13.625,27900,12.40976
1999-10-21,14.5625,14.5625,13.375,13.75,26000,12.523611
1999-10-20,14.5625,14.5625,14.50,14.5625,6000,13.263643
1999-10-19,14.75,14.75,14.5625,14.5625,7200,13.263643
1999-10-18,14.75,14.875,14.625,14.75,7900,13.434419
1999-10-15,14.75,14.9375,14.75,14.75,11100,13.434419
1999-10-14,14.625,14.6875,14.5625,14.625,12500,13.320568
1999-10-13,14.75,14.75,14.625,14.625,8900,13.320568
1999-10-12,14.8125,15.00,14.6875,14.75,13000,13.434419
1999-10-11,15.00,15.00,14.875,14.9375,6500,13.605196
1999-10-08,14.75,15.1875,14.6875,15.1875,37400,13.832898
1999-10-07,14.75,14.8125,14.6875,14.8125,21100,13.491345
1999-10-06,15.125,15.25,15.125,15.25,9100,13.889823
1999-10-05,14.75,15.25,14.75,15.00,70100,13.662121
1999-10-04,14.875,14.9375,14.75,14.8125,12600,13.491345
1999-10-01,14.8125,14.9375,14.8125,14.9375,4300,13.605196
1999-09-30,14.8125,14.9375,14.625,14.6875,12800,13.377494
1999-09-29,14.875,15.00,14.625,14.6875,17300,13.377494
1999-09-28,15.4375,15.625,14.75,15.00,80500,13.662121
1999-09-27,14.90625,15.50,14.90625,15.4375,20800,14.0606
1999-09-24,15.00,15.0625,14.875,14.875,26100,13.54827
1999-09-23,15.375,15.50,15.00,15.0625,59700,13.719047
1999-09-22,15.3125,15.3125,15.1875,15.25,14100,13.780527
1999-09-21,15.375,15.50,15.25,15.375,11700,13.893482
1999-09-20,15.375,15.50,15.375,15.4375,9600,13.94996
1999-09-17,15.25,15.50,15.1875,15.50,16200,14.006437
1999-09-16,16.00,16.00,15.4375,15.4375,30200,13.94996
1999-09-15,16.9375,16.9375,16.375,16.375,6200,14.797123
1999-09-14,16.375,17.00,16.375,16.9375,25100,15.305421
1999-09-13,16.875,16.875,16.125,16.25,19800,14.684168
1999-09-10,17.125,17.25,17.00,17.125,3400,15.474854
1999-09-09,17.125,17.25,17.00,17.25,18100,15.587809
1999-09-08,17.00,17.00,16.9375,17.00,1600,15.361899
1999-09-07,17.0625,17.0625,16.875,17.00,3600,15.361899
1999-09-03,17.375,17.375,17.00,17.125,7400,15.474854
1999-09-02,17.1875,17.25,17.125,17.25,2700,15.587809
1999-09-01,17.00,17.25,17.00,17.25,10400,15.587809
1999-08-31,16.75,17.00,16.6875,17.00,23900,15.361899
1999-08-30,16.875,16.875,16.50,16.8125,6200,15.192466
1999-08-27,16.8125,16.8125,16.5625,16.75,8800,15.135989
1999-08-26,17.00,17.00,16.75,16.75,13400,15.135989
1999-08-25,17.25,17.3125,17.00,17.0625,12300,15.418376
1999-08-24,17.4375,17.4375,17.1875,17.25,11200,15.587809
1999-08-23,17.25,17.50,17.25,17.50,19600,15.813719
1999-08-20,16.75,17.375,16.6875,17.25,33900,15.587809
1999-08-19,17.0625,17.125,16.625,16.75,17500,15.135989
1999-08-18,17.375,17.375,17.1875,17.1875,1000,15.531331
1999-08-17,17.375,17.4375,17.3125,17.375,10300,15.700764
1999-08-16,17.875,17.875,17.4375,17.50,10700,15.813719
1999-08-13,17.5625,17.75,17.5625,17.75,8500,16.03963
1999-08-12,17.25,17.75,17.25,17.50,14900,15.813719
1999-08-11,17.0625,17.25,16.9375,17.1875,8600,15.531331
1999-08-10,16.9375,17.0625,16.8125,17.00,16800,15.361899
1999-08-09,17.00,17.00,16.9375,16.9375,6900,15.305421
1999-08-06,17.00,17.00,16.9375,17.00,9100,15.361899
1999-08-05,16.8125,17.00,16.75,17.00,6900,15.361899
1999-08-04,17.00,17.00,16.75,16.875,8200,15.248944
1999-08-03,17.00,17.00,16.875,16.9375,19000,15.305421
1999-08-02,16.75,17.00,16.75,17.00,27100,15.361899
1999-07-30,16.625,16.875,16.625,16.875,6400,15.248944
1999-07-29,16.875,16.875,16.5625,16.6875,5500,15.079511
1999-07-28,16.125,17.00,16.125,16.9375,18300,15.305421
1999-07-27,15.9375,16.125,15.875,16.00,3100,14.458258
1999-07-26,15.9375,16.25,15.875,15.9375,24400,14.40178
1999-07-23,16.00,16.00,15.9375,15.9375,41700,14.40178
1999-07-22,15.75,16.00,15.75,16.00,23700,14.458258
1999-07-21,15.8125,15.9375,15.625,15.8125,29400,14.288825
1999-07-20,15.875,16.0625,15.875,15.9375,44200,14.40178
1999-07-19,16.0625,16.1875,15.875,16.00,33100,14.458258
1999-07-16,16.25,16.4375,16.0625,16.125,95200,14.571213
1999-07-15,16.6875,16.6875,16.1875,16.25,21300,14.684168
1999-07-14,16.875,16.875,16.625,16.625,13900,15.023033
1999-07-13,17.50,17.50,16.875,16.9375,11400,15.305421
1999-07-12,17.625,17.9375,17.50,17.50,27900,15.813719
1999-07-09,17.4375,17.6875,17.00,17.6875,110000,15.983152
1999-07-08,18.1875,18.1875,17.1875,17.625,43700,15.926674
1999-07-07,18.3125,18.6875,18.25,18.25,30900,16.49145
1999-07-06,18.5625,18.625,18.125,18.1875,30600,16.434973
1999-07-02,18.50,18.50,18.3125,18.375,9500,16.604405
1999-07-01,18.1875,18.625,18.1875,18.5625,12600,16.773838
1999-06-30,18.6875,19.0625,18.125,18.125,36500,16.378495
1999-06-29,18.50,18.75,18.1875,18.6875,32600,16.886793
1999-06-28,17.6875,18.625,17.6875,18.5625,15000,16.773838
1999-06-25,17.50,17.75,17.50,17.6875,32500,15.983152
1999-06-24,17.8125,17.8125,17.5625,17.5625,9700,15.870197
1999-06-23,17.8125,18.00,17.75,17.875,15300,16.152585
1999-06-22,17.375,17.8125,17.25,17.6875,360000,15.983152
1999-06-21,17.75,18.00,17.50,17.625,27500,15.926674
1999-06-18,17.8125,18.00,17.625,17.875,69600,16.152585
1999-06-17,17.4375,17.8125,17.4375,17.8125,27600,16.096107
1999-06-16,17.3125,17.5625,17.3125,17.4375,8000,15.757242
1999-06-15,17.125,17.625,17.125,17.4375,23000,15.648805
1999-06-14,16.875,17.125,16.875,17.125,5000,15.36836
1999-06-11,16.9375,16.9375,16.625,16.875,2116900,15.144005
1999-06-10,16.5625,17.125,16.50,16.875,29100,15.144005
1999-06-09,17.00,17.00,16.625,16.8125,179800,15.087916
1999-06-08,16.5625,16.9375,16.5625,16.9375,43600,15.200093
1999-06-07,16.375,16.5625,16.25,16.5625,48900,14.86356
1999-06-04,16.625,16.625,16.25,16.375,20500,14.695293
1999-06-03,16.6875,16.875,16.4375,16.50,17800,14.807471
1999-06-02,16.875,16.875,16.625,16.8125,18300,15.087916
1999-06-01,16.8125,17.00,16.5625,16.8125,24100,15.087916
1999-05-28,16.9375,16.9375,16.75,16.9375,11600,15.200093
1999-05-27,16.5625,16.9375,16.50,16.875,48300,15.144005
1999-05-26,16.8125,16.8125,16.625,16.625,7500,14.919649
1999-05-25,16.3125,17.00,16.3125,16.875,17200,15.144005
1999-05-24,16.625,16.625,16.375,16.4375,9100,14.751382
1999-05-21,17.125,17.25,16.5625,16.625,14100,14.919649
1999-05-20,16.5625,17.25,16.5625,17.0625,29700,15.312271
1999-05-19,16.1875,16.50,15.875,16.4375,27800,14.751382
1999-05-18,16.50,16.50,16.00,16.0625,17800,14.414849
1999-05-17,17.0625,17.0625,16.50,16.50,22400,14.807471
1999-05-14,16.6875,17.0625,16.5625,17.0625,41800,15.312271
1999-05-13,15.8125,16.6875,15.8125,16.6875,34300,14.975738
1999-05-12,17.125,17.1875,15.125,15.875,88900,14.246582
1999-05-11,16.1875,17.3125,16.125,17.3125,86000,15.536627
1999-05-10,16.00,16.25,16.00,16.125,79700,14.470938
1999-05-07,15.5625,16.00,15.375,16.00,89700,14.35876
1999-05-06,15.125,15.75,15.125,15.5625,66200,13.966138
1999-05-05,15.00,15.125,14.6875,15.00,34600,13.461337
1999-05-04,15.0625,15.25,14.875,15.00,159200,13.461337
1999-05-03,15.125,15.50,15.00,15.0625,49200,13.517426
1999-04-30,15.1875,15.3125,14.9375,15.0625,82600,13.517426
1999-04-29,15.25,15.4375,15.125,15.25,52800,13.685693
1999-04-28,15.00,15.4375,14.75,15.25,72600,13.685693
1999-04-27,15.3125,15.50,15.00,15.125,17600,13.573515
1999-04-26,15.5625,15.625,15.0625,15.25,22900,13.685693
1999-04-23,15.6875,15.6875,15.50,15.5625,26400,13.966138
1999-04-22,15.75,16.00,15.5625,15.6875,20200,14.078315
1999-04-21,15.3125,15.875,15.3125,15.75,11500,14.134404
1999-04-20,15.375,15.4375,14.75,15.3125,40800,13.741782
1999-04-19,15.375,16.00,15.25,15.50,57200,13.910049
1999-04-16,14.1875,15.4375,14.1875,15.3125,64400,13.741782
1999-04-15,13.9375,14.375,13.9375,14.3125,94300,12.844359
1999-04-14,13.75,14.4375,13.75,13.9375,56000,12.507826
1999-04-13,14.125,14.25,13.875,13.875,29000,12.451737
1999-04-12,14.125,14.375,14.00,14.125,24000,12.676093
1999-04-09,13.625,14.1875,13.5625,14.125,26400,12.676093
1999-04-08,13.625,13.6875,13.375,13.5625,10300,12.171293
1999-04-07,13.9375,14.00,13.625,13.6875,24800,12.28347
1999-04-06,13.3125,14.0625,13.3125,14.00,97400,12.563915
1999-04-05,15.00,15.0625,12.875,13.4375,848000,12.059115
1999-04-01,14.625,15.00,14.125,15.00,28400,13.461337
1999-03-31,15.375,15.375,14.125,14.50,473100,13.012626
1999-03-30,15.0625,15.625,15.0625,15.375,50300,13.797871
1999-03-29,15.00,15.00,14.71875,14.9375,27600,13.405248
1999-03-26,14.875,15.25,14.875,15.00,10800,13.461337
1999-03-25,14.6875,14.8125,14.5625,14.8125,21400,13.293071
1999-03-24,15.00,15.00,14.75,14.8125,6700,13.293071
1999-03-23,15.1875,15.1875,15.00,15.00,13400,13.461337
1999-03-22,15.375,15.375,15.1875,15.3125,18200,13.741782
1999-03-19,15.3125,15.50,15.3125,15.375,7700,13.797871
1999-03-18,15.50,15.5625,15.4375,15.50,7700,13.910049
1999-03-17,15.625,15.6875,15.625,15.625,2300,14.022226
1999-03-16,15.9375,16.00,15.75,15.75,32100,14.026714
1999-03-15,15.50,16.6875,15.50,15.9375,138500,14.193699
1999-03-12,15.3125,15.6875,15.3125,15.50,5000,13.804068
1999-03-11,15.1875,15.3125,15.1875,15.3125,15200,13.637083
1999-03-10,14.875,15.125,14.875,15.125,3900,13.470098
1999-03-09,15.00,15.375,14.9375,15.00,16300,13.358775
1999-03-08,14.9375,15.1875,14.9375,15.1875,34400,13.52576
1999-03-05,15.125,15.125,14.875,14.875,16400,13.247452
1999-03-04,14.75,15.1875,14.625,15.125,15000,13.470098
1999-03-03,14.1875,14.625,14.1875,14.625,18400,13.024806
1999-03-02,14.375,14.375,14.00,14.25,13100,12.690836
1999-03-01,14.375,14.375,14.25,14.375,23000,12.802159
1999-02-26,14.4375,14.50,14.125,14.375,13500,12.802159
1999-02-25,14.375,14.50,14.375,14.50,8100,12.913483
1999-02-24,14.00,14.625,13.9375,14.375,16300,12.802159
1999-02-23,14.25,14.3125,13.875,13.9375,15800,12.412529
1999-02-22,14.375,14.375,14.25,14.25,22800,12.690836
1999-02-19,14.1875,14.375,14.09375,14.375,24700,12.802159
1999-02-18,14.1875,14.1875,14.00,14.0625,5700,12.523852
1999-02-17,14.50,14.50,14.25,14.3125,27500,12.746498
1999-02-16,14.875,14.9375,14.875,14.875,20400,13.247452
1999-02-12,15.125,15.125,14.8125,14.9375,76500,13.303114
1999-02-11,15.375,15.375,15.25,15.25,29700,13.581421
1999-02-10,15.375,15.4375,15.25,15.375,22000,13.692744
1999-02-09,15.6875,15.6875,15.375,15.375,36300,13.692744
1999-02-08,15.875,15.875,15.625,15.6875,21800,13.971052
1999-02-05,15.125,15.8125,15.00,15.75,28400,14.026714
1999-02-04,14.8125,15.125,14.8125,15.00,27800,13.358775
1999-02-03,14.875,14.9375,14.75,14.8125,52700,13.19179
1999-02-02,15.00,15.00,14.375,14.75,56500,13.136129
1999-02-01,15.00,15.00,14.875,15.00,36800,13.358775
1999-01-29,14.875,15.125,14.875,15.00,35200,13.358775
1999-01-28,15.375,15.375,14.875,15.00,104400,13.358775
1999-01-27,15.8125,15.9375,15.375,15.375,32800,13.692744
1999-01-26,15.75,16.00,15.50,15.6875,36600,13.971052
1999-01-25,15.625,15.625,15.1875,15.625,55400,13.915391
1999-01-22,15.625,15.75,15.50,15.50,9200,13.804068
1999-01-21,15.75,15.875,15.125,15.75,24800,14.026714
1999-01-20,16.125,16.125,15.50,15.625,26000,13.915391
1999-01-19,16.1875,16.25,16.00,16.0625,4900,14.305022
1999-01-15,16.1875,16.4375,16.1875,16.1875,12100,14.416345
1999-01-14,16.9375,16.9375,16.25,16.25,8500,14.472006
1999-01-13,17.0625,17.0625,16.875,16.9375,10400,15.084284
1999-01-12,17.3125,17.375,16.9375,17.25,34500,15.362591
1999-01-11,17.375,17.375,17.125,17.375,23700,15.473914
1999-01-08,17.4375,17.5625,17.25,17.50,13100,15.585238
1999-01-07,18.00,18.00,17.50,17.5625,25000,15.640899
1999-01-06,18.1875,18.1875,17.9375,17.9375,12600,15.974869
1999-01-05,18.0625,18.25,17.8125,18.125,43000,16.141853
1999-01-04,17.4375,18.3125,17.4375,18.1875,23600,16.197515
1998-12-31,17.00,17.4375,17.00,17.4375,25800,15.529576
1998-12-30,16.375,17.00,16.375,17.00,35200,15.139945
1998-12-29,16.625,16.75,16.25,16.50,23500,14.694653
1998-12-28,16.375,17.0625,16.375,16.5625,15500,14.750314
1998-12-24,16.625,16.625,16.3125,16.375,5200,14.583329
1998-12-23,16.50,16.75,16.1875,16.6875,31700,14.861637
1998-12-22,16.1875,16.625,16.00,16.625,59500,14.805976
1998-12-21,15.50,16.1875,15.50,16.1875,18800,14.416345
1998-12-18,15.625,15.625,15.25,15.50,21500,13.804068
1998-12-17,15.00,15.5625,15.00,15.4375,18700,13.748406
1998-12-16,15.3125,15.4375,15.125,15.375,13000,13.692744
1998-12-15,15.00,15.50,15.00,15.50,8000,13.697197
1998-12-14,15.3125,15.3125,15.00,15.125,18600,13.365813
1998-12-11,15.125,15.375,14.625,15.375,43700,13.586736
1998-12-10,15.1875,15.3125,15.00,15.125,21500,13.365813
1998-12-09,15.3125,15.3125,14.8125,15.3125,59500,13.531505
1998-12-08,15.50,15.625,15.50,15.5625,22800,13.752427
1998-12-07,15.4375,15.5625,15.3125,15.5625,16700,13.752427
1998-12-04,15.625,15.625,15.375,15.5625,10300,13.752427
1998-12-03,15.9375,16.125,15.3125,15.5625,40000,13.752427
1998-12-02,16.125,16.125,15.9375,16.00,13800,14.139042
1998-12-01,16.125,16.1875,15.9375,16.00,55300,14.139042
1998-11-30,16.5625,16.5625,16.0625,16.125,46100,14.249503
1998-11-27,16.1875,16.375,16.1875,16.375,18200,14.470426
1998-11-25,15.5625,16.4375,15.5625,16.1875,40800,14.304734
1998-11-24,15.4375,15.625,15.3125,15.5625,32800,13.752427
1998-11-23,15.25,15.625,15.25,15.4375,61700,13.641966
1998-11-20,15.1875,15.3125,15.125,15.25,17700,13.476274
1998-11-19,15.375,15.4375,15.1875,15.1875,545400,13.421044
1998-11-18,15.50,15.50,15.0625,15.375,18400,13.586736
1998-11-17,15.9375,15.9375,15.0625,15.375,51500,13.586736
1998-11-16,15.9375,15.9375,15.50,15.8125,26600,13.97335
1998-11-13,15.875,16.1875,15.875,16.00,36000,14.139042
1998-11-12,16.00,16.25,15.75,15.875,69700,14.028581
1998-11-11,16.25,16.3125,16.00,16.125,44800,14.249503
1998-11-10,16.1875,16.375,16.0625,16.375,26300,14.470426
1998-11-09,16.50,16.50,15.75,16.375,125400,14.470426
1998-11-06,16.50,17.00,16.50,16.50,85100,14.580887
1998-11-05,16.875,16.9375,16.75,16.75,51200,14.801809
1998-11-04,16.625,17.00,15.75,17.00,348000,15.022732
1998-11-03,17.3125,17.3125,16.1875,16.50,75000,14.580887
1998-11-02,17.00,17.625,16.875,17.3125,46400,15.298885
1998-10-30,16.375,18.00,16.375,17.00,122000,15.022732
1998-10-29,14.75,16.50,14.75,16.50,41100,14.580887
1998-10-28,14.75,14.9375,14.625,14.875,15100,13.144891
1998-10-27,14.625,15.75,14.625,14.875,103700,13.144891
1998-10-26,13.8125,14.50,13.3125,14.50,58800,12.813507
1998-10-23,15.0625,15.25,13.75,13.8125,42100,12.20597
1998-10-22,14.50,15.0625,14.50,15.0625,37900,13.310582
1998-10-21,13.75,14.5625,13.75,14.5625,123600,12.868737
1998-10-20,13.25,14.125,13.25,14.0625,33000,12.426892
1998-10-19,13.4375,13.5625,13.00,13.25,118000,11.708894
1998-10-16,13.3125,13.75,13.3125,13.375,26900,11.819355
1998-10-15,12.75,13.8125,12.625,13.3125,99800,11.764125
1998-10-14,12.9375,13.0625,12.25,12.875,47200,11.37751
1998-10-13,12.50,12.9375,11.8125,12.9375,76200,11.432741
1998-10-12,12.25,12.50,12.0625,12.4375,176200,10.990896
1998-10-09,11.9375,12.125,11.5625,12.125,153800,10.714743
1998-10-08,11.75,12.00,11.125,12.00,69500,10.604281
1998-10-07,12.125,12.125,10.9375,11.9375,172400,10.549051
1998-10-06,13.125,13.125,11.875,12.375,142100,10.935665
1998-10-05,13.8125,13.8125,12.75,13.25,67500,11.708894
1998-10-02,13.6875,13.8125,12.375,13.8125,34700,12.20597
1998-10-01,13.75,14.0625,13.50,13.875,52300,12.2612
1998-09-30,14.6875,14.6875,13.25,13.875,129600,12.2612
1998-09-29,14.5625,14.9375,13.875,14.8125,210000,13.08966
1998-09-28,14.625,15.0625,14.00,14.6875,113300,12.979199
1998-09-25,15.00,15.00,13.75,14.625,147200,12.923968
1998-09-24,16.50,16.50,15.00,15.00,308700,13.255352
1998-09-23,15.9375,16.75,15.375,16.75,104100,14.801809
1998-09-22,15.125,15.9375,15.125,15.875,41100,14.028581
1998-09-21,15.125,15.25,13.5625,15.00,82900,13.255352
1998-09-18,15.4375,15.4375,14.9375,15.25,84000,13.476274
1998-09-17,16.00,16.00,15.25,15.375,27400,13.586736
1998-09-16,16.125,16.75,16.125,16.25,28500,14.253922
1998-09-15,15.75,16.4375,15.625,16.1875,53200,14.199099
1998-09-14,15.75,16.125,15.625,15.75,75200,13.81534
1998-09-11,15.0625,16.0625,15.0625,15.625,51400,13.705694
1998-09-10,15.3125,15.3125,14.1875,14.8125,35500,12.992998
1998-09-09,15.375,15.75,15.3125,15.3125,20500,13.43158
1998-09-08,15.3125,15.4375,15.3125,15.4375,19900,13.541226
1998-09-04,15.00,15.3125,14.9375,15.3125,23600,13.43158
1998-09-03,15.25,15.3125,14.75,15.00,52700,13.157466
1998-09-02,15.3125,15.75,15.25,15.25,30300,13.376757
1998-09-01,14.625,15.25,14.625,15.1875,74700,13.321935
1998-08-31,15.125,15.125,14.3125,14.625,46600,12.82853
1998-08-28,15.1875,15.4375,14.9375,15.1875,59600,13.321935
1998-08-27,15.6875,15.6875,15.1875,15.6875,66700,13.760517
1998-08-26,15.75,15.9375,14.75,15.875,181600,13.924985
1998-08-25,16.5625,16.6875,15.9375,15.9375,46400,13.979808
1998-08-24,16.0625,16.875,15.9375,16.5625,45200,14.528036
1998-08-21,17.00,17.125,15.875,16.00,75000,14.034631
1998-08-20,17.00,17.125,17.00,17.00,7800,14.911795
1998-08-19,17.0625,17.3125,16.9375,17.0625,47500,14.966618
1998-08-18,16.50,17.3125,16.50,16.9375,123400,14.856972
1998-08-17,16.00,16.3125,15.75,16.25,99100,14.253922
1998-08-14,16.25,16.375,15.75,16.125,181200,14.144276
1998-08-13,15.9375,16.46875,15.9375,16.3125,35700,14.308745
1998-08-12,15.625,15.875,15.625,15.8125,38000,13.870162
1998-08-11,16.125,16.1875,15.4375,15.625,137600,13.705694
1998-08-10,17.00,17.0625,16.1875,16.1875,23200,14.199099
1998-08-07,16.6875,17.625,16.5625,17.125,71200,15.021441
1998-08-06,16.50,16.625,16.125,16.625,193900,14.582859
1998-08-05,16.50,16.50,16.00,16.4375,99800,14.41839
1998-08-04,16.375,16.875,15.625,16.4375,80600,14.41839
1998-08-03,15.8125,16.50,15.6875,16.25,92000,14.253922
1998-07-31,16.5625,16.625,15.625,15.875,77600,13.924985
1998-07-30,16.50,16.625,16.375,16.50,107900,14.473213
1998-07-29,16.5625,16.625,16.375,16.625,108900,14.582859
1998-07-28,17.1875,17.1875,15.375,16.5625,153200,14.528036
1998-07-27,17.5625,17.5625,17.00,17.1875,15600,15.076264
1998-07-24,17.625,17.6875,17.375,17.5625,27400,15.4052
1998-07-23,18.625,18.625,17.75,17.75,44900,15.569669
1998-07-22,18.875,19.125,18.5625,18.625,48900,16.337187
1998-07-21,19.3125,19.3125,18.9375,18.9375,26100,16.611301
1998-07-20,19.375,19.4375,19.1875,19.4375,29300,17.049883
1998-07-17,19.1875,19.375,19.00,19.375,9300,16.995061
1998-07-16,19.4375,19.4375,19.00,19.1875,107500,16.830592
1998-07-15,19.5625,19.5625,19.25,19.375,83300,16.995061
1998-07-14,19.50,19.875,19.4375,19.5625,96300,17.159529
1998-07-13,22.4375,22.4375,19.75,19.8125,92300,17.37882
1998-07-10,22.625,22.75,22.5625,22.5625,24200,19.791022
1998-07-09,22.50,23.00,22.375,22.75,39400,19.955491
1998-07-08,22.1875,22.50,21.9375,22.50,30700,19.7362
1998-07-07,21.5625,22.375,21.50,22.3125,49000,19.571731
1998-07-06,21.125,21.5625,21.125,21.5625,46500,18.913858
1998-07-02,21.4375,21.4375,21.00,21.00,48500,18.420453
1998-07-01,20.625,21.25,20.625,21.25,54900,18.639744
1998-06-30,20.0625,20.875,20.00,20.5625,54300,18.036693
1998-06-29,19.50,20.0625,19.50,20.00,47000,17.543288
1998-06-26,19.4375,19.75,19.25,19.375,35500,16.995061
1998-06-25,19.6875,19.9375,19.25,19.3125,20700,16.940238
1998-06-24,18.875,19.875,18.875,19.5625,77600,17.159529
1998-06-23,19.8125,20.3125,19.125,19.125,64000,16.77577
1998-06-22,19.875,19.875,19.375,19.5625,50000,17.159529
1998-06-19,19.875,20.00,19.8125,19.8125,76100,17.37882
1998-06-18,20.3125,20.3125,19.9375,20.0625,44700,17.598111
1998-06-17,20.5625,20.75,20.375,20.50,56300,17.981871
1998-06-16,20.125,20.5625,20.00,20.5625,38000,17.931433
1998-06-15,20.0625,20.1875,19.875,20.00,31700,17.440908
1998-06-12,20.50,20.50,18.9375,20.00,182700,17.440908
1998-06-11,24.3125,24.375,20.625,20.75,84000,18.094942
1998-06-10,25.00,25.00,24.3125,24.3125,27200,21.201604
1998-06-09,25.1875,25.3125,24.8125,24.875,19300,21.692129
1998-06-08,24.8125,25.375,24.8125,25.1875,31500,21.964643
1998-06-05,25.0625,25.125,24.6875,24.8125,72600,21.637626
1998-06-04,25.0625,25.125,24.9375,25.00,17700,21.801135
1998-06-03,24.6875,25.00,24.6875,24.9375,17800,21.746632
1998-06-02,24.8125,24.9375,24.625,24.6875,47000,21.528621
1998-06-01,24.375,24.875,24.375,24.625,44200,21.474118
1998-05-29,24.75,24.8125,24.3125,24.375,39200,21.256107
1998-05-28,24.625,25.00,24.625,24.75,104200,21.583124
1998-05-27,24.875,24.875,24.50,24.625,49000,21.474118
1998-05-26,24.625,25.00,24.5625,24.8125,23100,21.637626
1998-05-22,25.25,25.25,24.125,24.5625,97500,21.419615
1998-05-21,24.8125,24.875,24.6875,24.75,47600,21.583124
1998-05-20,25.125,25.125,25.00,25.00,41500,21.801135
1998-05-19,24.8125,25.375,24.8125,25.1875,25600,21.964643
1998-05-18,24.75,24.8125,24.1875,24.5625,19900,21.419615
1998-05-15,24.75,24.9375,24.625,24.9375,21900,21.746632
1998-05-14,25.25,25.25,24.75,24.75,18400,21.583124
1998-05-13,25.375,25.4375,25.00,25.3125,10200,22.073649
1998-05-12,25.6875,25.8125,25.25,25.3125,24300,22.073649
1998-05-11,26.25,26.25,25.50,25.5625,9300,22.29166
1998-05-08,26.375,26.4375,26.00,26.1875,9700,22.836689
1998-05-07,26.0625,26.40625,25.9375,26.375,10200,23.000197
1998-05-06,26.5625,26.5625,26.0625,26.0625,10400,22.727683
1998-05-05,27.00,27.00,26.4375,26.4375,13700,23.0547
1998-05-04,27.0625,27.1875,26.9375,27.00,24700,23.545226
1998-05-01,27.0625,27.1875,26.75,27.0625,18600,23.599729
1998-04-30,26.1875,27.25,26.0625,27.25,42700,23.763237
1998-04-29,26.3125,26.375,26.1875,26.1875,14300,22.836689
1998-04-28,26.0625,27.00,26.0625,26.3125,41400,22.945695
1998-04-27,26.4375,26.4375,25.8125,25.9375,34300,22.618678
1998-04-24,26.4375,26.8125,26.3125,26.625,28500,23.218209
1998-04-23,27.1875,27.1875,26.3125,26.5625,11100,23.163706
1998-04-22,27.00,27.3125,26.9375,27.1875,22000,23.708734
1998-04-21,27.375,27.375,27.00,27.1875,33100,23.708734
1998-04-20,27.25,27.5625,26.875,27.375,29100,23.872243
1998-04-17,27.3125,27.3125,26.75,27.25,48100,23.763237
1998-04-16,28.00,28.3125,27.375,27.375,123600,23.872243
1998-04-15,29.5625,29.5625,29.0625,29.3125,18200,25.561831
1998-04-14,28.5625,30.00,28.5625,29.6875,35800,25.888848
1998-04-13,28.5625,28.625,28.5625,28.5625,5400,24.907797
1998-04-09,28.25,29.125,28.25,28.4375,38500,24.798791
1998-04-08,28.3125,28.5625,28.25,28.375,12400,24.744288
1998-04-07,28.875,28.9375,28.1875,28.3125,24000,24.689785
1998-04-06,28.0625,29.00,28.0625,29.00,84700,25.289317
1998-04-03,27.625,28.3125,27.5625,28.125,38100,24.526277
1998-04-02,27.9375,27.9375,27.375,27.625,11200,24.090254
1998-04-01,28.375,28.50,27.9375,27.9375,86300,24.362768
1998-03-31,28.0625,29.00,28.00,28.50,158400,24.853294
1998-03-30,28.25,28.375,27.8125,28.00,34700,24.417271
1998-03-27,27.9375,28.3125,27.8125,28.1875,57900,24.58078
1998-03-26,27.00,27.6875,26.9375,27.6875,27800,24.144757
1998-03-25,27.625,27.75,26.75,26.9375,14100,23.490723
1998-03-24,27.4375,27.75,27.4375,27.6875,13600,24.144757
1998-03-23,27.75,27.875,27.375,27.375,18100,23.872243
1998-03-20,28.00,28.375,27.6875,27.6875,43000,24.144757
1998-03-19,27.625,28.00,27.625,28.00,74700,24.417271
1998-03-18,27.00,27.25,26.875,27.25,20600,23.763237
1998-03-17,27.8125,27.875,27.125,27.125,42200,23.549586
1998-03-16,27.00,27.5625,26.9375,27.5625,23000,23.929418
1998-03-13,26.8125,27.00,26.375,26.875,17500,23.332539
1998-03-12,26.9375,27.00,26.625,26.6875,16300,23.169754
1998-03-11,27.25,27.25,26.8125,26.9375,14900,23.3868
1998-03-10,26.625,27.00,26.5625,27.00,39300,23.441062
1998-03-09,27.00,27.125,26.9375,27.125,20500,23.549586
1998-03-06,26.50,27.25,26.50,27.125,65300,23.549586
1998-03-05,26.4375,26.50,26.25,26.375,28000,22.898445
1998-03-04,26.4375,26.625,26.3125,26.5625,29600,23.06123
1998-03-03,26.625,26.625,26.25,26.4375,28200,22.952707
1998-03-02,27.125,27.1875,26.50,26.5625,33900,23.06123
1998-02-27,27.50,27.50,26.9375,27.00,38000,23.441062
1998-02-26,27.00,27.625,27.00,27.50,47500,23.875156
1998-02-25,26.25,27.375,26.25,27.125,32400,23.549586
1998-02-24,25.6875,26.125,25.625,26.125,31200,22.681398
1998-02-23,25.9375,25.9375,25.6875,25.75,37800,22.355828
1998-02-20,26.1875,26.1875,25.9375,26.00,8200,22.572875
1998-02-19,27.00,27.00,26.25,26.3125,46800,22.844183
1998-02-18,26.125,27.00,26.125,27.00,81600,23.441062
1998-02-17,26.00,26.25,26.00,26.125,22000,22.681398
1998-02-13,25.9375,26.125,25.9375,26.00,29900,22.572875
1998-02-12,25.1875,26.00,25.1875,26.00,70900,22.572875
1998-02-11,25.1875,25.25,25.0625,25.25,13200,21.921734
1998-02-10,25.00,25.375,25.00,25.1875,24200,21.867472
1998-02-09,25.00,25.0625,24.9375,25.00,31900,21.704687
1998-02-06,25.25,25.3125,25.00,25.125,29000,21.813211
1998-02-05,25.5625,25.5625,25.125,25.375,35300,22.030257
1998-02-04,25.375,25.50,24.875,25.50,91300,22.138781
1998-02-03,24.875,25.50,24.875,25.50,63900,22.138781
1998-02-02,24.625,24.75,24.5625,24.75,40900,21.48764
1998-01-30,24.50,24.5625,24.375,24.5625,43300,21.324855
1998-01-29,24.00,24.50,23.9375,24.50,76600,21.270593
1998-01-28,24.25,24.375,23.8125,24.1875,86900,20.999285
1998-01-27,23.875,24.375,23.875,24.375,113400,21.16207
1998-01-26,23.1875,23.6875,23.1875,23.6875,69800,20.565191
1998-01-23,23.0625,23.3125,23.00,23.1875,41200,20.131097
1998-01-22,23.9375,23.9375,22.9375,23.00,64500,19.968312
1998-01-21,24.00,24.00,23.3125,23.9375,46500,20.782238
1998-01-20,23.75,23.9375,23.75,23.9375,15900,20.782238
1998-01-16,23.25,23.75,23.25,23.75,38400,20.619453
1998-01-15,23.1875,23.25,23.0625,23.1875,21400,20.131097
1998-01-14,23.125,23.3125,23.0625,23.3125,42800,20.239621
1998-01-13,23.125,23.25,23.125,23.25,17500,20.185359
1998-01-12,22.75,23.375,22.375,23.125,51000,20.076836
1998-01-09,23.375,23.375,22.9375,22.9375,25700,19.91405
1998-01-08,23.50,23.5625,23.375,23.375,37400,20.293883
1998-01-07,23.875,24.00,23.6875,23.6875,51900,20.565191
1998-01-06,24.1875,24.1875,23.8125,24.00,26500,20.8365
1998-01-05,24.125,24.375,24.0625,24.25,30900,21.053547
1998-01-02,24.375,24.375,24.0625,24.25,22100,21.053547
1997-12-31,24.625,24.6875,24.375,24.50,23600,21.270593
1997-12-30,24.5625,24.875,24.5625,24.75,29700,21.48764
1997-12-29,24.50,24.5625,24.50,24.5625,12300,21.324855
1997-12-26,24.1875,24.3125,24.1875,24.25,15600,21.053547
1997-12-24,24.0625,24.25,24.0625,24.25,2200,21.053547
1997-12-23,24.00,24.25,24.00,24.1875,16700,20.999285
1997-12-22,23.5625,24.0625,23.5625,24.00,41900,20.8365
1997-12-19,23.375,23.50,23.0625,23.4375,78400,20.348144
1997-12-18,24.25,24.25,23.3125,23.5625,31100,20.456668
1997-12-17,24.00,24.25,24.00,24.25,12300,21.053547
1997-12-16,23.5625,24.00,23.5625,24.00,4700,20.732318
1997-12-15,23.4375,23.4375,23.375,23.4375,2600,20.246405
1997-12-12,23.125,23.4375,22.875,23.375,21700,20.192414
1997-12-11,23.75,23.75,23.1875,23.25,11000,20.084433
1997-12-10,24.375,24.375,23.75,23.9375,13800,20.678328
1997-12-09,24.375,24.50,24.1875,24.50,13600,21.164242
1997-12-08,24.00,24.375,23.875,24.375,45100,21.056261
1997-12-05,24.25,24.25,24.125,24.25,8300,20.94828
1997-12-04,24.00,24.25,23.625,24.25,54700,20.94828
1997-12-03,24.00,24.1875,24.00,24.0625,20800,20.786309
1997-12-02,23.6875,23.9375,23.625,23.9375,17100,20.678328
1997-12-01,23.875,24.125,23.625,23.625,25700,20.408376
1997-11-28,23.75,23.875,23.6875,23.75,20500,20.516357
1997-11-26,23.9375,23.9375,23.59375,23.75,83300,20.516357
1997-11-25,23.125,23.9375,22.875,23.9375,85200,20.678328
1997-11-24,23.875,23.875,23.00,23.1875,26600,20.030443
1997-11-21,23.75,24.125,23.625,24.00,35900,20.732318
1997-11-20,23.5625,23.625,23.0625,23.5625,38600,20.354386
1997-11-19,23.75,23.875,23.50,23.50,9600,20.300395
1997-11-18,24.125,24.1875,23.875,23.875,42300,20.624338
1997-11-17,23.625,24.3125,23.625,24.00,43900,20.732318
1997-11-14,23.25,23.625,23.25,23.5625,23900,20.354386
1997-11-13,23.50,23.625,23.3125,23.375,48100,20.192414
1997-11-12,24.00,24.00,23.50,23.50,31200,20.300395
1997-11-11,24.00,24.3125,24.00,24.125,16200,20.840299
1997-11-10,23.125,24.1875,23.125,24.125,41200,20.840299
1997-11-07,23.875,24.00,22.375,23.0625,70800,19.922462
1997-11-06,24.375,24.375,23.9375,23.9375,17500,20.678328
1997-11-05,24.3125,24.3125,24.00,24.25,37100,20.94828
1997-11-04,24.75,24.75,24.1875,24.1875,37600,20.89429
1997-11-03,24.125,24.9375,24.125,24.875,41600,21.488184
1997-10-31,23.9375,24.125,23.75,24.0625,34000,20.786309
1997-10-30,24.8125,24.8125,23.625,23.8125,33200,20.570347
1997-10-29,24.5625,24.875,24.4375,24.75,24000,21.380203
1997-10-28,24.5625,24.625,24.125,24.4375,95000,21.110251
1997-10-27,25.1875,25.375,24.50,24.5625,57800,21.218232
1997-10-24,24.875,25.625,24.875,25.375,47900,21.920107
1997-10-23,25.4375,25.4375,24.75,24.8125,92600,21.434194
1997-10-22,25.5625,25.875,25.5625,25.875,12200,22.352031
1997-10-21,25.125,25.625,25.125,25.625,86500,22.136069
1997-10-20,25.3125,25.6875,25.00,25.00,108500,21.596165
1997-10-17,25.00,25.3125,24.8125,25.3125,61400,21.866117
1997-10-16,25.4375,25.625,25.125,25.125,34800,21.704146
1997-10-15,25.3125,25.4375,25.25,25.4375,13000,21.974098
1997-10-14,25.4375,25.4375,25.25,25.375,9000,21.920107
1997-10-13,25.25,25.50,25.25,25.50,30200,22.028088
1997-10-10,25.1875,25.3125,25.1875,25.25,9700,21.812127
1997-10-09,25.125,25.375,25.125,25.3125,20500,21.866117
1997-10-08,25.25,25.375,25.0625,25.25,46100,21.812127
1997-10-07,25.75,25.75,25.1875,25.1875,29000,21.758136
1997-10-06,25.50,25.9375,25.25,25.875,13600,22.352031
1997-10-03,25.6875,25.75,25.375,25.50,21000,22.028088
1997-10-02,25.6875,25.75,25.50,25.5625,19400,22.082079
1997-10-01,25.75,25.875,25.625,25.8125,41400,22.29804
1997-09-30,25.375,25.9375,25.375,25.6875,70500,22.19006
1997-09-29,25.50,25.50,25.0625,25.3125,76800,21.866117
1997-09-26,25.75,25.8125,25.50,25.625,6500,22.136069
1997-09-25,25.375,25.8125,25.375,25.75,38700,22.24405
1997-09-24,25.25,25.50,25.25,25.50,64400,22.028088
1997-09-23,26.1875,26.1875,25.00,25.25,46900,21.812127
1997-09-22,26.3125,26.5625,26.125,26.1875,92900,22.621983
1997-09-19,26.8125,26.8125,26.4375,26.4375,26800,22.837944
1997-09-18,26.0625,26.8125,26.0625,26.8125,29400,23.161887
1997-09-17,25.8125,26.125,25.8125,26.0625,48900,22.514002
1997-09-16,25.50,25.75,25.50,25.6875,30200,22.19006
1997-09-15,25.50,25.5625,25.4375,25.5625,10700,22.082079
1997-09-12,25.4375,25.625,25.25,25.625,22600,22.136069
1997-09-11,25.8125,25.8125,25.4375,25.5625,34300,21.978416
1997-09-10,26.25,26.3125,25.8125,25.8125,11100,22.193364
1997-09-09,25.6875,26.25,25.625,26.25,122200,22.569523
1997-09-08,25.75,25.9375,25.625,25.6875,30500,22.08589
1997-09-05,26.1875,26.3125,25.625,25.875,24900,22.247101
1997-09-04,25.8125,26.5625,25.6875,26.3125,53700,22.62326
1997-09-03,25.25,25.75,25.25,25.75,34600,22.139627
1997-09-02,25.00,25.25,25.00,25.1875,18400,21.655994
1997-08-29,24.9375,25.125,24.875,25.00,29500,21.494783
1997-08-28,24.75,25.125,24.6875,25.125,84600,21.602257
1997-08-27,24.625,24.875,24.5625,24.75,41300,21.279836
1997-08-26,24.375,24.6875,24.375,24.5625,26400,21.118625
1997-08-25,24.1875,24.75,24.1875,24.375,42900,20.957414
1997-08-22,24.50,24.6875,24.00,24.1875,65100,20.796203
1997-08-21,24.3125,24.625,24.25,24.625,27400,21.172362
1997-08-20,24.1875,24.5625,24.1875,24.4375,30400,21.011151
1997-08-19,24.125,24.1875,24.0625,24.0625,26600,20.688729
1997-08-18,24.00,24.25,23.875,24.125,45200,20.742466
1997-08-15,24.00,24.00,23.75,23.8125,154400,20.473781
1997-08-14,23.50,24.00,23.50,23.9375,56700,20.581255
1997-08-13,23.25,23.50,23.1875,23.50,30000,20.205096
1997-08-12,23.25,23.3125,23.125,23.1875,18900,19.936412
1997-08-11,23.00,23.25,23.00,23.125,7800,19.882675
1997-08-08,23.125,23.25,23.0625,23.125,28100,19.882675
1997-08-07,23.25,23.3125,23.125,23.25,26300,19.990149
1997-08-06,23.25,23.3125,23.125,23.25,126800,19.990149
1997-08-05,23.125,23.375,22.875,23.25,88000,19.990149
1997-08-04,22.8125,23.0625,22.75,23.0625,12300,19.828938
1997-08-01,22.8125,22.8125,22.50,22.6875,14500,19.506516
1997-07-31,22.5625,22.875,22.5625,22.8125,29200,19.61399
1997-07-30,22.375,22.625,22.375,22.5625,66700,19.399042
1997-07-29,22.50,22.50,22.25,22.3125,38800,19.184094
1997-07-28,22.125,22.5625,22.125,22.50,70500,19.345305
1997-07-25,22.4375,22.50,22.00,22.125,27200,19.022883
1997-07-24,22.50,22.50,22.00,22.3125,38500,19.184094
1997-07-23,22.375,22.6875,22.25,22.6875,12400,19.506516
1997-07-22,22.1875,22.25,22.0625,22.25,39000,19.130357
1997-07-21,22.875,22.875,22.1875,22.1875,28800,19.07662
1997-07-18,23.0625,23.0625,22.8125,23.00,17300,19.775201
1997-07-17,22.875,23.1875,22.75,23.0625,52300,19.828938
1997-07-16,23.00,23.125,22.75,22.875,87300,19.667727
1997-07-15,23.50,23.50,23.00,23.00,23100,19.775201
1997-07-14,23.50,23.8125,23.50,23.50,27900,20.205096
1997-07-11,23.375,23.50,23.375,23.50,43000,20.205096
1997-07-10,22.25,23.375,22.25,23.375,37100,20.097623
1997-07-09,21.75,22.25,21.6875,22.25,85000,19.130357
1997-07-08,21.75,22.00,21.50,21.75,16000,18.700462
1997-07-07,21.50,21.75,21.50,21.75,12900,18.700462
1997-07-03,21.5625,21.625,21.5625,21.625,2600,18.592988
1997-07-02,21.375,21.875,21.375,21.5625,17200,18.539251
1997-07-01,21.00,21.50,20.9375,21.50,56900,18.485514
1997-06-30,20.875,20.9375,20.75,20.9375,58600,18.001881
1997-06-27,20.75,21.00,20.75,20.8125,35000,17.894407
1997-06-26,21.00,21.125,20.8125,20.875,72400,17.948144
1997-06-25,21.625,21.625,20.75,20.9375,24900,18.001881
1997-06-24,21.625,21.6875,21.50,21.625,54300,18.592988
1997-06-23,21.625,21.75,21.625,21.625,24500,18.592988
1997-06-20,21.25,21.75,21.25,21.625,83800,18.592988
1997-06-19,22.00,22.00,21.50,21.75,19600,18.700462
1997-06-18,22.00,22.00,21.875,21.875,22000,18.807936
1997-06-17,22.00,22.00,21.75,22.00,11800,18.915409
1997-06-16,22.00,22.25,21.875,22.00,22500,18.915409
1997-06-13,22.00,22.25,22.00,22.125,63900,19.022883
1997-06-12,21.875,22.125,21.5625,22.00,37000,18.915409
1997-06-11,22.00,22.125,22.00,22.00,20500,18.820833
1997-06-10,21.50,21.875,21.375,21.875,22400,18.713897
1997-06-09,21.75,21.75,21.25,21.375,31500,18.28615
1997-06-06,21.625,21.875,21.625,21.75,11200,18.60696
1997-06-05,22.00,22.00,21.75,21.75,8900,18.60696
1997-06-04,22.00,22.25,22.00,22.00,21500,18.820833
1997-06-03,21.75,22.00,21.625,22.00,20100,18.820833
1997-06-02,21.25,21.75,21.25,21.625,23700,18.500023
1997-05-30,21.25,21.50,21.125,21.25,7100,18.179214
1997-05-29,22.00,22.00,21.25,21.25,45300,18.179214
1997-05-28,22.00,22.125,21.75,21.875,45300,18.713897
1997-05-27,21.25,22.125,21.25,22.00,55300,18.820833
1997-05-23,21.00,21.50,21.00,21.50,28500,18.393087
1997-05-22,20.875,21.00,20.75,20.875,12000,17.858404
1997-05-21,20.375,20.875,20.375,20.875,21700,17.858404
1997-05-20,20.25,20.375,20.25,20.25,2400,17.323721
1997-05-19,20.25,20.50,20.125,20.375,17400,17.430658
1997-05-16,20.375,20.50,20.00,20.125,39200,17.216785
1997-05-15,20.50,20.50,20.125,20.25,8000,17.323721
1997-05-14,20.00,20.50,20.00,20.50,20000,17.537594
1997-05-13,20.00,20.00,19.75,20.00,24100,17.109848
1997-05-12,19.75,20.00,19.75,20.00,13600,17.109848
1997-05-09,19.75,19.75,19.625,19.625,16400,16.789039
1997-05-08,20.00,20.125,19.50,19.625,27400,16.789039
1997-05-07,20.50,20.50,20.00,20.125,31500,17.216785
1997-05-06,19.875,20.625,19.875,20.50,64700,17.537594
1997-05-05,19.50,19.875,19.50,19.875,45100,17.002912
1997-05-02,19.125,19.50,19.00,19.375,16400,16.575166
1997-05-01,19.25,19.375,19.00,19.00,57200,16.254356
1997-04-30,18.625,19.00,18.625,19.00,25000,16.254356
1997-04-29,18.125,18.50,18.125,18.50,39000,15.82661
1997-04-28,18.00,18.25,18.00,18.25,24500,15.612737
1997-04-25,18.375,18.375,17.75,17.75,15200,15.18499
1997-04-24,18.50,18.50,18.25,18.375,12100,15.719673
1997-04-23,18.25,18.625,18.25,18.50,7500,15.82661
1997-04-22,18.375,18.50,18.00,18.25,11900,15.612737
1997-04-21,18.375,18.375,18.3125,18.3125,2900,15.666205
1997-04-18,18.625,18.75,18.375,18.50,8700,15.82661
1997-04-17,18.50,18.625,18.375,18.375,23900,15.719673
1997-04-16,18.125,18.375,18.125,18.375,2500,15.719673
1997-04-15,17.875,18.25,17.875,18.25,12200,15.612737
1997-04-14,18.25,18.25,17.625,17.75,20200,15.18499
1997-04-11,18.00,18.25,18.00,18.25,9700,15.612737
1997-04-10,18.00,18.125,18.00,18.00,16400,15.398863
1997-04-09,18.25,18.50,18.00,18.00,34900,15.398863
1997-04-08,18.125,18.375,18.125,18.25,8700,15.612737
1997-04-07,18.00,18.00,18.00,18.00,28900,15.398863
1997-04-04,17.875,17.875,17.75,17.875,6900,15.291927
1997-04-03,18.125,18.125,17.875,17.875,6700,15.291927
1997-04-02,18.50,18.50,18.125,18.125,12900,15.5058
1997-04-01,18.25,18.625,18.25,18.625,20100,15.933546
1997-03-31,18.875,18.875,18.125,18.125,47500,15.5058
1997-03-27,19.25,19.25,19.00,19.125,51400,16.361292
1997-03-26,19.25,19.375,18.875,19.125,53700,16.361292
1997-03-25,19.00,19.25,19.00,19.25,55100,16.468229
1997-03-24,19.00,19.25,18.875,19.25,75900,16.468229
1997-03-21,19.25,19.50,19.125,19.125,26300,16.361292
1997-03-20,18.75,19.25,18.75,19.125,32300,16.361292
1997-03-19,18.125,18.75,18.125,18.75,43400,16.040483
1997-03-18,17.75,18.125,17.75,18.00,71000,15.398863
1997-03-17,17.75,18.00,17.75,17.875,46400,15.291927
1997-03-14,17.625,17.875,17.50,17.875,17800,15.291927
1997-03-13,18.00,18.00,17.75,17.75,6700,15.18499
1997-03-12,18.00,18.125,17.75,18.125,25600,15.411695
1997-03-11,17.625,18.25,17.625,18.00,48700,15.305408
1997-03-10,17.375,17.75,17.375,17.625,26800,14.986545
1997-03-07,17.125,17.375,17.125,17.375,55600,14.77397
1997-03-06,17.375,17.375,16.625,17.25,113700,14.667682
1997-03-05,18.00,18.00,17.375,17.375,33700,14.77397
1997-03-04,18.00,18.00,17.875,18.00,27100,15.305408
1997-03-03,17.75,17.875,17.75,17.875,47800,15.19912
1997-02-28,17.75,17.75,17.50,17.625,9000,14.986545
1997-02-27,17.625,17.875,17.625,17.875,27100,15.19912
1997-02-26,17.75,17.75,17.50,17.50,7800,14.880258
1997-02-25,17.75,17.875,17.625,17.625,47800,14.986545
1997-02-24,17.625,17.75,17.625,17.75,69100,15.092833
1997-02-21,17.375,17.50,17.375,17.50,26600,14.880258
1997-02-20,17.50,17.50,17.50,17.50,27600,14.880258
1997-02-19,18.00,18.00,17.50,17.625,68600,14.986545
1997-02-18,18.00,18.00,17.75,17.875,22300,15.19912
1997-02-14,17.875,18.00,17.875,18.00,13900,15.305408
1997-02-13,18.00,18.125,17.875,17.875,41000,15.19912
1997-02-12,18.00,18.125,17.875,18.00,7600,15.305408
1997-02-11,17.875,18.00,17.875,18.00,21700,15.305408
1997-02-10,18.00,18.00,17.875,18.00,10300,15.305408
1997-02-07,17.75,18.125,17.75,18.125,8600,15.411695
1997-02-06,18.00,18.125,17.875,17.875,15100,15.19912
1997-02-05,18.125,18.25,18.00,18.00,25300,15.305408
1997-02-04,18.125,18.25,18.00,18.125,38800,15.411695
1997-02-03,18.125,18.25,18.00,18.125,22500,15.411695
1997-01-31,18.00,18.125,17.875,18.125,70300,15.411695
1997-01-30,18.125,18.25,18.00,18.125,73100,15.411695
1997-01-29,17.875,18.125,17.75,18.00,33700,15.305408
1997-01-28,17.75,17.875,17.625,17.75,38800,15.092833
1997-01-27,17.375,18.125,17.25,17.50,55000,14.880258
1997-01-24,17.625,17.625,17.50,17.50,31600,14.880258
1997-01-23,17.625,17.75,17.625,17.625,36500,14.986545
1997-01-22,18.125,18.125,17.625,17.625,13500,14.986545
1997-01-21,17.875,18.25,17.875,18.125,12700,15.411695
1997-01-20,18.25,18.25,18.00,18.125,8400,15.411695
1997-01-17,18.00,18.375,18.00,18.375,49300,15.62427
1997-01-16,18.00,18.25,18.00,18.00,24300,15.305408
1997-01-15,17.625,18.00,17.625,18.00,49100,15.305408
1997-01-14,17.375,17.75,17.375,17.625,13100,14.986545
1997-01-13,18.25,18.25,17.375,17.375,20100,14.77397
1997-01-10,17.375,18.25,17.25,18.00,56600,15.305408
1997-01-09,17.50,17.625,17.375,17.50,28200,14.880258
1997-01-08,17.375,17.625,17.25,17.375,26800,14.77397
1997-01-07,16.875,17.50,16.625,17.25,27900,14.667682
1997-01-06,16.375,16.875,16.375,16.75,20700,14.242532
1997-01-03,16.375,16.50,16.125,16.50,36500,14.029957
1997-01-02,16.375,16.50,16.25,16.25,16100,13.817382
1996-12-31,16.25,16.375,16.125,16.375,28600,13.92367
1996-12-30,16.50,16.50,16.125,16.25,21100,13.817382
1996-12-27,16.50,16.50,16.25,16.50,24700,14.029957
1996-12-26,16.375,16.625,16.375,16.50,10000,14.029957
1996-12-24,16.375,16.50,16.375,16.375,11900,13.92367
1996-12-23,16.625,16.75,16.375,16.50,30700,14.029957
1996-12-20,16.25,16.75,16.125,16.75,99700,14.242532
1996-12-19,16.50,16.50,16.25,16.375,75800,13.92367
1996-12-18,16.375,16.625,16.375,16.50,31000,14.029957
1996-12-17,16.50,16.625,16.375,16.375,10400,13.830137
1996-12-16,16.50,16.75,16.375,16.375,17500,13.830137
1996-12-13,16.50,16.75,16.375,16.50,36200,13.935711
1996-12-12,16.875,17.125,16.50,16.50,34100,13.935711
1996-12-11,16.50,16.625,16.50,16.50,23800,13.935711
1996-12-10,16.50,16.75,16.50,16.625,54900,14.041284
1996-12-09,16.25,16.625,16.25,16.50,56200,13.935711
1996-12-06,16.50,16.50,16.25,16.25,26100,13.724563
1996-12-05,16.75,16.875,16.375,16.875,32200,14.252431
1996-12-04,16.875,17.00,16.875,16.875,43500,14.252431
1996-12-03,16.75,16.75,16.50,16.75,64400,14.146858
1996-12-02,16.75,16.75,16.50,16.75,33700,14.146858
1996-11-29,16.875,16.875,16.75,16.75,4700,14.146858
1996-11-27,17.375,17.375,16.75,16.875,31500,14.252431
1996-11-26,17.75,17.875,17.50,17.50,9000,14.780299
1996-11-25,17.9375,18.00,17.625,17.75,102600,14.991446
1996-11-22,17.875,17.875,17.625,17.875,28000,15.09702
1996-11-21,17.875,17.875,17.75,17.75,18700,14.991446
1996-11-20,17.75,17.875,17.625,17.75,23300,14.991446
1996-11-19,17.875,18.00,17.75,17.75,6700,14.991446
1996-11-18,18.00,18.00,17.875,17.875,11800,15.09702
1996-11-15,17.75,18.125,17.75,18.00,50000,15.202593
1996-11-14,18.00,18.00,17.875,17.875,10000,15.09702
1996-11-13,17.625,17.75,17.625,17.75,14700,14.991446
1996-11-12,17.00,17.75,16.875,17.625,18100,14.885873
1996-11-11,17.00,17.125,16.875,17.00,6300,14.358005
1996-11-08,17.25,17.375,16.625,17.125,30000,14.463578
1996-11-07,17.875,17.875,17.125,17.25,22300,14.569152
1996-11-06,17.875,17.875,17.875,17.875,1400,15.09702
1996-11-05,18.25,18.375,17.875,17.875,7400,15.09702
1996-11-04,18.625,18.75,18.125,18.125,101100,15.308167
1996-11-01,18.875,18.875,18.75,18.875,16500,15.941608
1996-10-31,19.00,19.00,18.75,18.875,2400,15.941608
1996-10-30,19.125,19.125,19.00,19.00,27700,16.047182
1996-10-29,19.125,19.25,18.875,19.00,70500,16.047182
1996-10-28,18.75,19.00,18.75,19.00,37300,16.047182
1996-10-25,18.50,18.875,18.50,18.875,29600,15.941608
1996-10-24,18.50,18.75,18.50,18.625,45200,15.730461
1996-10-23,18.50,18.625,18.375,18.50,32400,15.624888
1996-10-22,18.875,19.00,18.50,18.50,32800,15.624888
1996-10-21,19.25,19.50,19.125,19.50,9400,16.469476
1996-10-18,19.25,19.25,19.125,19.25,6600,16.258329
1996-10-17,19.25,19.375,19.25,19.25,8000,16.258329
1996-10-16,19.25,19.375,19.25,19.25,85600,16.258329
1996-10-15,19.125,19.375,19.125,19.125,8700,16.152755
1996-10-14,18.875,19.00,18.875,19.00,7800,16.047182
1996-10-11,19.00,19.125,19.00,19.00,11400,16.047182
1996-10-10,19.00,19.125,19.00,19.00,7900,16.047182
1996-10-09,19.00,19.125,18.875,19.00,22600,16.047182
1996-10-08,19.25,19.25,18.875,19.00,43600,16.047182
1996-10-07,19.50,19.50,19.25,19.375,23400,16.363903
1996-10-04,19.25,19.375,19.125,19.25,49100,16.258329
1996-10-03,19.25,19.50,19.125,19.25,43300,16.258329
1996-10-02,18.875,19.25,18.875,19.25,80000,16.258329
1996-10-01,19.125,19.125,18.875,18.875,17500,15.941608
1996-09-30,19.125,19.25,18.75,19.25,43200,16.258329
1996-09-27,18.75,19.00,18.75,19.00,12200,16.047182
1996-09-26,18.50,19.00,18.50,18.875,42500,15.941608
1996-09-25,18.50,18.75,18.375,18.50,99900,15.624888
1996-09-24,18.75,18.75,18.50,18.50,63400,15.624888
1996-09-23,18.875,18.875,18.75,18.75,15000,15.836035
1996-09-20,18.625,19.00,18.625,19.00,64900,16.047182
1996-09-19,19.00,19.00,18.75,18.75,7000,15.836035
1996-09-18,19.375,19.375,19.00,19.00,32400,16.047182
1996-09-17,19.125,19.50,19.00,19.50,30500,16.469476
1996-09-16,18.875,19.00,18.75,19.00,30400,16.047182
1996-09-13,19.125,19.125,18.75,18.875,19000,15.941608
1996-09-12,19.125,19.25,19.00,19.00,36500,16.047182
1996-09-11,19.50,19.50,19.00,19.125,40100,16.152755
1996-09-10,19.00,19.625,19.00,19.625,35000,16.482144
1996-09-09,19.50,19.625,19.00,19.00,13900,15.957235
1996-09-06,19.50,19.625,19.50,19.625,40900,16.482144
1996-09-05,19.25,19.875,19.25,19.625,38800,16.482144
1996-09-04,19.00,19.25,19.00,19.25,54100,16.167199
1996-09-03,19.00,19.125,18.875,19.00,60300,15.957235
1996-08-30,19.00,19.00,19.00,19.00,1900,15.957235
1996-08-29,19.125,19.125,19.00,19.00,2900,15.957235
1996-08-28,19.125,19.125,19.125,19.125,8000,16.062217
1996-08-27,18.625,19.125,18.50,19.125,75700,16.062217
1996-08-26,18.625,19.125,18.375,18.625,139800,15.64229
1996-08-23,20.375,20.375,20.25,20.375,75800,17.112035
1996-08-22,20.25,20.50,20.00,20.50,40600,17.217017
1996-08-21,20.25,20.25,20.125,20.125,59000,16.902071
1996-08-20,20.00,20.125,19.875,20.00,12600,16.79709
1996-08-19,20.25,20.375,19.875,20.00,40900,16.79709
1996-08-16,19.125,19.75,19.125,19.75,56600,16.587126
1996-08-15,19.00,19.125,18.875,19.125,17500,16.062217
1996-08-14,18.875,19.00,18.875,19.00,24300,15.957235
1996-08-13,18.875,18.875,18.875,18.875,5600,15.852253
1996-08-12,18.75,19.00,18.75,18.875,13000,15.852253
1996-08-09,18.75,19.00,18.75,18.75,19700,15.747271
1996-08-08,19.00,19.00,18.75,18.75,17000,15.747271
1996-08-07,19.125,19.25,19.125,19.125,28600,16.062217
1996-08-06,19.00,19.25,18.875,19.25,91100,16.167199
1996-08-05,18.625,19.125,18.625,19.125,19000,16.062217
1996-08-02,18.625,18.75,18.50,18.75,47600,15.747271
1996-08-01,18.50,18.625,18.50,18.625,10100,15.64229
1996-07-31,18.50,18.625,18.50,18.625,35600,15.64229
1996-07-30,18.625,18.625,18.50,18.625,30700,15.64229
1996-07-29,18.50,18.625,18.50,18.50,17700,15.537308
1996-07-26,18.50,18.625,18.50,18.50,29600,15.537308
1996-07-25,18.50,18.50,18.50,18.50,12300,15.537308
1996-07-24,18.50,18.625,18.375,18.50,32200,15.537308
1996-07-23,18.75,19.00,18.625,18.625,29200,15.64229
1996-07-22,18.125,18.25,17.875,18.00,40700,15.117381
1996-07-19,18.625,18.625,17.875,18.375,36300,15.432326
1996-07-18,18.125,18.375,18.125,18.25,36200,15.327344
1996-07-17,18.00,18.25,18.00,18.125,11200,15.222362
1996-07-16,18.50,18.50,18.00,18.125,20900,15.222362
1996-07-15,19.125,19.125,18.75,18.75,20400,15.747271
1996-07-12,19.25,19.25,19.125,19.25,4000,16.167199
1996-07-11,19.125,19.25,19.00,19.00,10300,15.957235
1996-07-10,19.00,19.125,19.00,19.00,26200,15.957235
1996-07-09,19.00,19.25,18.875,19.125,40000,16.062217
1996-07-08,19.00,19.25,18.875,19.00,12700,15.957235
1996-07-05,18.875,19.00,18.875,19.00,5100,15.957235
1996-07-03,18.875,19.00,18.875,18.875,6100,15.852253
1996-07-02,19.00,19.125,18.875,18.875,71300,15.852253
1996-07-01,18.875,19.00,18.75,19.00,26800,15.957235
1996-06-28,18.875,19.125,18.75,19.00,133900,15.957235
1996-06-27,19.375,19.375,18.75,18.75,47600,15.747271
1996-06-26,18.75,19.375,18.50,19.375,208400,16.272181
1996-06-25,18.75,18.75,18.50,18.625,70900,15.64229
1996-06-24,18.625,18.75,18.375,18.75,73000,15.747271
1996-06-21,18.625,18.75,18.625,18.625,21500,15.64229
1996-06-20,18.375,18.625,18.375,18.625,32700,15.64229
1996-06-19,18.375,18.625,18.375,18.50,14100,15.537308
1996-06-18,18.25,18.50,18.125,18.375,29800,15.432326
1996-06-17,18.375,18.375,18.25,18.375,16000,15.432326
1996-06-14,18.50,18.625,18.375,18.375,12400,15.432326
1996-06-13,18.625,18.75,18.50,18.625,9000,15.64229
1996-06-12,18.625,18.75,18.625,18.625,4600,15.64229
1996-06-11,18.50,18.75,18.50,18.75,76100,15.663287
1996-06-10,18.875,18.875,18.625,18.625,116300,15.558865
1996-06-07,18.75,19.00,18.625,18.875,30800,15.767709
1996-06-06,18.875,19.00,18.75,18.875,56200,15.767709
1996-06-05,18.875,18.875,18.75,18.75,19700,15.663287
1996-06-04,18.875,18.875,18.625,18.875,18800,15.767709
1996-06-03,18.75,18.875,18.75,18.875,5100,15.767709
1996-05-31,18.875,18.875,18.625,18.75,15300,15.663287
1996-05-30,18.625,19.00,18.625,19.00,14200,15.872131
1996-05-29,18.625,18.75,18.625,18.625,43800,15.558865
1996-05-28,18.625,18.875,18.50,18.625,61900,15.558865
1996-05-24,19.00,19.00,18.625,18.75,7500,15.663287
1996-05-23,19.25,19.25,18.875,18.875,8200,15.767709
1996-05-22,19.00,19.25,18.875,19.125,15200,15.976553
1996-05-21,19.00,19.00,18.875,18.875,18400,15.767709
1996-05-20,19.00,19.00,18.75,19.00,18000,15.872131
1996-05-17,18.75,19.00,18.625,19.00,19900,15.872131
1996-05-16,18.75,18.75,18.625,18.75,15000,15.663287
1996-05-15,18.875,18.875,18.75,18.875,16000,15.767709
1996-05-14,18.50,18.875,18.375,18.875,31800,15.767709
1996-05-13,18.75,18.75,18.50,18.50,6900,15.454443
1996-05-10,18.50,18.75,18.50,18.75,7900,15.663287
1996-05-09,18.625,18.625,18.25,18.50,24800,15.454443
1996-05-08,18.625,18.875,18.375,18.75,34100,15.663287
1996-05-07,18.875,18.875,18.625,18.75,10300,15.663287
1996-05-06,18.75,19.00,18.375,18.75,7900,15.663287
1996-05-03,18.625,18.75,18.50,18.75,37200,15.663287
1996-05-02,18.50,18.50,18.25,18.375,15000,15.350021
1996-05-01,18.75,18.75,18.50,18.625,32700,15.558865
1996-04-30,18.50,18.75,18.25,18.75,79200,15.663287
1996-04-29,18.375,18.50,18.25,18.50,41700,15.454443
1996-04-26,17.75,19.00,17.75,18.375,45600,15.350021
1996-04-25,17.625,17.625,17.375,17.375,9500,14.514646
1996-04-24,17.75,17.75,17.50,17.625,3200,14.72349
1996-04-23,17.875,18.125,17.75,17.75,22300,14.827912
1996-04-22,17.75,17.75,17.625,17.625,2400,14.72349
1996-04-19,17.375,17.75,17.375,17.75,28700,14.827912
1996-04-18,17.625,17.625,17.50,17.50,13100,14.619068
1996-04-17,17.625,17.625,17.50,17.625,7600,14.72349
1996-04-16,17.625,17.625,17.50,17.625,21700,14.72349
1996-04-15,17.75,17.875,17.625,17.625,10700,14.72349
1996-04-12,17.50,17.75,17.50,17.75,9600,14.827912
1996-04-11,17.625,17.75,17.50,17.50,29000,14.619068
1996-04-10,17.875,17.875,17.625,17.75,8700,14.827912
1996-04-09,17.50,17.875,17.50,17.625,22200,14.72349
1996-04-08,17.75,17.75,17.25,17.375,15700,14.514646
1996-04-04,17.75,18.00,17.625,17.875,30700,14.932334
1996-04-03,17.875,17.875,17.75,17.875,10900,14.932334
1996-04-02,18.25,18.25,17.875,17.875,16600,14.932334
1996-04-01,17.875,18.125,17.875,18.125,63300,15.141177
1996-03-29,18.25,18.25,17.875,17.875,39800,14.932334
1996-03-28,18.375,18.50,18.125,18.125,19000,15.141177
1996-03-27,18.125,18.50,18.125,18.25,19700,15.245599
1996-03-26,18.125,18.25,18.00,18.125,3300,15.141177
1996-03-25,18.25,18.25,18.125,18.125,8100,15.141177
1996-03-22,18.125,18.25,18.00,18.00,1100,15.036756
1996-03-21,18.00,18.25,18.00,18.125,4700,15.141177
1996-03-20,18.00,18.125,17.875,18.00,14400,15.036756
1996-03-19,18.25,18.375,18.00,18.125,17600,15.141177
1996-03-18,18.00,18.25,18.00,18.25,1600,15.245599
1996-03-15,18.75,18.75,17.875,18.00,35100,15.036756
1996-03-14,18.25,19.125,18.25,19.00,15700,15.872131
1996-03-13,18.375,18.375,18.25,18.375,14500,15.266483
1996-03-12,18.50,18.50,18.25,18.375,8300,15.266483
1996-03-11,18.125,18.625,18.125,18.625,4500,15.474191
1996-03-08,18.125,18.375,17.875,18.25,45700,15.16263
1996-03-07,18.50,18.625,17.875,18.00,56500,14.954922
1996-03-06,19.00,19.125,18.375,18.625,53200,15.474191
1996-03-05,19.75,19.75,19.25,19.25,21900,15.993459
1996-03-04,19.375,19.75,19.375,19.75,17400,16.408873
1996-03-01,19.375,19.375,19.125,19.125,12900,15.889605
1996-02-29,19.25,19.50,19.25,19.50,35400,16.201166
1996-02-28,19.375,19.50,19.25,19.375,17000,16.097312
1996-02-27,19.375,19.50,19.25,19.375,15700,16.097312
1996-02-26,19.25,19.50,19.125,19.50,21800,16.201166
1996-02-23,19.375,19.625,19.00,19.25,31600,15.993459
1996-02-22,19.75,19.75,19.375,19.50,8700,16.201166
1996-02-21,19.25,19.875,19.25,19.625,40700,16.30502
1996-02-20,19.375,19.375,19.25,19.375,27700,16.097312
1996-02-16,18.875,19.375,18.875,19.375,73800,16.097312
1996-02-15,19.00,19.125,18.75,18.75,9800,15.578044
1996-02-14,18.75,19.00,18.75,19.00,68900,15.785751
1996-02-13,18.875,18.875,18.75,18.75,31100,15.578044
1996-02-12,18.875,19.00,18.75,18.75,13100,15.578044
1996-02-09,18.75,19.00,18.75,19.00,16100,15.785751
1996-02-08,19.00,19.125,18.75,18.75,38500,15.578044
1996-02-07,19.00,19.125,18.875,19.00,6100,15.785751
1996-02-06,19.00,19.25,19.00,19.125,29500,15.889605
1996-02-05,19.125,19.125,18.875,19.00,16000,15.785751
1996-02-02,18.625,19.125,18.625,18.875,120600,15.681898
1996-02-01,18.125,18.75,18.125,18.625,59300,15.474191
1996-01-31,18.25,18.25,18.125,18.125,9900,15.058776
1996-01-30,18.375,18.375,18.125,18.25,54100,15.16263
1996-01-29,18.00,18.25,18.00,18.25,132200,15.16263
1996-01-26,18.375,18.50,18.125,18.125,88200,15.058776
1996-01-25,18.00,18.50,18.00,18.25,64500,15.16263
1996-01-24,17.875,18.00,17.875,18.00,39900,14.954922
1996-01-23,17.875,18.125,17.8125,17.875,38800,14.851069
1996-01-22,17.75,17.875,17.75,17.75,6200,14.747215
1996-01-19,17.875,17.875,17.625,17.75,9400,14.747215
1996-01-18,17.75,17.875,17.625,17.875,6800,14.851069
1996-01-17,17.75,17.875,17.625,17.875,18600,14.851069
1996-01-16,17.875,18.00,17.75,17.75,17400,14.747215
1996-01-15,17.875,18.125,17.875,18.00,16800,14.954922
1996-01-12,18.00,18.00,17.875,17.875,13000,14.851069
1996-01-11,17.625,18.00,17.625,18.00,29200,14.954922
1996-01-10,18.00,18.00,17.50,17.50,18200,14.539508
1996-01-09,18.25,18.75,18.125,18.125,36800,15.058776
1996-01-08,17.50,18.125,17.50,18.00,12400,14.954922
1996-01-05,17.25,17.50,17.25,17.50,5400,14.539508
1996-01-04,17.25,17.50,17.25,17.25,7000,14.331801
1996-01-03,17.125,17.50,17.125,17.25,12000,14.331801
1996-01-02,17.125,17.25,17.00,17.25,36000,14.331801
1995-12-29,17.125,17.25,17.125,17.25,6400,14.331801
1995-12-28,17.125,17.25,17.125,17.125,31600,14.227947
1995-12-27,17.00,17.25,17.00,17.125,10300,14.227947
1995-12-26,17.25,17.50,17.00,17.00,9500,14.124093
1995-12-22,17.375,17.375,17.25,17.25,3700,14.331801
1995-12-21,17.125,17.375,17.125,17.375,100800,14.435654
1995-12-20,17.375,17.375,17.125,17.125,18100,14.227947
1995-12-19,16.875,17.375,16.875,17.25,36400,14.331801
1995-12-18,17.25,17.25,17.00,17.00,17900,14.124093
1995-12-15,17.125,17.375,17.00,17.375,44700,14.435654
1995-12-14,17.25,17.375,17.125,17.25,7600,14.331801
1995-12-13,16.75,17.25,16.75,17.125,16200,14.227947
1995-12-12,16.375,16.875,16.375,16.875,30500,13.937156
1995-12-11,16.125,16.50,16.125,16.375,27700,13.524204
1995-12-08,16.875,16.875,16.00,16.00,373500,13.214489
1995-12-07,17.50,17.50,17.00,17.00,15500,14.040395
1995-12-06,17.625,17.875,17.50,17.50,17100,14.453347
1995-12-05,17.875,17.875,17.50,17.50,18200,14.453347
1995-12-04,17.50,17.75,17.50,17.625,4700,14.556586
1995-12-01,17.50,17.625,17.375,17.625,8500,14.556586
1995-11-30,17.75,17.75,17.375,17.50,3600,14.453347
1995-11-29,17.625,17.75,17.375,17.75,17500,14.659824
1995-11-28,17.875,18.00,17.625,17.625,7100,14.556586
1995-11-27,18.125,18.125,17.875,18.00,4200,14.8663
1995-11-24,18.25,18.375,18.125,18.25,7600,15.072776
1995-11-22,18.00,18.375,18.00,18.25,13700,15.072776
1995-11-21,17.75,18.00,17.75,18.00,14900,14.8663
1995-11-20,17.75,18.00,17.75,18.00,22300,14.8663
1995-11-17,17.75,17.875,17.75,17.875,10700,14.763062
1995-11-16,17.875,17.875,17.75,17.75,23800,14.659824
1995-11-15,17.875,18.125,17.875,17.875,9500,14.763062
1995-11-14,17.75,18.00,17.75,18.00,71200,14.8663
1995-11-13,17.875,17.875,17.75,17.75,10700,14.659824
1995-11-10,18.00,18.00,17.75,17.875,6200,14.763062
1995-11-09,17.50,18.00,17.50,17.875,62800,14.763062
1995-11-08,17.50,17.625,17.50,17.50,8700,14.453347
1995-11-07,17.50,17.50,17.375,17.50,15600,14.453347
1995-11-06,17.75,17.75,17.50,17.50,10900,14.453347
1995-11-03,17.625,17.875,17.625,17.875,8300,14.763062
1995-11-02,17.125,17.875,17.125,17.625,37000,14.556586
1995-11-01,16.75,17.125,16.75,17.125,15900,14.143633
1995-10-31,17.00,17.00,16.625,16.75,10600,13.833918
1995-10-30,16.375,17.25,16.375,17.125,21400,14.143633
1995-10-27,16.50,16.625,16.375,16.375,8300,13.524204
1995-10-26,16.875,16.875,16.50,16.50,5900,13.627442
1995-10-25,16.625,16.75,16.625,16.75,14400,13.833918
1995-10-24,16.75,16.75,16.625,16.75,14600,13.833918
1995-10-23,16.875,16.875,16.50,16.75,18700,13.833918
1995-10-20,17.00,17.00,16.75,16.875,10100,13.937156
1995-10-19,16.875,17.00,16.875,17.00,9400,14.040395
1995-10-18,16.875,16.875,16.75,16.75,40300,13.833918
1995-10-17,17.00,17.00,16.75,16.875,24600,13.937156
1995-10-16,17.25,17.25,16.875,17.00,20000,14.040395
1995-10-13,17.625,17.625,17.25,17.25,48400,14.246871
1995-10-12,17.375,17.375,17.25,17.375,11200,14.350109
1995-10-11,17.50,17.50,17.375,17.375,24100,14.350109
1995-10-10,17.375,17.50,17.25,17.50,22200,14.453347
1995-10-09,18.00,18.00,17.375,17.50,22400,14.453347
1995-10-06,17.875,18.25,17.875,18.00,28700,14.8663
1995-10-05,18.125,18.125,17.875,17.875,23100,14.763062
1995-10-04,18.375,18.375,18.125,18.125,3800,14.969538
1995-10-03,18.375,18.375,18.25,18.375,10700,15.176015
1995-10-02,18.50,18.625,18.25,18.375,18500,15.176015
1995-09-29,18.75,18.75,18.50,18.50,86400,15.279253
1995-09-28,18.875,18.875,18.75,18.875,4400,15.588967
1995-09-27,18.875,18.875,18.75,18.875,23200,15.588967
1995-09-26,18.75,18.875,18.625,18.875,21400,15.588967
1995-09-25,19.00,19.125,18.75,18.75,40400,15.485729
1995-09-22,18.625,18.875,18.625,18.875,14400,15.588967
1995-09-21,18.375,18.75,18.375,18.625,71400,15.382491
1995-09-20,18.50,18.625,18.375,18.50,26200,15.279253
1995-09-19,18.75,18.75,18.50,18.50,148800,15.279253
1995-09-18,19.00,19.00,18.75,18.75,160600,15.485729
1995-09-15,19.375,19.50,18.75,19.00,53300,15.692206
1995-09-14,19.50,19.625,19.375,19.375,20600,16.00192
1995-09-13,19.375,19.625,19.25,19.50,25500,16.105158
1995-09-12,19.625,19.625,19.25,19.50,39500,16.022568
1995-09-11,20.00,20.125,19.625,19.625,34300,16.125277
1995-09-08,20.25,20.25,20.00,20.00,10400,16.433403
1995-09-07,20.875,20.875,20.125,20.125,13000,16.536112
1995-09-06,21.25,21.375,20.75,20.75,5600,17.049656
1995-09-05,20.50,21.125,20.50,21.125,16800,17.357782
1995-09-01,20.50,20.625,20.25,20.625,9000,16.946947
1995-08-31,20.75,20.75,20.25,20.50,11200,16.844239
1995-08-30,20.625,21.00,20.50,21.00,7400,17.255074
1995-08-29,21.00,21.125,20.75,20.75,13900,17.049656
1995-08-28,20.875,21.375,20.875,21.125,10200,17.357782
1995-08-25,22.00,22.00,20.00,21.00,59800,17.255074
1995-08-24,22.75,22.75,22.25,22.25,5600,18.282161
1995-08-23,23.25,23.25,22.75,22.75,16300,18.692996
1995-08-22,23.00,23.00,22.625,23.00,8200,18.898414
1995-08-21,22.625,23.125,22.625,22.75,12200,18.692996
1995-08-18,22.375,23.50,22.375,22.50,26300,18.487579
1995-08-17,21.50,22.50,21.50,22.50,8400,18.487579
1995-08-16,21.25,21.75,21.25,21.375,14900,17.5632
1995-08-15,21.625,21.875,21.50,21.50,21000,17.665909
1995-08-14,22.125,22.25,21.625,21.625,20800,17.768618
1995-08-11,21.50,22.125,21.50,22.125,36700,18.179453
1995-08-10,21.125,21.50,21.125,21.50,20500,17.665909
1995-08-09,20.75,21.125,20.50,21.125,22300,17.357782
1995-08-08,20.75,20.875,20.625,20.75,26100,17.049656
1995-08-07,21.25,21.25,20.75,20.75,19100,17.049656
1995-08-04,21.50,21.50,21.25,21.25,49400,17.460491
1995-08-03,21.625,21.875,21.50,21.75,6800,17.871326
1995-08-02,21.75,21.875,21.50,21.75,12500,17.871326
1995-08-01,22.00,22.00,21.75,21.75,6200,17.871326
1995-07-31,22.00,22.25,22.00,22.125,8000,18.179453
1995-07-28,22.50,22.50,22.00,22.125,19100,18.179453
1995-07-27,23.00,23.00,22.50,22.50,39100,18.487579
1995-07-26,22.75,23.00,22.75,23.00,5700,18.898414
1995-07-25,22.875,22.875,22.75,22.75,9700,18.692996
1995-07-24,23.125,23.25,22.75,22.875,27000,18.795705
1995-07-21,22.625,23.125,22.625,23.125,30700,19.001123
1995-07-20,22.25,22.75,22.25,22.75,7000,18.692996
1995-07-19,22.875,22.875,22.00,22.25,20200,18.282161
1995-07-18,22.625,23.00,22.50,23.00,15300,18.898414
1995-07-17,23.25,23.25,22.50,22.50,23600,18.487579
1995-07-14,23.50,23.50,23.125,23.125,8400,19.001123
1995-07-13,23.50,23.625,23.25,23.50,35600,19.309249
1995-07-12,23.125,23.50,23.00,23.50,61000,19.309249
1995-07-11,22.50,23.375,22.125,23.375,85300,19.20654
1995-07-10,22.125,22.625,22.125,22.625,18400,18.590288
1995-07-07,21.875,22.125,21.875,22.125,27700,18.179453
1995-07-06,21.50,21.875,21.50,21.875,25400,17.974035
1995-07-05,21.50,21.875,21.50,21.625,76800,17.768618
1995-07-03,21.375,21.50,21.375,21.50,16900,17.665909
1995-06-30,21.125,21.375,21.125,21.375,18200,17.5632
1995-06-29,21.25,21.25,21.125,21.125,4000,17.357782
1995-06-28,21.25,21.25,21.00,21.25,8100,17.460491
1995-06-27,21.125,21.25,21.00,21.25,35100,17.460491
1995-06-26,21.125,21.125,21.00,21.00,7700,17.255074
1995-06-23,20.875,21.25,20.875,21.00,12500,17.255074
1995-06-22,20.875,21.00,20.875,21.00,15200,17.255074
1995-06-21,20.875,20.875,20.75,20.875,10500,17.152365
1995-06-20,20.625,20.875,20.625,20.75,18800,17.049656
1995-06-19,21.00,21.00,20.625,20.75,8100,17.049656
1995-06-16,21.125,21.25,20.875,21.00,17100,17.255074
1995-06-15,20.75,21.125,20.75,21.00,76500,17.255074
1995-06-14,20.125,21.00,20.125,20.75,45300,17.049656
1995-06-13,19.875,20.375,19.75,20.375,22400,16.675797
1995-06-12,20.25,20.25,20.00,20.00,8400,16.36888
1995-06-09,20.25,20.25,20.125,20.125,7400,16.471186
1995-06-08,21.125,21.125,20.125,20.125,45600,16.471186
1995-06-07,21.125,21.125,21.00,21.00,30000,17.187324
1995-06-06,21.25,21.50,21.25,21.25,40900,17.391935
1995-06-05,21.00,21.375,21.00,21.375,31300,17.494241
1995-06-02,21.25,21.375,21.125,21.25,35400,17.391935
1995-06-01,21.50,21.625,21.50,21.625,19400,17.698852
1995-05-31,21.50,21.75,21.50,21.75,8100,17.801157
1995-05-30,21.625,21.625,21.50,21.625,6700,17.698852
1995-05-26,21.625,21.75,21.625,21.75,22700,17.801157
1995-05-25,21.50,21.625,21.50,21.625,16400,17.698852
1995-05-24,21.625,21.75,21.50,21.50,22400,17.596546
1995-05-23,21.50,21.75,21.50,21.75,12800,17.801157
1995-05-22,21.625,21.625,21.50,21.625,12300,17.698852
1995-05-19,21.50,21.625,21.50,21.625,12500,17.698852
1995-05-18,21.50,21.75,21.50,21.625,12400,17.698852
1995-05-17,21.875,21.875,21.625,21.75,10200,17.801157
1995-05-16,21.25,21.875,21.25,21.875,55200,17.903463
1995-05-15,21.25,21.625,21.125,21.25,17500,17.391935
1995-05-12,21.25,21.375,21.125,21.125,24700,17.28963
1995-05-11,21.25,21.50,21.25,21.25,57400,17.391935
1995-05-10,21.25,21.50,21.25,21.25,36700,17.391935
1995-05-09,21.25,21.375,21.00,21.125,63700,17.28963
1995-05-08,21.00,21.125,21.00,21.125,26900,17.28963
1995-05-05,20.875,21.125,20.625,21.00,32800,17.187324
1995-05-04,20.00,21.00,20.00,20.75,202800,16.982713
1995-05-03,19.625,20.00,19.625,20.00,23600,16.36888
1995-05-02,19.625,20.00,19.625,19.625,23700,16.061964
1995-05-01,19.625,19.75,19.50,19.50,66700,15.959658
1995-04-28,20.00,20.00,19.50,19.75,82900,16.164269
1995-04-27,18.75,20.125,18.75,20.00,81800,16.36888
1995-04-26,18.875,19.00,18.75,18.875,146400,15.448131
1995-04-25,18.625,18.75,18.50,18.75,133000,15.345825
1995-04-24,18.125,18.50,18.125,18.50,36400,15.141214
1995-04-21,18.375,18.375,17.875,18.00,14700,14.731992
1995-04-20,18.50,18.50,18.375,18.375,17300,15.038909
1995-04-19,18.50,18.625,18.25,18.50,40200,15.141214
1995-04-18,18.50,18.625,18.375,18.50,8100,15.141214
1995-04-17,18.875,18.875,18.375,18.50,15500,15.141214
1995-04-13,19.25,19.25,18.75,18.875,37600,15.448131
1995-04-12,19.00,19.50,19.00,19.50,39300,15.959658
1995-04-11,18.00,18.625,18.00,18.625,47600,15.24352
1995-04-10,17.75,18.00,17.625,18.00,20500,14.731992
1995-04-07,17.75,17.75,17.625,17.625,72800,14.425076
1995-04-06,17.875,17.875,17.625,17.75,57500,14.527381
1995-04-05,17.75,17.875,17.75,17.75,20100,14.527381
1995-04-04,17.875,18.00,17.75,17.75,16900,14.527381
1995-04-03,17.625,18.125,17.625,18.00,35000,14.731992
1995-03-31,17.375,18.125,17.25,17.625,74600,14.425076
1995-03-30,16.625,17.375,16.625,17.375,32500,14.220465
1995-03-29,16.50,16.75,16.50,16.50,3200,13.504326
1995-03-28,16.875,16.875,16.50,16.50,41300,13.504326
1995-03-27,16.625,16.75,16.50,16.75,10900,13.708937
1995-03-24,16.75,16.75,16.625,16.75,14000,13.708937
1995-03-23,16.375,16.625,16.375,16.625,44900,13.606632
1995-03-22,16.375,16.375,16.00,16.375,110800,13.402021
1995-03-21,16.75,16.875,16.375,16.375,11400,13.402021
1995-03-20,16.75,16.875,16.625,16.75,10600,13.708937
1995-03-17,16.75,16.875,16.625,16.625,53600,13.606632
1995-03-16,17.00,17.125,16.75,16.875,49400,13.811243
1995-03-15,17.125,17.125,16.875,17.00,16000,13.913548
1995-03-14,16.875,17.25,16.75,17.125,26500,14.015854
1995-03-13,16.50,16.75,16.50,16.625,45500,13.606632
1995-03-10,16.625,16.625,16.50,16.50,182400,13.43885
1995-03-09,16.75,16.75,16.50,16.625,27600,13.54066
1995-03-08,17.00,17.00,16.75,16.75,128700,13.642469
1995-03-07,17.00,17.00,16.875,16.875,149200,13.744279
1995-03-06,17.125,17.125,17.00,17.125,55800,13.947898
1995-03-03,17.00,17.50,17.00,17.25,25000,14.049707
1995-03-02,17.125,17.25,16.75,17.00,83500,13.846088
1995-03-01,17.50,17.50,17.00,17.25,73200,14.049707
1995-02-28,16.875,17.50,16.875,17.50,26000,14.253326
1995-02-27,16.625,17.00,16.625,17.00,20400,13.846088
1995-02-24,16.625,16.875,16.625,16.75,48000,13.642469
1995-02-23,17.00,17.00,16.75,16.75,24200,13.642469
1995-02-22,17.00,17.00,16.875,17.00,14800,13.846088
1995-02-21,17.25,17.25,17.00,17.00,29400,13.846088
1995-02-17,16.875,17.25,16.875,17.25,14600,14.049707
1995-02-16,16.75,17.00,16.625,17.00,26200,13.846088
1995-02-15,16.625,16.75,16.50,16.75,178600,13.642469
1995-02-14,17.00,17.00,16.75,16.75,14600,13.642469
1995-02-13,17.00,17.00,16.875,16.875,22300,13.744279
1995-02-10,16.375,16.875,16.375,16.875,20000,13.744279
1995-02-09,16.625,16.625,16.375,16.375,43700,13.337041
1995-02-08,16.625,16.625,16.50,16.625,6600,13.54066
1995-02-07,16.375,16.625,16.375,16.50,24200,13.43885
1995-02-06,16.75,16.875,16.50,16.50,30700,13.43885
1995-02-03,16.625,17.125,16.625,16.75,44700,13.642469
1995-02-02,16.125,16.625,16.125,16.625,49000,13.54066
1995-02-01,16.25,16.375,16.125,16.25,12500,13.235231
1995-01-31,16.375,16.375,16.25,16.25,43400,13.235231
1995-01-30,16.125,16.375,16.00,16.25,24600,13.235231
1995-01-27,16.25,16.25,16.00,16.00,26100,13.031612
1995-01-26,15.875,16.25,15.875,16.25,28600,13.235231
1995-01-25,15.00,16.00,15.00,16.00,36900,13.031612
1995-01-24,15.25,15.25,15.00,15.00,20200,12.217137
1995-01-23,15.50,15.50,15.25,15.375,38700,12.522565
1995-01-20,15.375,15.625,15.375,15.50,48000,12.624375
1995-01-19,15.50,15.75,15.375,15.375,37000,12.522565
1995-01-18,15.875,15.875,15.50,15.50,19700,12.624375
1995-01-17,15.625,16.125,15.625,16.00,15800,13.031612
1995-01-16,15.50,15.625,15.50,15.625,13700,12.726184
1995-01-13,15.375,15.375,15.25,15.25,14500,12.420756
1995-01-12,14.75,15.125,14.75,15.125,20400,12.318946
1995-01-11,15.25,15.375,14.50,14.625,67500,11.911708
1995-01-10,15.125,15.375,15.125,15.375,48500,12.522565
1995-01-09,15.375,15.375,15.125,15.125,70700,12.318946
1995-01-06,16.00,16.00,15.375,15.375,45800,12.522565
1995-01-05,16.375,16.375,16.00,16.00,49600,13.031612
1995-01-04,16.875,16.875,16.375,16.375,8700,13.337041
1995-01-03,17.00,17.25,16.75,16.75,20100,13.642469
1994-12-30,16.75,17.375,16.75,17.375,15600,14.151517
1994-12-29,16.625,16.75,16.625,16.75,13200,13.642469
1994-12-28,16.50,16.625,16.50,16.625,7200,13.54066
1994-12-27,16.25,16.50,16.25,16.50,16500,13.43885
1994-12-23,16.50,16.625,16.375,16.625,7400,13.54066
1994-12-22,16.00,16.50,16.00,16.375,34400,13.337041
1994-12-21,15.75,16.125,15.75,16.00,135200,13.031612
1994-12-20,15.875,15.875,15.625,15.75,7900,12.827993
1994-12-19,15.75,16.00,15.50,15.875,32400,12.929803
1994-12-16,16.125,16.125,15.625,15.75,27800,12.827993
1994-12-15,15.50,16.125,15.50,16.00,16700,13.031612
1994-12-14,15.125,15.375,15.125,15.375,7300,12.522565
1994-12-13,15.00,15.25,15.00,15.125,10000,12.253788
1994-12-12,14.75,14.875,14.50,14.875,116800,12.051246
1994-12-09,14.75,14.75,14.50,14.625,22400,11.848704
1994-12-08,15.00,15.125,14.75,14.75,41900,11.949975
1994-12-07,15.125,15.125,15.00,15.00,32000,12.152517
1994-12-06,15.25,15.25,15.125,15.25,8600,12.355059
1994-12-05,15.375,15.75,15.375,15.375,18600,12.45633
1994-12-02,15.375,15.50,15.25,15.375,8500,12.45633
1994-12-01,15.25,15.25,14.8125,15.125,13100,12.253788
1994-11-30,15.25,15.625,15.125,15.125,82200,12.253788
1994-11-29,14.375,15.00,14.375,15.00,8400,12.152517
1994-11-28,14.625,14.625,14.375,14.50,96500,11.747433
1994-11-25,14.625,14.625,14.375,14.50,4000,11.747433
1994-11-23,14.75,14.75,14.375,14.625,8400,11.848704
1994-11-22,15.25,15.25,14.625,14.75,24500,11.949975
1994-11-21,15.375,15.375,15.25,15.25,34700,12.355059
1994-11-18,15.50,15.625,15.25,15.25,20900,12.355059
1994-11-17,15.875,15.875,15.75,15.75,5800,12.760143
1994-11-16,15.75,15.875,15.75,15.875,20400,12.861414
1994-11-15,15.75,15.875,15.625,15.875,4300,12.861414
1994-11-14,15.75,15.75,15.625,15.75,7100,12.760143
1994-11-11,16.00,16.00,15.8125,16.00,3400,12.962685
1994-11-10,16.00,16.00,15.875,15.875,13500,12.861414
1994-11-09,16.00,16.125,15.875,16.00,31100,12.962685
1994-11-08,16.375,16.375,15.75,15.75,28400,12.760143
1994-11-07,16.375,16.375,16.25,16.375,12800,13.266498
1994-11-04,16.375,16.50,16.25,16.25,16100,13.165227
1994-11-03,16.50,16.50,16.375,16.50,13200,13.367769
1994-11-02,16.25,16.50,15.875,16.50,132600,13.367769
1994-11-01,16.375,16.50,16.25,16.25,50400,13.165227
1994-10-31,16.625,16.75,16.625,16.75,8400,13.57031
1994-10-28,16.75,16.875,16.75,16.875,4100,13.671581
1994-10-27,16.75,16.75,16.50,16.75,11700,13.57031
1994-10-26,17.00,17.00,16.875,16.875,3900,13.671581
1994-10-25,16.75,17.125,16.75,16.875,22400,13.671581
1994-10-24,17.375,17.375,17.125,17.125,4600,13.874123
1994-10-21,17.25,17.375,17.125,17.375,3100,14.076665
1994-10-20,17.25,17.375,17.25,17.25,5600,13.975394
1994-10-19,17.125,17.375,17.00,17.375,12900,14.076665
1994-10-18,17.375,17.375,17.00,17.00,9700,13.772852
1994-10-17,17.25,17.50,17.25,17.50,3100,14.177936
1994-10-14,17.625,17.625,17.25,17.25,7700,13.975394
1994-10-13,17.75,17.875,17.625,17.625,16400,14.279207
1994-10-12,17.625,17.625,17.50,17.625,23100,14.279207
1994-10-11,17.25,17.625,17.25,17.50,39400,14.177936
1994-10-10,17.125,17.375,17.125,17.25,22600,13.975394
1994-10-07,16.875,17.50,16.875,17.125,65900,13.874123
1994-10-06,16.50,16.875,16.50,16.875,7900,13.671581
1994-10-05,16.50,16.50,16.375,16.50,18100,13.367769
1994-10-04,16.25,16.50,16.25,16.50,27600,13.367769
1994-10-03,16.125,16.375,16.00,16.25,14700,13.165227
1994-09-30,16.625,16.625,16.00,16.00,21000,12.962685
1994-09-29,16.875,16.875,16.75,16.875,7900,13.671581
1994-09-28,16.50,16.75,16.50,16.625,9500,13.469039
1994-09-27,16.375,16.50,16.3125,16.50,12500,13.367769
1994-09-26,16.25,16.375,16.125,16.375,7100,13.266498
1994-09-23,15.75,16.125,15.75,16.00,69600,12.962685
1994-09-22,15.875,15.875,15.625,15.625,17500,12.658872
1994-09-21,16.375,16.375,16.00,16.00,15800,12.962685
1994-09-20,16.50,16.50,16.25,16.375,8900,13.266498
1994-09-19,16.625,16.6875,16.625,16.625,10900,13.469039
1994-09-16,16.875,17.00,16.625,16.875,20500,13.671581
1994-09-15,16.875,16.875,16.75,16.875,12300,13.671581
1994-09-14,17.00,17.00,16.875,16.875,3900,13.671581
1994-09-13,16.875,17.00,16.875,17.00,19800,13.772852
1994-09-12,17.00,17.00,16.875,16.875,10000,13.671581
1994-09-09,17.00,17.00,16.875,17.00,24500,13.708039
1994-09-08,16.875,17.125,16.875,16.875,44000,13.607245
1994-09-07,16.875,17.00,16.75,16.75,22200,13.50645
1994-09-06,16.875,17.00,16.875,16.875,18400,13.607245
1994-09-02,17.50,17.50,16.875,16.875,43900,13.607245
1994-09-01,17.50,17.75,17.50,17.50,27700,14.111217
1994-08-31,17.75,17.875,17.50,17.625,90400,14.212011
1994-08-30,17.50,17.75,17.50,17.75,33800,14.312805
1994-08-29,16.875,17.375,16.875,17.375,32100,14.010422
1994-08-26,16.625,17.00,16.625,16.875,26400,13.607245
1994-08-25,16.625,16.625,16.375,16.375,5100,13.204067
1994-08-24,16.25,16.625,16.25,16.625,17700,13.405656
1994-08-23,16.375,16.375,16.25,16.25,25300,13.103273
1994-08-22,16.25,16.50,16.125,16.375,11700,13.204067
1994-08-19,16.125,16.375,16.00,16.375,10000,13.204067
1994-08-18,16.125,16.125,16.00,16.125,12000,13.002478
1994-08-17,16.25,16.25,15.875,16.125,73200,13.002478
1994-08-16,16.25,16.375,16.125,16.125,6500,13.002478
1994-08-15,16.25,16.375,16.125,16.375,10400,13.204067
1994-08-12,16.125,16.125,16.00,16.125,9000,13.002478
1994-08-11,16.375,16.375,16.125,16.125,153200,13.002478
1994-08-10,16.25,16.50,16.25,16.25,235700,13.103273
1994-08-09,16.25,16.375,16.125,16.25,5800,13.103273
1994-08-08,16.25,16.375,16.25,16.375,7400,13.204067
1994-08-05,16.25,16.375,16.125,16.25,14400,13.103273
1994-08-04,16.25,16.25,16.125,16.25,14400,13.103273
1994-08-03,15.625,16.125,15.625,16.125,70600,13.002478
1994-08-02,15.625,15.75,15.50,15.75,25700,12.700095
1994-08-01,15.625,15.625,15.50,15.625,9000,12.599301
1994-07-29,15.625,15.625,15.50,15.50,52300,12.498506
1994-07-28,15.50,15.625,15.50,15.50,29300,12.498506
1994-07-27,15.75,15.75,15.50,15.50,23300,12.498506
1994-07-26,15.50,16.00,15.50,15.75,143000,12.700095
1994-07-25,14.75,15.25,14.75,15.25,90800,12.296917
1994-07-22,14.50,14.75,14.50,14.75,71100,11.89374
1994-07-21,14.375,14.375,14.125,14.375,89700,11.591357
1994-07-20,14.75,14.75,14.375,14.50,57200,11.692151
1994-07-19,14.75,14.75,14.625,14.625,12700,11.792945
1994-07-18,14.875,14.875,14.625,14.75,114600,11.89374
1994-07-15,14.375,15.00,14.375,15.00,15600,12.095329
1994-07-14,14.125,14.50,14.00,14.50,81100,11.692151
1994-07-13,14.375,14.375,13.75,14.00,127300,11.288973
1994-07-12,14.125,14.25,14.00,14.25,25500,11.490562
1994-07-11,14.00,14.00,13.50,14.00,97600,11.288973
1994-07-08,14.25,14.375,14.125,14.125,19000,11.389768
1994-07-07,14.75,14.75,14.125,14.125,47100,11.389768
1994-07-06,15.125,15.125,14.75,14.75,16300,11.89374
1994-07-05,15.50,15.625,15.00,15.125,60000,12.196123
1994-07-01,15.75,15.75,15.50,15.625,10600,12.599301
1994-06-30,15.625,15.875,15.625,15.875,23600,12.800889
1994-06-29,15.75,15.875,15.625,15.75,20700,12.700095
1994-06-28,15.625,15.75,15.625,15.625,10300,12.599301
1994-06-27,15.875,15.875,15.625,15.875,10900,12.800889
1994-06-24,16.125,16.25,15.875,15.875,18600,12.800889
1994-06-23,16.375,16.50,16.25,16.25,13000,13.103273
1994-06-22,16.375,16.50,16.25,16.375,20500,13.204067
1994-06-21,16.625,16.875,16.50,16.50,28400,13.304861
1994-06-20,16.625,16.75,16.375,16.625,24700,13.405656
1994-06-17,17.25,17.25,16.75,16.75,34200,13.50645
1994-06-16,17.375,17.375,17.125,17.25,23400,13.909628
1994-06-15,17.625,17.625,17.375,17.375,8900,14.010422
1994-06-14,17.625,17.625,17.50,17.50,10900,14.111217
1994-06-13,17.875,18.00,17.75,17.75,91000,14.312805
1994-06-10,17.50,17.875,17.50,17.875,13200,14.373283
1994-06-09,17.75,17.875,17.75,17.75,17400,14.27277
1994-06-08,17.75,18.00,17.75,17.75,61300,14.27277
1994-06-07,18.375,18.625,18.00,18.00,18900,14.473795
1994-06-06,18.25,18.625,18.25,18.375,123000,14.775333
1994-06-03,18.125,18.25,18.00,18.00,30200,14.473795
1994-06-02,18.25,18.25,17.875,18.125,134200,14.574308
1994-06-01,18.00,18.375,17.75,18.25,73300,14.67482
1994-05-31,17.75,18.00,17.75,17.875,73400,14.373283
1994-05-27,18.25,18.25,17.875,17.875,107000,14.373283
1994-05-26,17.625,18.50,17.625,18.25,92300,14.67482
1994-05-25,17.50,17.75,17.375,17.50,45400,14.071745
1994-05-24,17.125,17.625,17.00,17.625,96700,14.172258
1994-05-23,17.00,17.125,17.00,17.125,97100,13.770208
1994-05-20,16.625,17.25,16.50,17.125,85400,13.770208
1994-05-19,16.125,16.625,16.00,16.50,96800,13.267646
1994-05-18,16.00,16.125,16.00,16.125,17900,12.966108
1994-05-17,16.00,16.00,15.875,16.00,29000,12.865596
1994-05-16,16.125,16.25,15.875,15.875,21000,12.765083
1994-05-13,16.375,16.375,16.125,16.25,27300,13.066621
1994-05-12,16.50,16.50,16.25,16.375,21200,13.167133
1994-05-11,16.25,16.75,16.25,16.50,84700,13.267646
1994-05-10,15.875,16.25,15.75,16.125,22100,12.966108
1994-05-09,16.00,16.00,15.875,15.875,37000,12.765083
1994-05-06,16.00,16.125,15.875,15.875,22400,12.765083
1994-05-05,16.00,16.25,16.00,16.00,21800,12.865596
1994-05-04,16.25,16.25,16.00,16.00,33100,12.865596
1994-05-03,16.50,16.50,16.25,16.25,19300,13.066621
1994-05-02,16.25,16.375,16.125,16.375,16600,13.167133
1994-04-29,16.00,16.25,16.00,16.25,127400,13.066621
1994-04-28,16.00,16.00,15.875,16.00,46700,12.865596
1994-04-26,15.875,15.875,15.75,15.875,16900,12.765083
1994-04-25,15.625,15.875,15.625,15.75,14600,12.664571
1994-04-22,15.75,15.875,15.625,15.625,25800,12.564058
1994-04-21,15.75,15.875,15.75,15.75,14700,12.664571
1994-04-20,15.25,16.125,15.25,15.75,105400,12.664571
1994-04-19,15.625,15.75,15.50,15.50,38300,12.463546
1994-04-18,16.00,16.125,15.625,15.75,62300,12.664571
1994-04-15,16.25,16.375,15.875,16.00,85500,12.865596
1994-04-14,16.25,16.25,16.125,16.25,19100,13.066621
1994-04-13,16.375,16.375,16.125,16.125,32200,12.966108
1994-04-12,16.375,16.375,16.25,16.375,19900,13.167133
1994-04-11,16.25,16.375,16.125,16.25,35400,13.066621
1994-04-08,16.375,16.375,16.00,16.25,30300,13.066621
1994-04-07,16.375,16.50,16.25,16.50,90100,13.267646
1994-04-06,16.50,16.50,15.875,16.25,66100,13.066621
1994-04-05,15.50,16.125,15.50,16.125,12900,12.966108
1994-04-04,15.25,15.375,15.00,15.375,24400,12.363033
1994-03-31,15.50,15.75,15.375,15.50,50900,12.463546
1994-03-30,15.75,15.75,15.50,15.50,52200,12.463546
1994-03-29,15.875,15.875,15.625,15.75,24100,12.664571
1994-03-28,16.00,16.00,15.75,15.875,126300,12.765083
1994-03-25,16.25,16.375,16.00,16.00,16800,12.865596
1994-03-24,16.25,16.50,16.25,16.25,23900,13.066621
1994-03-23,16.25,16.50,16.125,16.50,42600,13.267646
1994-03-22,16.625,16.625,16.25,16.25,13200,13.066621
1994-03-21,16.75,16.75,16.50,16.50,84000,13.267646
1994-03-18,16.50,17.25,16.50,16.875,109500,13.569183
1994-03-17,15.50,16.375,15.375,16.375,108600,13.167133
1994-03-16,15.00,15.50,15.00,15.375,233400,12.363033
1994-03-15,14.625,14.625,14.50,14.50,24300,11.659446
1994-03-14,14.625,14.625,14.50,14.625,5600,11.759959
1994-03-11,14.75,14.75,14.625,14.625,8200,11.719753
1994-03-10,15.00,15.00,14.625,14.625,27300,11.719753
1994-03-09,14.875,15.00,14.875,15.00,1700,12.02026
1994-03-08,15.25,15.25,15.00,15.00,21100,12.02026
1994-03-07,15.25,15.25,15.125,15.125,84500,12.120429
1994-03-04,15.00,15.125,14.875,15.00,23600,12.02026
1994-03-03,15.00,15.00,14.75,14.75,29200,11.819922
1994-03-02,14.75,15.00,14.625,15.00,46300,12.02026
1994-03-01,14.625,14.75,14.50,14.75,4000,11.819922
1994-02-28,14.625,14.625,14.625,14.625,700,11.719753
1994-02-25,14.50,14.625,14.50,14.625,24000,11.719753
1994-02-24,14.375,14.375,14.25,14.375,6100,11.519416
1994-02-23,14.625,14.625,14.375,14.375,27100,11.519416
1994-02-22,14.50,14.625,14.375,14.625,26800,11.719753
1994-02-18,14.50,14.75,14.50,14.50,21000,11.619584
1994-02-17,14.75,14.75,14.50,14.50,63500,11.619584
1994-02-16,14.625,14.75,14.50,14.75,8300,11.819922
1994-02-15,14.50,14.625,14.50,14.50,3700,11.619584
1994-02-14,14.50,14.75,14.50,14.50,62200,11.619584
1994-02-11,14.25,14.625,14.125,14.50,8900,11.619584
1994-02-10,14.625,14.625,14.25,14.25,6600,11.419247
1994-02-09,14.875,14.875,14.50,14.625,5800,11.719753
1994-02-08,15.00,15.00,14.75,14.75,18000,11.819922
1994-02-07,14.375,15.00,14.375,15.00,95000,12.02026
1994-02-04,14.625,14.75,14.375,14.375,20600,11.519416
1994-02-03,14.375,14.625,14.375,14.625,59000,11.719753
1994-02-02,14.50,14.50,14.375,14.50,68900,11.619584
1994-02-01,14.375,14.50,14.375,14.50,68000,11.619584
1994-01-31,14.375,14.50,14.25,14.25,6700,11.419247
1994-01-28,14.00,14.50,14.00,14.50,23700,11.619584
1994-01-27,13.875,14.00,13.75,14.00,56600,11.218909
1994-01-26,13.75,13.875,13.75,13.875,10900,11.11874
1994-01-25,14.375,14.50,13.75,13.875,36300,11.11874
1994-01-24,14.25,14.25,14.00,14.125,80100,11.319078
1994-01-21,14.375,14.375,14.125,14.25,7800,11.419247
1994-01-20,14.25,14.375,14.25,14.375,6900,11.519416
1994-01-19,14.375,14.375,14.00,14.25,70100,11.419247
1994-01-18,13.75,14.375,13.75,14.25,86100,11.419247
1994-01-17,13.875,14.25,13.875,14.00,9500,11.218909
1994-01-14,13.75,13.875,13.75,13.875,10800,11.11874
1994-01-13,13.50,13.625,13.375,13.625,16000,10.918403
1994-01-12,13.75,13.875,13.375,13.50,16300,10.818234
1994-01-11,14.00,14.00,13.625,13.75,20700,11.018571
1994-01-10,14.00,14.00,13.875,13.875,5900,11.11874
1994-01-07,14.25,14.375,14.00,14.00,7300,11.218909
1994-01-06,14.75,14.75,14.125,14.125,11800,11.319078
1994-01-05,14.50,14.75,14.50,14.75,19400,11.819922
1994-01-04,14.625,14.625,14.50,14.50,8500,11.619584
1994-01-03,14.25,14.625,14.25,14.625,31400,11.719753
1993-12-31,14.125,14.375,13.875,14.25,21300,11.419247
1993-12-30,14.375,14.375,14.125,14.25,9600,11.419247
1993-12-29,14.125,14.375,14.125,14.375,24300,11.519416
1993-12-28,14.125,14.25,14.125,14.25,15600,11.419247
1993-12-27,14.125,14.25,14.125,14.125,9700,11.319078
1993-12-23,14.00,14.25,13.875,14.125,35000,11.319078
1993-12-22,13.75,14.25,13.625,14.00,25200,11.218909
1993-12-21,13.625,13.875,13.50,13.75,27700,11.018571
1993-12-20,13.375,13.75,13.375,13.75,12400,11.018571
1993-12-17,13.25,13.375,13.125,13.25,46400,10.617896
1993-12-16,13.00,13.25,13.00,13.25,8600,10.617896
1993-12-15,13.00,13.125,13.00,13.00,13200,10.417558
1993-12-14,13.00,13.125,13.00,13.125,14800,10.47766
1993-12-13,12.875,13.00,12.75,13.00,60100,10.377872
1993-12-10,12.75,12.875,12.75,12.875,13000,10.278085
1993-12-09,12.75,13.00,12.75,12.875,55100,10.278085
1993-12-08,12.25,12.875,12.25,12.875,77600,10.278085
1993-12-07,12.25,12.375,12.125,12.375,10500,9.878936
1993-12-06,12.25,12.375,12.125,12.25,36600,9.779149
1993-12-03,12.125,12.25,12.125,12.25,5600,9.779149
1993-12-02,12.125,12.25,12.125,12.125,17900,9.679362
1993-12-01,11.875,12.125,11.875,12.125,9800,9.679362
1993-11-30,12.25,12.25,11.75,11.875,55300,9.479787
1993-11-29,12.375,12.50,12.25,12.25,4800,9.779149
1993-11-26,12.375,12.50,12.375,12.50,2000,9.978724
1993-11-24,12.375,12.375,12.25,12.375,6400,9.878936
1993-11-23,12.625,12.625,12.375,12.375,6500,9.878936
1993-11-22,12.50,12.875,12.375,12.75,13100,10.178298
1993-11-19,12.50,12.625,12.25,12.625,101300,10.078511
1993-11-18,12.50,12.50,12.375,12.50,34500,9.978724
1993-11-17,12.375,12.625,12.375,12.625,28200,10.078511
1993-11-16,12.375,12.50,12.375,12.50,78400,9.978724
1993-11-15,12.75,12.75,12.375,12.375,19500,9.878936
1993-11-12,12.75,12.75,12.625,12.75,8300,10.178298
1993-11-11,12.875,12.875,12.75,12.75,13200,10.178298
1993-11-10,13.00,13.00,12.625,12.75,11900,10.178298
1993-11-09,13.125,13.125,12.875,13.00,20400,10.377872
1993-11-08,13.125,13.375,13.125,13.25,2300,10.577447
1993-11-05,12.875,13.00,12.625,13.00,13400,10.377872
1993-11-04,13.125,13.25,13.00,13.00,6100,10.377872
1993-11-03,13.25,13.25,13.00,13.125,13200,10.47766
1993-11-02,13.50,13.50,13.00,13.375,13800,10.677234
1993-11-01,13.625,13.625,13.50,13.625,5800,10.876809
1993-10-29,13.50,13.75,13.50,13.75,9100,10.976596
1993-10-28,13.125,13.625,13.125,13.625,29400,10.876809
1993-10-27,13.00,13.125,12.875,13.125,4500,10.47766
1993-10-26,12.625,13.25,12.625,13.00,27700,10.377872
1993-10-25,12.875,12.875,12.625,12.75,8900,10.178298
1993-10-22,12.625,12.75,12.625,12.75,10300,10.178298
1993-10-21,12.25,12.75,12.125,12.75,21400,10.178298
1993-10-20,12.25,12.25,12.125,12.25,13500,9.779149
1993-10-19,12.50,12.625,12.25,12.375,16900,9.878936
1993-10-18,12.625,12.75,12.625,12.625,7000,10.078511
1993-10-15,12.50,12.75,12.50,12.625,16100,10.078511
1993-10-14,12.75,12.875,12.50,12.50,23500,9.978724
1993-10-13,13.00,13.00,12.75,12.75,40900,10.178298
1993-10-12,12.75,13.00,12.75,13.00,27300,10.377872
1993-10-11,12.50,12.75,12.50,12.75,22200,10.178298
1993-10-08,12.75,12.75,12.50,12.50,13900,9.978724
1993-10-07,12.50,12.75,12.50,12.625,41100,10.078511
1993-10-06,12.25,12.50,12.125,12.375,28700,9.878936
1993-10-05,12.00,12.25,12.00,12.25,218000,9.779149
1993-10-04,12.00,12.25,11.875,11.875,19200,9.479787
1993-10-01,12.00,12.00,11.875,12.00,110000,9.579575
1993-09-30,11.75,12.00,11.75,12.00,14200,9.579575
1993-09-29,11.625,11.75,11.625,11.75,5400,9.38
1993-09-28,11.875,11.875,11.625,11.625,11100,9.280213
1993-09-27,11.50,12.00,11.50,11.75,26400,9.38
1993-09-24,11.625,11.625,11.625,11.625,500,9.280213
1993-09-23,11.75,11.75,11.625,11.625,10400,9.280213
1993-09-22,11.625,11.75,11.50,11.75,20400,9.38
1993-09-21,11.625,11.875,11.625,11.625,6700,9.280213
1993-09-20,11.875,11.875,11.75,11.75,8900,9.38
1993-09-17,12.00,12.00,11.625,11.75,235500,9.38
1993-09-16,12.125,12.25,12.00,12.25,24900,9.779149
1993-09-15,12.125,12.125,12.00,12.00,19300,9.579575
1993-09-14,12.125,12.25,12.00,12.00,54100,9.579575
1993-09-13,12.125,12.25,12.125,12.125,14400,9.679362
1993-09-10,11.875,12.25,11.875,12.125,13400,9.679362
1993-09-09,11.875,12.00,11.875,11.875,1900,9.479787
1993-09-08,11.75,12.00,11.75,11.875,27700,9.479787
1993-09-07,12.00,12.00,11.75,11.875,53000,9.479787
1993-09-03,11.75,12.00,11.375,12.00,143300,9.579575
1993-09-02,12.25,12.25,12.00,12.00,5500,9.53966
1993-09-01,12.375,12.375,12.125,12.375,4900,9.837774
1993-08-31,12.00,12.375,11.875,12.375,84500,9.837774
1993-08-30,11.625,12.00,11.625,11.875,22500,9.440288
1993-08-27,11.75,11.875,11.625,11.625,9600,9.241545
1993-08-26,11.75,11.875,11.75,11.875,3500,9.440288
1993-08-25,12.00,12.00,11.75,11.875,27600,9.440288
1993-08-24,11.75,12.00,11.75,12.00,11000,9.53966
1993-08-23,12.00,12.00,11.75,11.75,15900,9.340917
1993-08-20,11.875,12.00,11.875,12.00,4800,9.53966
1993-08-19,11.75,12.00,11.50,12.00,21400,9.53966
1993-08-18,11.875,12.125,11.875,11.875,12100,9.440288
1993-08-17,11.875,12.00,11.625,11.75,5700,9.340917
1993-08-16,11.625,11.875,11.625,11.875,4600,9.440288
1993-08-13,11.75,11.875,11.50,11.75,27700,9.340917
1993-08-12,11.625,11.875,11.625,11.875,14800,9.440288
1993-08-11,12.00,12.00,11.875,11.875,16800,9.440288
1993-08-10,11.875,12.00,11.875,12.00,26500,9.53966
1993-08-09,11.875,12.00,11.875,11.875,21600,9.440288
1993-08-06,12.25,12.25,11.875,12.00,23200,9.53966
1993-08-05,12.00,12.125,11.75,12.00,14200,9.53966
1993-08-04,11.625,12.00,11.625,12.00,7200,9.53966
1993-08-03,11.50,11.75,11.50,11.625,4300,9.241545
1993-08-02,11.625,11.75,11.625,11.625,5600,9.241545
1993-07-30,11.625,11.75,11.50,11.625,21000,9.241545
1993-07-29,11.625,11.625,11.50,11.625,9200,9.241545
1993-07-28,11.625,11.75,11.375,11.375,12800,9.042802
1993-07-27,11.50,11.625,11.50,11.625,8700,9.241545
1993-07-26,11.375,11.625,11.375,11.625,43700,9.241545
1993-07-23,11.50,11.50,11.375,11.375,24900,9.042802
1993-07-22,11.375,11.50,11.375,11.375,37500,9.042802
1993-07-21,11.50,11.50,11.50,11.50,19200,9.142174
1993-07-20,11.625,11.625,11.50,11.625,74600,9.241545
1993-07-19,11.875,11.875,11.625,11.75,11200,9.340917
1993-07-16,11.625,11.75,11.50,11.75,23900,9.340917
1993-07-15,11.625,11.625,11.50,11.50,13600,9.142174
1993-07-14,11.625,11.875,11.625,11.75,13500,9.340917
1993-07-13,11.625,11.75,11.50,11.75,19400,9.340917
1993-07-12,11.75,11.75,11.50,11.50,22400,9.142174
1993-07-09,11.625,11.875,11.625,11.75,8600,9.340917
1993-07-08,11.875,12.00,11.75,11.75,6800,9.340917
1993-07-07,11.875,12.00,11.875,12.00,3100,9.53966
1993-07-06,11.875,11.875,11.75,11.75,10000,9.340917
1993-07-02,12.125,12.125,11.875,12.00,5500,9.53966
1993-07-01,12.125,12.25,12.125,12.25,1600,9.738403
1993-06-30,11.75,12.125,11.75,12.125,31300,9.639031
1993-06-29,11.875,12.00,11.875,11.875,7200,9.440288
1993-06-28,11.75,12.125,11.75,12.00,19500,9.53966
1993-06-25,11.50,11.75,11.50,11.75,12100,9.340917
1993-06-24,12.00,12.00,11.50,11.50,22500,9.142174
1993-06-23,11.875,12.125,11.875,11.875,23400,9.440288
1993-06-22,11.875,12.125,11.75,11.875,15200,9.440288
1993-06-21,11.75,12.00,11.625,11.75,16300,9.340917
1993-06-18,12.125,12.125,11.625,11.625,40100,9.241545
1993-06-17,12.125,12.25,11.75,12.25,91700,9.738403
1993-06-16,12.25,12.50,12.125,12.25,116000,9.738403
1993-06-15,12.75,12.75,12.25,12.375,70400,9.837774
1993-06-14,12.375,12.875,12.375,12.875,34800,10.23526
1993-06-11,12.00,12.50,12.00,12.50,13500,9.937146
1993-06-10,12.00,12.00,11.875,12.00,7700,9.53966
1993-06-09,12.00,12.00,11.75,11.875,235900,9.440288
1993-06-08,11.875,12.25,11.625,12.125,33500,9.639031
1993-06-07,11.625,11.875,11.625,11.875,5200,9.440288
1993-06-04,11.50,11.625,11.50,11.625,28200,9.201797
1993-06-03,11.50,11.625,11.50,11.50,76800,9.102853
1993-06-02,11.50,11.625,11.50,11.50,25600,9.102853
1993-06-01,11.625,11.625,11.50,11.50,22200,9.102853
1993-05-28,11.625,11.75,11.375,11.50,54100,9.102853
1993-05-27,11.625,11.75,11.50,11.625,63100,9.201797
1993-05-26,11.50,11.625,11.50,11.625,53000,9.201797
1993-05-25,11.625,11.625,11.50,11.50,43900,9.102853
1993-05-24,11.625,11.625,11.50,11.625,54100,9.201797
1993-05-21,11.50,11.625,11.25,11.50,69500,9.102853
1993-05-20,11.625,11.75,11.50,11.50,31400,9.102853
1993-05-19,11.75,11.75,11.50,11.75,23100,9.300741
1993-05-18,11.875,12.00,11.625,11.625,31100,9.201797
1993-05-17,11.875,11.875,11.75,11.875,5400,9.399685
1993-05-14,11.75,11.875,11.75,11.75,31900,9.300741
1993-05-13,11.375,11.875,11.375,11.875,16500,9.399685
1993-05-12,11.50,11.50,11.375,11.375,30300,9.003909
1993-05-11,11.25,11.625,11.25,11.375,39800,9.003909
1993-05-10,11.50,11.625,11.125,11.25,48000,8.904965
1993-05-07,11.50,11.50,11.00,11.375,31300,9.003909
1993-05-06,11.50,11.75,11.25,11.375,35600,9.003909
1993-05-05,11.875,11.875,11.50,11.625,56600,9.201797
1993-05-04,12.00,12.00,11.875,12.00,12500,9.498629
1993-05-03,11.875,12.00,11.75,12.00,18400,9.498629
1993-04-30,12.25,12.375,11.875,12.00,18700,9.498629
1993-04-29,11.75,11.875,11.75,11.875,15600,9.399685
1993-04-28,12.00,12.00,11.625,11.75,16000,9.300741
1993-04-27,11.75,12.00,11.625,12.00,103200,9.498629
1993-04-26,11.625,11.75,11.625,11.625,38500,9.201797
1993-04-23,11.75,11.75,11.625,11.625,36700,9.201797
1993-04-22,12.125,12.125,11.875,11.875,45900,9.399685
1993-04-21,12.25,12.50,12.125,12.25,54600,9.696517
1993-04-20,12.375,12.50,12.25,12.25,171400,9.696517
1993-04-19,12.375,12.50,12.375,12.375,7600,9.795461
1993-04-16,12.50,12.50,12.375,12.50,18600,9.894405
1993-04-15,12.625,12.625,12.50,12.625,28000,9.993349
1993-04-14,12.50,12.625,12.50,12.625,14600,9.993349
1993-04-13,12.375,12.625,12.375,12.625,40600,9.993349
1993-04-12,12.50,12.50,12.375,12.50,22100,9.894405
1993-04-08,12.625,12.625,12.50,12.50,10200,9.894405
1993-04-07,12.75,12.75,12.625,12.625,26400,9.993349
1993-04-06,13.00,13.00,12.50,12.875,16900,10.191237
1993-04-05,13.625,13.625,13.00,13.00,13200,10.290182
1993-04-02,13.625,13.625,13.375,13.50,116500,10.685958
1993-04-01,13.625,13.625,13.375,13.625,16300,10.784902
1993-03-31,13.50,13.625,13.375,13.50,11000,10.685958
1993-03-30,13.25,13.50,13.25,13.375,17300,10.587014
1993-03-29,13.625,13.75,13.25,13.25,22200,10.48807
1993-03-26,13.375,13.625,13.375,13.50,6400,10.685958
1993-03-25,13.50,13.50,13.375,13.375,1100,10.587014
1993-03-24,13.75,13.75,13.125,13.375,143900,10.587014
1993-03-23,13.75,14.00,13.75,13.75,6500,10.883846
1993-03-22,14.00,14.00,13.625,13.875,5400,10.98279
1993-03-19,14.125,14.125,13.875,14.00,84500,11.081734
1993-03-18,14.00,14.125,13.875,14.00,11900,11.081734
1993-03-17,14.00,14.25,14.00,14.00,23200,11.081734
1993-03-16,13.75,14.00,13.625,13.875,63800,10.98279
1993-03-15,14.00,14.00,13.75,13.875,5900,10.98279
1993-03-12,14.50,14.50,13.875,13.875,16400,10.98279
1993-03-11,14.625,14.625,14.50,14.625,6900,11.576454
1993-03-10,14.75,14.875,14.625,14.625,16800,11.576454
1993-03-09,14.875,15.00,14.50,14.75,35200,11.675398
1993-03-08,14.75,14.75,14.50,14.75,7800,11.675398
1993-03-05,14.75,14.875,14.625,14.75,45300,11.635821
1993-03-04,14.875,14.875,14.75,14.75,3400,11.635821
1993-03-03,15.00,15.00,14.75,14.875,8500,11.734429
1993-03-02,15.125,15.125,14.875,14.875,26500,11.734429
1993-03-01,15.75,15.75,15.25,15.25,5200,12.030255
1993-02-26,15.375,15.625,15.375,15.625,2800,12.326081
1993-02-25,15.625,15.625,15.25,15.50,8300,12.227473
1993-02-24,15.25,15.50,15.25,15.50,4500,12.227473
1993-02-23,15.375,15.625,15.25,15.375,22800,12.128864
1993-02-22,15.375,15.375,15.375,15.375,1500,12.128864
1993-02-19,15.375,15.625,15.375,15.625,35600,12.326081
1993-02-18,15.375,15.625,15.375,15.625,4600,12.326081
1993-02-17,15.50,15.625,15.375,15.50,5400,12.227473
1993-02-16,15.625,15.875,15.50,15.625,10500,12.326081
1993-02-12,15.75,15.75,15.75,15.75,500,12.42469
1993-02-11,15.625,16.00,15.50,15.50,37400,12.227473
1993-02-10,15.75,15.75,15.625,15.75,5900,12.42469
1993-02-09,15.875,16.00,15.625,16.00,87400,12.621907
1993-02-08,16.125,16.125,16.00,16.00,16600,12.621907
1993-02-05,16.375,16.50,16.00,16.00,101500,12.621907
1993-02-04,16.00,16.00,15.875,16.00,98700,12.621907
1993-02-03,16.00,16.00,15.875,16.00,10000,12.621907
1993-02-02,16.00,16.00,15.875,16.00,19600,12.621907
1993-02-01,15.875,16.125,15.875,16.00,87900,12.621907
1993-01-29,16.00,16.25,15.875,15.875,9200,12.523299
1993-01-28,16.25,16.25,15.875,16.00,29400,12.621907
1993-01-27,17.25,17.25,15.75,16.25,122400,12.819125
1993-01-26,16.875,17.50,16.625,17.50,60100,13.805211
1993-01-25,16.75,16.875,16.625,16.75,34900,13.213559
1993-01-22,16.375,16.625,16.25,16.625,172000,13.11495
1993-01-21,16.625,16.75,16.25,16.25,116400,12.819125
1993-01-20,16.625,16.625,16.375,16.50,28900,13.016342
1993-01-19,16.375,16.625,16.375,16.625,72900,13.11495
1993-01-18,16.375,16.75,16.25,16.625,55100,13.11495
1993-01-15,16.375,16.50,16.25,16.50,80400,13.016342
1993-01-14,16.00,16.125,15.875,16.125,11900,12.720516
1993-01-13,16.125,16.125,15.75,16.00,26500,12.621907
1993-01-12,16.125,16.125,15.875,16.00,8400,12.621907
1993-01-11,16.00,16.125,15.50,16.125,7400,12.720516
1993-01-08,15.50,16.00,15.50,15.875,17800,12.523299
1993-01-07,16.125,16.25,15.75,15.75,12000,12.42469
1993-01-06,15.625,16.00,15.625,16.00,10900,12.621907
1993-01-05,15.50,15.875,15.50,15.875,23500,12.523299
1993-01-04,15.25,15.25,15.125,15.125,6900,11.931647
1992-12-31,14.875,15.375,14.75,15.375,46100,12.128864
1992-12-30,15.125,15.125,14.875,14.875,7800,11.734429
1992-12-29,15.125,15.125,15.00,15.00,5700,11.833038
1992-12-28,15.50,15.50,15.25,15.25,3700,12.030255
1992-12-24,15.625,15.625,15.50,15.50,3200,12.227473
1992-12-23,15.875,15.875,15.375,15.50,6400,12.227473
1992-12-22,15.875,15.875,15.50,15.75,6200,12.42469
1992-12-21,16.00,16.00,15.625,15.625,15200,12.326081
1992-12-18,16.125,16.125,15.625,15.875,35700,12.523299
1992-12-17,15.375,15.875,15.25,15.875,51700,12.523299
1992-12-16,15.25,15.75,15.25,15.50,102700,12.227473
1992-12-15,15.25,15.50,15.125,15.50,11900,12.227473
1992-12-14,15.625,15.625,15.375,15.625,30900,12.239305
1992-12-11,15.625,15.875,15.625,15.875,2800,12.435134
1992-12-10,15.875,15.875,15.50,15.75,9400,12.33722
1992-12-09,16.125,16.125,15.625,15.625,13300,12.239305
1992-12-08,16.00,16.125,15.875,16.125,12200,12.630963
1992-12-07,16.00,16.125,16.00,16.125,6600,12.630963
1992-12-04,15.875,16.125,15.875,16.00,4600,12.533049
1992-12-03,16.125,16.25,16.00,16.125,21100,12.630963
1992-12-02,15.875,16.125,15.875,16.125,5800,12.630963
1992-12-01,15.75,16.00,15.625,16.00,22500,12.533049
1992-11-30,15.625,15.75,15.625,15.75,1700,12.33722
1992-11-27,15.75,15.75,15.625,15.625,800,12.239305
1992-11-25,15.875,15.875,15.625,15.75,4800,12.33722
1992-11-24,15.50,15.75,15.50,15.75,6100,12.33722
1992-11-23,15.50,15.75,15.50,15.625,4000,12.239305
1992-11-20,15.625,15.875,15.50,15.75,15200,12.33722
1992-11-19,15.50,15.75,15.50,15.50,2500,12.141391
1992-11-18,15.375,15.625,15.375,15.625,4100,12.239305
1992-11-17,15.375,15.375,15.375,15.375,900,12.043476
1992-11-16,15.625,15.625,15.375,15.50,29300,12.141391
1992-11-13,16.00,16.00,15.375,15.50,34900,12.141391
1992-11-12,15.625,15.875,15.625,15.875,5200,12.435134
1992-11-11,15.375,15.75,15.375,15.75,39300,12.33722
1992-11-10,15.50,15.50,15.25,15.50,7600,12.141391
1992-11-09,15.50,15.625,15.50,15.50,2200,12.141391
1992-11-06,15.375,15.625,15.375,15.50,3200,12.141391
1992-11-05,15.50,15.625,15.50,15.50,2600,12.141391
1992-11-04,15.50,15.625,15.25,15.50,33700,12.141391
1992-11-03,15.50,15.75,15.25,15.50,3500,12.141391
1992-11-02,15.25,15.75,15.25,15.625,3300,12.239305
1992-10-30,16.00,16.00,15.00,15.00,52500,11.749733
1992-10-29,15.875,15.875,15.875,15.875,3600,12.435134
1992-10-28,16.00,16.25,15.875,16.125,9600,12.630963
1992-10-27,16.125,16.375,16.125,16.125,51700,12.630963
1992-10-26,15.875,16.25,15.625,16.125,8400,12.630963
1992-10-23,15.50,15.75,15.50,15.75,15100,12.33722
1992-10-22,15.625,15.625,15.50,15.50,5100,12.141391
1992-10-21,15.625,15.75,15.50,15.625,6000,12.239305
1992-10-20,15.75,15.75,15.625,15.625,14100,12.239305
1992-10-19,15.375,15.75,15.25,15.625,14900,12.239305
1992-10-16,15.625,15.625,15.625,15.625,1600,12.239305
1992-10-15,15.625,15.875,15.625,15.75,9800,12.33722
1992-10-14,15.625,15.625,15.625,15.625,6200,12.239305
1992-10-13,15.625,15.75,15.625,15.75,1900,12.33722
1992-10-12,15.375,15.75,15.375,15.625,2800,12.239305
1992-10-09,15.75,16.00,15.50,15.50,34400,12.141391
1992-10-08,16.00,16.125,15.75,15.75,11200,12.33722
1992-10-07,16.00,16.25,16.00,16.00,2200,12.533049
1992-10-06,16.375,16.375,15.875,16.25,6800,12.728878
1992-10-05,16.50,16.50,16.125,16.125,11000,12.630963
1992-10-02,16.625,16.75,16.625,16.75,1800,13.120535
1992-10-01,16.75,16.875,16.50,16.75,29600,13.120535
1992-09-30,16.75,17.00,16.75,17.00,5900,13.316364
1992-09-29,16.75,16.875,16.50,16.625,4900,13.022621
1992-09-28,16.75,16.75,16.75,16.75,400,13.120535
1992-09-25,17.00,17.125,16.875,16.875,2600,13.21845
1992-09-24,17.00,17.125,17.00,17.00,12300,13.316364
1992-09-23,16.75,17.00,16.75,17.00,40300,13.316364
1992-09-22,16.875,17.00,16.625,16.625,3600,13.022621
1992-09-21,17.00,17.00,16.75,16.875,14300,13.21845
1992-09-18,16.875,16.875,16.625,16.875,42900,13.21845
1992-09-17,17.50,17.50,17.125,17.125,22000,13.414279
1992-09-16,17.125,17.75,17.125,17.75,11500,13.903851
1992-09-15,17.125,17.75,17.125,17.375,37800,13.610107
1992-09-14,17.375,17.375,17.25,17.25,15900,13.512193
1992-09-11,17.00,17.50,17.00,17.25,26100,13.512193
1992-09-10,16.75,17.125,16.75,17.125,48100,13.414279
1992-09-09,17.00,17.00,16.75,16.75,25300,13.120535
1992-09-08,16.875,17.00,16.875,17.00,22200,13.316364
1992-09-04,16.75,17.00,16.75,16.875,11900,13.21845
1992-09-03,17.00,17.25,17.00,17.00,62900,13.277199
1992-09-02,17.375,17.375,16.875,16.875,19700,13.179572
1992-09-01,17.50,17.50,17.25,17.25,15200,13.472452
1992-08-31,17.25,17.25,17.25,17.25,3300,13.472452
1992-08-28,17.375,17.50,17.125,17.50,34100,13.667705
1992-08-27,17.75,17.75,17.375,17.50,57900,13.667705
1992-08-26,17.50,17.50,17.50,17.50,5400,13.667705
1992-08-25,17.375,17.625,17.375,17.50,4100,13.667705
1992-08-24,17.50,17.625,17.25,17.625,20400,13.765331
1992-08-21,17.875,17.875,17.50,17.50,8900,13.667705
1992-08-20,17.625,17.75,17.50,17.625,6400,13.765331
1992-08-19,18.00,18.00,17.75,17.75,2400,13.862958
1992-08-18,18.125,18.125,17.875,18.00,31100,14.058211
1992-08-17,17.625,18.25,17.625,18.25,36300,14.253464
1992-08-14,17.75,17.75,17.50,17.75,40300,13.862958
1992-08-13,17.875,17.875,17.00,17.75,120200,13.862958
1992-08-12,17.625,17.75,17.625,17.75,54700,13.862958
1992-08-11,17.75,17.875,17.625,17.875,40400,13.960584
1992-08-10,17.875,18.00,17.50,17.875,37000,13.960584
1992-08-07,17.50,18.00,17.50,17.875,58300,13.960584
1992-08-06,17.875,17.875,17.50,17.50,4500,13.667705
1992-08-05,17.50,18.00,17.25,17.75,83200,13.862958
1992-08-04,17.75,18.00,17.75,17.75,26200,13.862958
1992-08-03,17.50,17.75,17.50,17.75,24300,13.862958
1992-07-31,17.50,18.00,17.50,17.75,53600,13.862958
1992-07-30,16.875,17.25,16.875,17.25,15700,13.472452
1992-07-29,16.75,16.875,16.375,16.875,45200,13.179572
1992-07-28,16.00,17.00,15.875,16.625,51200,12.98432
1992-07-27,16.25,16.25,15.625,15.875,40200,12.398561
1992-07-24,16.375,16.375,16.125,16.125,12700,12.593814
1992-07-23,16.25,16.50,16.25,16.375,5100,12.789067
1992-07-22,16.25,16.50,16.25,16.375,7400,12.789067
1992-07-21,16.375,16.375,16.25,16.25,15500,12.69144
1992-07-20,16.50,16.50,16.25,16.375,18900,12.789067
1992-07-17,16.75,16.75,16.50,16.50,18300,12.886693
1992-07-16,16.75,16.75,16.625,16.75,14200,13.081946
1992-07-15,16.625,16.875,16.625,16.625,4100,12.98432
1992-07-14,17.00,17.00,16.625,16.75,5000,13.081946
1992-07-13,16.625,16.875,16.625,16.75,8600,13.081946
1992-07-10,16.875,16.875,16.625,16.875,8200,13.179572
1992-07-09,16.625,16.875,16.625,16.75,6100,13.081946
1992-07-08,16.625,16.75,16.625,16.625,5400,12.98432
1992-07-07,16.875,16.875,16.50,16.625,11300,12.98432
1992-07-06,16.75,17.00,16.75,17.00,15000,13.277199
1992-07-02,16.75,16.875,16.50,16.75,16100,13.081946
1992-07-01,16.625,16.75,16.50,16.625,9000,12.98432
1992-06-30,16.625,16.625,16.25,16.50,14100,12.886693
1992-06-29,16.125,16.625,16.125,16.625,16400,12.98432
1992-06-26,16.125,16.125,16.125,16.125,6500,12.593814
1992-06-25,16.25,16.25,16.25,16.25,7400,12.69144
1992-06-24,16.125,16.375,16.125,16.125,48700,12.593814
1992-06-23,16.375,16.375,16.125,16.125,9600,12.593814
1992-06-22,16.375,16.375,16.25,16.25,8700,12.69144
1992-06-19,16.50,16.50,16.375,16.50,12200,12.886693
1992-06-18,16.375,16.375,16.00,16.25,73800,12.69144
1992-06-17,16.50,16.75,16.375,16.375,5600,12.789067
1992-06-16,16.75,16.75,16.50,16.50,11100,12.886693
1992-06-15,16.625,16.625,16.375,16.625,5200,12.98432
1992-06-12,16.25,16.50,16.25,16.50,14800,12.886693
1992-06-11,16.625,16.75,16.625,16.625,2400,12.98432
1992-06-10,16.625,16.875,16.50,16.625,6100,12.98432
1992-06-09,17.00,17.00,16.625,16.75,8200,13.081946
1992-06-08,17.125,17.25,16.75,16.75,17200,13.081946
1992-06-05,17.75,17.75,17.375,17.375,13600,13.531028
1992-06-04,17.25,17.75,17.25,17.75,22300,13.823064
1992-06-03,17.125,17.25,17.00,17.25,15200,13.433682
1992-06-02,17.00,17.375,16.75,17.375,42900,13.531028
1992-06-01,16.625,17.00,16.50,17.00,1500,13.238991
1992-05-29,16.75,16.75,16.50,16.625,67400,12.946955
1992-05-28,16.625,16.625,16.50,16.50,9400,12.849609
1992-05-27,17.00,17.00,16.75,16.75,6100,13.0443
1992-05-26,16.875,17.125,16.625,16.75,6500,13.0443
1992-05-22,17.00,17.125,16.875,17.125,2700,13.336337
1992-05-21,16.75,17.25,16.75,17.00,26500,13.238991
1992-05-20,17.25,17.25,16.75,17.00,10000,13.238991
1992-05-19,17.00,17.25,16.75,17.25,8900,13.433682
1992-05-18,17.00,17.50,16.75,17.125,37800,13.336337
1992-05-15,16.50,16.875,16.50,16.875,13400,13.141646
1992-05-14,16.25,16.75,16.25,16.75,29200,13.0443
1992-05-13,16.375,16.50,16.375,16.375,19800,12.752264
1992-05-12,16.25,16.375,16.25,16.25,53700,12.654918
1992-05-11,17.00,17.00,16.50,16.50,43700,12.849609
1992-05-08,16.875,17.00,16.875,17.00,9600,13.238991
1992-05-07,16.75,16.875,16.75,16.75,66300,13.0443
1992-05-06,17.00,17.25,16.875,16.875,9400,13.141646
1992-05-05,16.75,16.875,16.625,16.75,23700,13.0443
1992-05-04,16.75,16.875,16.75,16.75,19800,13.0443
1992-05-01,17.00,17.00,16.50,16.625,69800,12.946955
1992-04-30,16.75,17.00,16.625,17.00,24500,13.238991
1992-04-29,16.75,16.875,16.625,16.875,35600,13.141646
1992-04-28,17.00,17.375,16.75,16.75,6500,13.0443
1992-04-27,17.00,17.125,16.875,17.125,11500,13.336337
1992-04-24,17.25,17.25,17.125,17.125,16100,13.336337
1992-04-23,16.875,17.375,16.875,17.375,13800,13.531028
1992-04-22,16.75,17.00,16.50,17.00,80600,13.238991
1992-04-21,16.75,17.00,16.625,16.875,15000,13.141646
1992-04-20,17.00,17.00,16.75,16.75,11600,13.0443
1992-04-16,17.25,17.375,17.125,17.25,10500,13.433682
1992-04-15,17.125,17.375,17.125,17.375,19600,13.531028
1992-04-14,17.25,17.375,17.00,17.00,38800,13.238991
1992-04-13,17.375,17.50,17.125,17.50,13600,13.628373
1992-04-10,17.875,17.875,17.25,17.25,12300,13.433682
1992-04-09,17.25,17.625,17.00,17.625,9600,13.725719
1992-04-08,17.25,17.375,17.00,17.00,12200,13.238991
1992-04-07,17.75,17.875,17.50,17.50,6500,13.628373
1992-04-06,17.75,17.875,17.50,17.50,6500,13.628373
1992-04-03,17.75,17.75,17.50,17.625,14700,13.725719
1992-04-02,18.00,18.00,17.625,17.625,14000,13.725719
1992-04-01,18.00,18.00,17.75,17.875,59000,13.92041
1992-03-31,18.125,18.25,18.00,18.125,41400,14.115101
1992-03-30,18.125,18.25,18.00,18.25,58200,14.212446
1992-03-27,18.25,19.00,18.00,18.00,131900,14.017755
1992-03-26,17.875,18.00,17.625,18.00,115000,14.017755
1992-03-25,16.75,17.75,16.75,17.625,154700,13.725719
1992-03-24,15.875,16.25,15.875,16.125,25500,12.557573
1992-03-23,15.625,16.00,15.625,16.00,16200,12.460227
1992-03-20,15.50,15.625,15.50,15.625,23300,12.16819
1992-03-19,15.125,15.375,15.125,15.25,9800,11.876154
1992-03-18,15.25,15.375,15.125,15.125,11600,11.778808
1992-03-17,15.00,15.25,14.875,15.25,6600,11.876154
1992-03-16,14.50,14.875,14.50,14.875,26600,11.584117
1992-03-13,14.75,14.75,14.50,14.50,14900,11.292081
1992-03-12,15.00,15.125,14.75,14.875,14100,11.584117
1992-03-11,15.125,15.25,15.00,15.125,13700,11.778808
1992-03-10,15.00,15.25,15.00,15.125,5300,11.778808
1992-03-09,14.75,15.00,14.75,14.875,10600,11.584117
1992-03-06,14.875,15.00,14.875,14.875,12000,11.545179
1992-03-05,14.875,15.125,14.875,14.875,18400,11.545179
1992-03-04,15.00,15.375,14.875,15.00,14100,11.642197
1992-03-03,15.375,15.375,15.00,15.00,26100,11.642197
1992-03-02,15.25,15.375,15.25,15.25,3700,11.836234
1992-02-28,15.375,15.375,15.125,15.375,4400,11.933252
1992-02-27,15.25,15.50,15.125,15.125,19200,11.739215
1992-02-26,15.125,15.25,15.125,15.25,24000,11.836234
1992-02-25,15.50,15.50,15.125,15.125,17800,11.739215
1992-02-24,15.75,15.875,15.625,15.625,22400,12.127289
1992-02-21,15.50,16.00,15.50,16.00,58500,12.418344
1992-02-20,15.75,16.00,15.75,15.75,15200,12.224307
1992-02-19,15.75,16.00,15.625,16.00,32800,12.418344
1992-02-18,16.00,16.125,15.625,16.00,115000,12.418344
1992-02-14,15.75,16.375,15.75,16.00,163400,12.418344
1992-02-13,15.625,15.75,15.50,15.50,29600,12.03027
1992-02-12,15.00,15.875,15.00,15.625,58700,12.127289
1992-02-11,15.00,15.25,15.00,15.25,13800,11.836234
1992-02-10,14.875,15.00,14.75,15.00,9800,11.642197
1992-02-07,14.25,14.375,14.125,14.375,9400,11.157106
1992-02-06,14.75,14.75,14.375,14.375,16800,11.157106
1992-02-05,15.00,15.00,14.875,15.00,60500,11.642197
1992-02-04,14.50,15.25,14.50,15.00,31600,11.642197
1992-02-03,14.25,14.625,14.25,14.625,21300,11.351142
1992-01-31,14.125,14.50,14.00,14.25,19400,11.060087
1992-01-30,14.00,14.25,14.00,14.00,16100,10.866051
1992-01-29,14.00,14.125,13.875,13.875,35100,10.769032
1992-01-28,14.875,14.875,14.125,14.125,11700,10.963069
1992-01-27,14.625,14.875,14.625,14.75,54600,11.44816
1992-01-24,13.75,14.625,13.75,14.625,38000,11.351142
1992-01-23,13.625,13.875,13.625,13.625,8700,10.574996
1992-01-22,13.50,13.75,13.50,13.625,38200,10.574996
1992-01-21,14.00,14.00,13.25,13.50,48800,10.477977
1992-01-20,13.375,13.50,13.25,13.375,47700,10.380959
1992-01-17,12.625,13.25,12.50,13.25,45500,10.283941
1992-01-16,12.375,12.75,12.25,12.50,42100,9.701831
1992-01-15,12.75,12.75,12.375,12.50,27700,9.701831
1992-01-14,12.625,13.00,12.50,12.875,30200,9.992886
1992-01-13,12.875,12.875,12.50,12.625,7700,9.798849
1992-01-10,13.25,13.375,12.875,13.00,7200,10.089904
1992-01-09,13.25,13.50,13.25,13.25,19500,10.283941
1992-01-08,13.25,13.375,13.125,13.375,14300,10.380959
1992-01-07,13.625,13.625,13.125,13.125,12900,10.186922
1992-01-06,13.625,13.625,13.25,13.50,23400,10.477977
1992-01-03,13.50,13.75,13.50,13.50,6600,10.477977
1992-01-02,13.50,13.625,13.375,13.625,15600,10.574996
1991-12-31,12.75,13.375,12.25,13.375,48700,10.380959
1991-12-30,12.50,12.875,12.375,12.75,61900,9.895868
1991-12-27,12.375,12.625,12.375,12.625,34700,9.798849
1991-12-26,12.375,12.625,12.125,12.50,11300,9.701831
1991-12-24,12.125,12.50,12.125,12.50,48600,9.701831
1991-12-23,11.875,12.00,11.875,12.00,31500,9.313758
1991-12-20,12.00,12.125,11.75,11.875,21800,9.216739
1991-12-19,12.125,12.25,11.875,11.875,22000,9.216739
1991-12-18,11.875,12.125,11.875,12.125,11600,9.410776
1991-12-17,12.125,12.125,11.875,11.875,8100,9.216739
1991-12-16,12.125,12.25,11.75,12.125,25300,9.410776
1991-12-13,12.25,12.75,12.00,12.375,44200,9.566005
1991-12-12,11.125,12.375,11.00,12.375,71900,9.566005
1991-12-11,10.625,11.125,10.625,11.00,175800,8.503115
1991-12-10,10.50,10.625,10.25,10.625,74200,8.213236
1991-12-09,10.50,10.75,10.375,10.50,37800,8.11661
1991-12-06,10.875,10.875,9.50,10.375,209500,8.019984
1991-12-05,11.50,11.625,11.00,11.00,10800,8.503115
1991-12-04,11.50,11.625,11.25,11.50,29800,8.889621
1991-12-03,11.75,11.75,11.50,11.50,23500,8.889621
1991-12-02,12.00,12.00,11.50,11.625,231200,8.986247
1991-11-29,12.00,12.125,11.625,12.125,34900,9.372752
1991-11-27,11.875,12.00,11.75,11.875,66900,9.1795
1991-11-26,12.50,12.50,11.75,12.00,49300,9.276126
1991-11-25,12.375,12.625,12.25,12.50,56800,9.662631
1991-11-22,13.25,13.25,12.50,12.75,38700,9.855884
1991-11-21,13.00,13.125,13.00,13.125,26200,10.145763
1991-11-20,13.125,13.125,12.875,13.125,19000,10.145763
1991-11-19,13.375,13.375,12.875,13.125,55600,10.145763
1991-11-18,13.375,13.50,13.00,13.50,42000,10.435642
1991-11-15,13.25,13.375,13.125,13.375,53700,10.339015
1991-11-14,13.00,13.125,12.875,13.00,20900,10.049136
1991-11-13,13.00,13.00,12.875,13.00,24200,10.049136
1991-11-12,13.125,13.125,13.00,13.125,7600,10.145763
1991-11-11,13.25,13.375,13.00,13.00,38100,10.049136
1991-11-08,13.125,13.50,13.125,13.25,26300,10.242389
1991-11-07,13.50,13.50,13.25,13.25,24800,10.242389
1991-11-06,13.50,13.625,13.125,13.375,40500,10.339015
1991-11-05,13.50,13.50,13.375,13.50,33200,10.435642
1991-11-04,13.625,13.75,13.50,13.625,26600,10.532268
1991-11-01,13.75,14.00,13.75,13.75,42400,10.628894
1991-10-31,13.375,13.75,13.125,13.625,78700,10.532268
1991-10-30,13.625,13.875,13.625,13.75,21400,10.628894
1991-10-29,13.125,13.50,13.125,13.50,12500,10.435642
1991-10-28,13.00,13.375,12.875,13.00,13000,10.049136
1991-10-25,13.375,13.375,13.00,13.00,575100,10.049136
1991-10-24,14.00,14.00,13.50,13.50,17000,10.435642
1991-10-23,13.625,13.875,13.625,13.875,18400,10.725521
1991-10-22,13.875,14.00,13.625,13.75,18900,10.628894
1991-10-21,13.625,14.00,13.625,14.00,45600,10.822147
1991-10-18,13.75,13.75,13.625,13.625,27100,10.532268
1991-10-17,13.75,13.75,13.625,13.75,20200,10.628894
1991-10-16,13.875,14.00,13.50,13.75,161800,10.628894
1991-10-15,13.75,14.00,13.75,13.875,13000,10.725521
1991-10-14,13.875,14.00,13.75,13.75,8400,10.628894
1991-10-11,13.875,14.00,13.625,13.875,39800,10.725521
1991-10-10,14.00,14.00,13.625,14.00,51100,10.822147
1991-10-09,13.875,14.50,13.875,14.00,62400,10.822147
1991-10-08,13.875,14.125,13.875,14.00,26400,10.822147
1991-10-07,14.125,14.125,13.875,13.875,66600,10.725521
1991-10-04,14.25,14.375,13.875,14.00,51600,10.822147
1991-10-03,14.50,14.50,13.875,14.375,53800,11.112026
1991-10-02,14.875,14.875,14.375,14.50,19700,11.208652
1991-10-01,15.00,15.25,14.75,14.875,24400,11.498531
1991-09-30,15.25,15.25,14.75,14.875,51000,11.498531
1991-09-27,15.25,15.375,14.875,14.875,171000,11.498531
1991-09-26,15.25,15.375,15.125,15.375,6200,11.885036
1991-09-25,15.125,15.25,15.00,15.25,21200,11.78841
1991-09-24,15.375,15.375,15.00,15.25,49900,11.78841
1991-09-23,15.25,15.25,15.00,15.25,21200,11.78841
1991-09-20,15.25,15.375,15.125,15.125,110000,11.691784
1991-09-19,15.25,15.375,15.125,15.125,9800,11.691784
1991-09-18,15.00,15.375,15.00,15.375,20000,11.885036
1991-09-17,14.75,15.00,14.75,15.00,57200,11.595157
1991-09-16,14.75,15.00,14.75,14.875,19700,11.498531
1991-09-13,15.50,15.50,14.625,14.875,108600,11.498531
1991-09-12,16.00,16.125,15.375,15.375,39100,11.885036
1991-09-11,15.875,16.125,15.875,16.00,77800,12.368168
1991-09-10,16.00,16.00,15.75,16.00,29300,12.368168
1991-09-09,15.875,16.00,15.625,16.00,16400,12.368168
1991-09-06,16.00,16.00,15.625,15.875,32600,12.1324
1991-09-05,16.00,16.00,15.875,16.00,61300,12.227931
1991-09-04,16.00,16.125,15.875,16.125,53200,12.323462
1991-09-03,16.125,16.125,15.875,16.125,8900,12.323462
1991-08-30,15.875,16.125,15.75,16.125,48000,12.323462
1991-08-29,16.125,16.125,15.875,16.00,36000,12.227931
1991-08-28,16.25,16.25,15.625,16.00,184300,12.227931
1991-08-27,16.875,17.00,16.25,16.375,32200,12.514523
1991-08-26,17.125,17.25,16.875,16.875,26700,12.896646
1991-08-23,16.75,17.00,16.625,16.875,20000,12.896646
1991-08-22,16.875,16.875,16.50,16.875,23500,12.896646
1991-08-21,17.00,17.125,16.875,17.00,47400,12.992177
1991-08-20,16.75,17.00,16.75,16.875,34100,12.896646
1991-08-19,16.50,16.625,16.25,16.625,19600,12.705585
1991-08-16,16.625,16.75,16.625,16.75,19500,12.801115
1991-08-15,16.875,16.875,16.75,16.75,31100,12.801115
1991-08-14,16.875,16.875,16.75,16.75,20900,12.801115
1991-08-13,16.875,17.00,16.75,16.75,10200,12.801115
1991-08-12,16.875,16.875,16.75,16.75,15700,12.801115
1991-08-09,17.00,17.125,16.875,16.875,73500,12.896646
1991-08-08,16.75,17.00,16.75,17.00,12100,12.992177
1991-08-07,17.00,17.125,16.75,16.75,31900,12.801115
1991-08-06,16.875,17.00,16.75,17.00,20100,12.992177
1991-08-05,16.875,17.25,16.75,17.00,22800,12.992177
1991-08-02,16.875,17.125,16.875,17.125,13800,13.087707
1991-08-01,17.00,17.25,16.875,17.00,7200,12.992177
1991-07-31,17.00,17.25,16.875,17.25,14800,13.183238
1991-07-30,17.125,17.375,17.125,17.125,14200,13.087707
1991-07-29,17.25,17.375,16.875,17.125,24200,13.087707
1991-07-26,17.375,17.50,17.375,17.375,10800,13.278769
1991-07-25,17.50,17.50,17.375,17.50,3000,13.3743
1991-07-24,17.875,17.875,17.25,17.375,73500,13.278769
1991-07-23,17.875,18.125,17.75,17.875,32400,13.660892
1991-07-22,18.125,18.125,17.875,18.00,20100,13.756422
1991-07-19,18.00,18.125,18.00,18.125,7700,13.851953
1991-07-18,18.00,18.25,18.00,18.00,60000,13.756422
1991-07-17,18.00,18.125,18.00,18.00,114900,13.756422
1991-07-16,17.75,18.25,17.75,18.00,68900,13.756422
1991-07-15,17.25,17.75,17.00,17.75,36500,13.565361
1991-07-12,17.00,17.25,17.00,17.25,14900,13.183238
1991-07-11,16.875,17.25,16.875,17.00,9000,12.992177
1991-07-10,17.00,17.25,17.00,17.00,45200,12.992177
1991-07-09,17.25,17.375,17.00,17.00,104600,12.992177
1991-07-08,16.50,17.00,16.50,17.00,15900,12.992177
1991-07-05,16.875,16.875,16.625,16.625,3500,12.705585
1991-07-03,17.125,17.375,16.625,16.625,46900,12.705585
1991-07-02,17.25,17.375,17.25,17.375,29500,13.278769
1991-07-01,17.75,17.875,17.125,17.125,14800,13.087707
1991-06-28,16.75,17.875,16.75,17.75,101000,13.565361
1991-06-27,16.50,16.875,16.25,16.875,42400,12.896646
1991-06-26,16.75,16.75,16.00,16.50,100600,12.610054
1991-06-25,16.375,16.875,16.375,16.75,20700,12.801115
1991-06-24,17.25,17.25,16.375,16.50,11100,12.610054
1991-06-21,17.25,17.25,16.875,17.125,24800,13.087707
1991-06-20,17.625,17.75,17.25,17.25,15200,13.183238
1991-06-19,17.875,17.875,17.50,17.625,14300,13.46983
1991-06-18,18.00,18.125,17.625,17.875,43800,13.660892
1991-06-17,17.375,17.875,17.375,17.75,13400,13.565361
1991-06-14,17.25,17.50,17.125,17.375,12900,13.278769
1991-06-13,17.375,17.375,17.00,17.375,44600,13.278769
1991-06-12,17.875,18.00,17.25,17.375,77800,13.278769
1991-06-11,18.125,18.50,18.00,18.125,11200,13.851953
1991-06-10,18.50,18.50,18.25,18.375,3500,14.043015
1991-06-07,18.75,18.875,18.75,18.875,11900,14.287573
1991-06-06,18.75,18.875,18.75,18.875,6300,14.287573
1991-06-05,18.75,19.125,18.75,19.00,38300,14.382193
1991-06-04,18.50,19.00,18.50,19.00,41200,14.382193
1991-06-03,18.50,18.625,18.25,18.50,83500,14.003714
1991-05-31,18.625,18.625,18.25,18.50,18800,14.003714
1991-05-30,19.00,19.00,18.50,18.625,27900,14.098334
1991-05-29,18.875,19.00,18.50,18.75,54900,14.192954
1991-05-28,18.125,18.75,18.00,18.75,50300,14.192954
1991-05-24,18.875,18.875,18.25,18.25,5800,13.814475
1991-05-23,19.25,19.25,18.75,18.75,43100,14.192954
1991-05-22,19.00,19.375,19.00,19.25,9900,14.571432
1991-05-21,19.125,19.375,19.00,19.00,44900,14.382193
1991-05-20,19.125,19.375,19.125,19.25,20200,14.571432
1991-05-17,19.375,19.50,19.125,19.375,14400,14.666052
1991-05-16,19.875,20.00,19.375,19.50,24700,14.760672
1991-05-15,19.375,19.75,19.375,19.75,20000,14.949911
1991-05-14,19.50,19.50,19.25,19.50,26200,14.760672
1991-05-13,19.50,19.625,19.25,19.625,29700,14.855292
1991-05-10,18.50,19.75,18.50,19.25,79800,14.571432
1991-05-09,18.125,18.50,17.875,18.50,36000,14.003714
1991-05-08,17.625,18.00,17.625,18.00,14600,13.625236
1991-05-07,17.75,17.875,17.625,17.875,30900,13.530616
1991-05-06,17.625,17.75,17.625,17.625,10600,13.341376
1991-05-03,17.75,17.875,17.625,17.625,51100,13.341376
1991-05-02,16.875,17.625,16.875,17.625,44400,13.341376
1991-05-01,17.125,17.25,16.875,16.875,48600,12.773658
1991-04-30,17.50,17.50,17.00,17.00,26300,12.868278
1991-04-29,17.875,17.875,17.50,17.50,43600,13.246757
1991-04-26,17.50,17.75,17.375,17.75,43500,13.435996
1991-04-25,17.25,17.625,17.25,17.50,152400,13.246757
1991-04-24,17.25,17.25,17.00,17.00,22900,12.868278
1991-04-23,17.25,17.25,17.00,17.25,13600,13.057517
1991-04-22,17.375,17.375,17.125,17.125,10800,12.962898
1991-04-19,17.875,17.875,17.50,17.625,11500,13.341376
1991-04-18,17.25,17.875,17.125,17.875,11100,13.530616
1991-04-17,17.125,17.375,17.00,17.375,59900,13.152137
1991-04-16,16.625,17.25,16.625,17.00,23700,12.868278
1991-04-15,16.50,16.75,16.375,16.75,34600,12.679039
1991-04-12,16.375,16.75,16.375,16.50,37600,12.489799
1991-04-11,16.25,16.50,16.25,16.375,63700,12.39518
1991-04-10,16.375,16.50,16.25,16.50,29700,12.489799
1991-04-09,16.75,16.75,16.25,16.375,21700,12.39518
1991-04-08,16.75,16.75,16.625,16.625,4000,12.584419
1991-04-05,16.875,17.125,16.75,16.875,14700,12.773658
1991-04-04,16.875,17.00,16.625,16.75,31700,12.679039
1991-04-03,17.00,17.125,16.75,16.75,57500,12.679039
1991-04-02,16.50,17.125,16.375,17.00,56200,12.868278
1991-04-01,16.125,16.50,16.125,16.375,46200,12.39518
1991-03-28,16.375,16.375,16.00,16.125,10400,12.20594
1991-03-27,16.50,16.50,16.25,16.375,27100,12.39518
1991-03-26,16.625,16.625,16.125,16.375,9800,12.39518
1991-03-25,16.625,16.625,16.25,16.50,6600,12.489799
1991-03-22,16.50,16.625,16.25,16.625,18400,12.584419
1991-03-21,16.75,16.875,16.625,16.625,5800,12.584419
1991-03-20,16.75,16.75,16.625,16.75,5000,12.679039
1991-03-19,17.125,17.25,16.625,16.75,18300,12.679039
1991-03-18,16.75,17.00,16.625,17.00,43900,12.868278
1991-03-15,16.875,16.875,16.75,16.875,26400,12.773658
1991-03-14,17.375,17.375,16.875,17.00,13700,12.868278
1991-03-13,17.375,17.625,17.125,17.25,8300,13.057517
1991-03-12,17.25,17.50,17.25,17.375,19100,13.152137
1991-03-11,17.625,17.625,17.375,17.375,3800,13.152137
1991-03-08,17.625,18.00,17.50,17.875,8200,13.394363
1991-03-07,17.75,18.00,17.625,17.625,14100,13.207029
1991-03-06,17.75,18.125,17.75,17.875,27400,13.394363
1991-03-05,17.75,17.75,17.375,17.50,9400,13.113362
1991-03-04,17.50,17.75,17.375,17.50,4600,13.113362
1991-03-01,17.25,17.625,17.25,17.375,9700,13.019695
1991-02-28,17.50,17.75,17.25,17.50,17000,13.113362
1991-02-27,17.50,17.75,17.375,17.50,3200,13.113362
1991-02-26,18.125,18.125,17.50,17.625,5400,13.207029
1991-02-25,18.00,18.375,17.875,18.125,73800,13.581697
1991-02-22,18.125,18.25,17.625,17.75,31800,13.300696
1991-02-21,18.25,18.375,18.125,18.25,39200,13.675364
1991-02-20,18.75,18.75,18.375,18.50,25000,13.862697
1991-02-19,18.50,18.875,18.50,18.75,22400,14.050031
1991-02-15,18.625,18.875,18.50,18.625,14400,13.956364
1991-02-14,19.00,19.125,18.625,18.625,7800,13.956364
1991-02-13,18.75,18.875,18.50,18.875,3900,14.143698
1991-02-12,18.125,18.625,18.00,18.50,42800,13.862697
1991-02-11,18.125,18.375,18.00,18.375,56600,13.76903
1991-02-08,18.25,18.25,18.00,18.25,7600,13.675364
1991-02-07,18.125,18.375,18.00,18.25,126800,13.675364
1991-02-06,18.75,18.75,18.00,18.25,40800,13.675364
1991-02-05,19.125,19.125,18.75,18.875,29900,14.143698
1991-02-04,18.625,19.375,18.625,19.375,27200,14.518365
1991-02-01,18.25,18.875,18.125,18.875,20300,14.143698
1991-01-31,18.00,18.125,17.875,18.125,8900,13.581697
1991-01-30,18.00,18.25,17.875,17.875,30200,13.394363
1991-01-29,18.25,18.375,18.125,18.125,56200,13.581697
1991-01-28,18.125,18.375,18.00,18.375,20300,13.76903
1991-01-25,17.50,18.125,17.50,17.875,27100,13.394363
1991-01-24,17.25,17.625,17.25,17.625,79900,13.207029
1991-01-23,16.125,16.75,16.125,16.75,35200,12.551361
1991-01-22,16.125,16.375,16.125,16.25,21900,12.176694
1991-01-21,15.625,16.25,15.375,16.25,17300,12.176694
1991-01-18,15.50,15.50,15.25,15.50,17900,11.614692
1991-01-17,15.25,15.875,15.25,15.625,19500,11.708359
1991-01-16,15.00,15.125,15.00,15.00,9600,11.240025
1991-01-15,15.25,15.25,14.875,14.875,46700,11.146358
1991-01-14,15.25,15.375,15.00,15.375,10500,11.521025
1991-01-11,15.25,15.50,15.25,15.375,13500,11.521025
1991-01-10,15.00,15.125,15.00,15.125,8000,11.333692
1991-01-09,14.50,14.875,14.50,14.875,48000,11.146358
1991-01-08,14.625,14.625,14.50,14.50,7800,10.865357
1991-01-07,14.75,14.75,14.625,14.625,6500,10.959024
1991-01-04,14.875,14.875,14.625,14.625,7400,10.959024
1991-01-03,14.50,14.875,14.50,14.75,10500,11.052691
1991-01-02,14.125,14.75,14.125,14.625,35600,10.959024
1990-12-31,14.125,14.125,13.75,14.00,20900,10.49069
1990-12-28,13.75,14.125,13.75,14.00,29700,10.49069
1990-12-27,13.75,14.125,13.75,13.875,6000,10.397023
1990-12-26,13.875,14.00,13.75,13.75,142900,10.303356
1990-12-24,14.00,14.00,13.75,14.00,8200,10.49069
1990-12-21,14.125,14.125,13.875,14.00,40100,10.49069
1990-12-20,13.75,14.00,13.75,14.00,15800,10.49069
1990-12-19,14.25,14.375,13.75,13.75,36500,10.303356
1990-12-18,14.75,14.75,14.25,14.375,45300,10.77169
1990-12-17,14.875,14.875,14.75,14.75,19700,11.052691
1990-12-14,15.50,15.625,15.00,15.00,95300,11.105145
1990-12-13,15.50,15.75,15.50,15.625,15700,11.567859
1990-12-12,15.375,15.50,15.375,15.50,4300,11.475316
1990-12-11,15.75,16.00,15.25,15.375,23700,11.382773
1990-12-10,15.75,16.125,15.625,15.875,14300,11.752945
1990-12-07,16.125,16.25,15.875,16.25,9400,12.030573
1990-12-06,15.625,16.00,15.625,16.00,13500,11.845488
1990-12-05,14.875,15.25,14.875,15.25,12700,11.29023
1990-12-04,14.625,15.00,14.625,14.625,13400,10.827516
1990-12-03,14.625,14.75,14.25,14.625,36600,10.827516
1990-11-30,14.625,14.625,14.50,14.50,13200,10.734973
1990-11-29,15.00,15.125,14.625,14.625,5400,10.827516
1990-11-28,15.125,15.125,15.00,15.00,37700,11.105145
1990-11-27,15.125,15.25,15.00,15.00,17100,11.105145
1990-11-26,15.25,15.25,15.00,15.125,23300,11.197687
1990-11-23,14.625,15.25,14.625,15.125,13100,11.197687
1990-11-21,14.375,14.75,14.375,14.75,18400,10.920059
1990-11-20,13.875,14.50,13.875,14.50,34000,10.734973
1990-11-19,14.00,14.00,13.75,13.875,10900,10.272259
1990-11-16,14.375,14.375,14.00,14.125,39100,10.457345
1990-11-15,14.125,14.375,14.00,14.375,59000,10.64243
1990-11-14,13.75,14.375,13.375,14.375,58500,10.64243
1990-11-13,13.625,14.00,13.625,13.75,51100,10.179716
1990-11-12,13.375,13.50,13.25,13.50,20400,9.99463
1990-11-09,13.00,13.375,12.75,13.375,25800,9.902087
1990-11-08,12.875,13.125,12.875,13.00,4300,9.624459
1990-11-07,12.875,13.00,12.75,13.00,3400,9.624459
1990-11-06,12.75,13.375,12.75,13.00,33800,9.624459
1990-11-05,12.625,12.875,12.50,12.625,31100,9.34683
1990-11-02,12.125,12.75,12.00,12.625,30800,9.34683
1990-11-01,13.125,13.125,11.50,12.00,52800,8.884116
1990-10-31,13.25,13.375,13.125,13.125,9200,9.717002
1990-10-30,13.125,13.25,13.125,13.25,7700,9.809544
1990-10-29,13.625,13.625,13.25,13.25,11000,9.809544
1990-10-26,13.75,13.875,13.50,13.75,9700,10.179716
1990-10-25,14.25,14.25,13.875,13.875,10300,10.272259
1990-10-24,14.25,14.625,14.25,14.25,5600,10.549887
1990-10-23,14.625,14.625,14.25,14.25,800,10.549887
1990-10-22,14.125,14.625,14.125,14.50,8000,10.734973
1990-10-19,14.125,14.375,14.00,14.25,3100,10.549887
1990-10-18,14.125,14.375,14.00,14.00,4000,10.364802
1990-10-17,14.125,14.25,14.00,14.00,5100,10.364802
1990-10-16,14.125,14.125,14.00,14.00,1200,10.364802
1990-10-15,13.875,14.25,13.875,14.25,21000,10.549887
1990-10-12,13.50,14.00,13.50,13.875,24300,10.272259
1990-10-11,13.50,13.50,13.375,13.50,26600,9.99463
1990-10-10,14.125,14.125,13.25,13.375,34000,9.902087
1990-10-09,14.50,14.50,14.00,14.00,7400,10.364802
1990-10-08,14.50,14.50,14.25,14.375,10600,10.64243
1990-10-05,14.875,14.875,14.375,14.375,19200,10.64243
1990-10-04,15.50,15.50,15.00,15.00,12500,11.105145
1990-10-03,15.75,16.00,15.50,15.50,12500,11.475316
1990-10-02,15.75,16.50,15.75,15.75,17900,11.660402
1990-10-01,14.50,15.75,14.375,15.75,42100,11.660402
1990-09-28,13.625,14.25,13.25,14.25,15800,10.549887
1990-09-27,13.75,13.75,13.25,13.625,124600,10.087173
1990-09-26,13.375,13.625,13.00,13.625,74600,10.087173
1990-09-25,15.25,15.50,13.50,13.50,94600,9.99463
1990-09-24,16.125,16.375,15.50,15.50,11900,11.475316
1990-09-21,16.75,16.75,16.125,16.125,19700,11.93803
1990-09-20,16.625,16.875,16.25,16.625,17900,12.308202
1990-09-19,16.625,17.00,16.625,16.75,34800,12.400745
1990-09-18,16.875,17.00,16.625,16.75,43500,12.400745
1990-09-17,17.00,17.00,16.75,17.00,15400,12.585831
1990-09-14,17.50,17.50,17.25,17.375,6300,12.863459
1990-09-13,18.00,18.00,17.25,17.625,12300,13.048545
1990-09-12,18.00,18.25,18.00,18.25,3900,13.511259
1990-09-11,18.25,18.25,18.125,18.25,3300,13.511259
1990-09-10,18.50,18.75,18.25,18.25,11200,13.511259
1990-09-07,18.50,18.50,18.50,18.50,1600,13.563083
1990-09-06,18.75,18.75,18.25,18.375,1500,13.471441
1990-09-05,18.50,18.75,18.50,18.75,2900,13.746368
1990-09-04,18.625,18.75,18.50,18.50,6100,13.563083
1990-08-31,18.75,18.875,18.75,18.75,3200,13.746368
1990-08-30,18.625,18.625,18.50,18.50,2300,13.563083
1990-08-29,18.75,19.00,18.50,18.75,12100,13.746368
1990-08-28,18.75,19.00,18.75,18.75,21400,13.746368
1990-08-27,18.25,18.75,18.25,18.50,23300,13.563083
1990-08-24,18.375,18.50,18.00,18.00,10100,13.196513
1990-08-23,18.625,18.875,18.375,18.50,8700,13.563083
1990-08-22,18.50,18.75,18.50,18.50,6900,13.563083
1990-08-21,18.75,19.125,18.75,19.00,11700,13.929653
1990-08-20,19.25,19.25,18.75,19.00,13400,13.929653
1990-08-17,19.625,19.625,19.50,19.50,21000,14.296223
1990-08-16,19.75,19.75,19.625,19.75,23900,14.479508
1990-08-15,19.875,20.00,19.875,20.00,12500,14.662793
1990-08-14,19.75,19.875,19.50,19.875,6200,14.57115
1990-08-13,19.625,19.75,19.50,19.75,11700,14.479508
1990-08-10,19.50,19.625,19.25,19.50,31100,14.296223
1990-08-09,19.75,20.00,19.50,19.75,14000,14.479508
1990-08-08,19.75,19.875,19.75,19.75,1600,14.479508
1990-08-07,20.00,20.00,19.75,19.75,4900,14.479508
1990-08-06,20.125,20.125,19.50,20.00,17500,14.662793
1990-08-03,20.875,20.875,20.125,20.375,5700,14.93772
1990-08-02,20.875,21.125,20.625,20.625,23000,15.121005
1990-08-01,20.625,21.375,20.625,21.00,14100,15.395932
1990-07-31,20.50,20.875,20.50,20.625,18200,15.121005
1990-07-30,20.75,20.75,20.50,20.625,12700,15.121005
1990-07-27,21.00,21.00,20.75,20.75,31700,15.212647
1990-07-26,21.50,21.625,21.25,21.25,62800,15.579217
1990-07-25,21.75,21.75,21.375,21.625,6600,15.854145
1990-07-24,21.75,21.875,21.375,21.625,22000,15.854145
1990-07-23,23.375,23.375,21.375,21.625,87500,15.854145
1990-07-20,23.50,23.625,23.50,23.50,36500,17.228781
1990-07-19,23.375,23.625,23.375,23.50,28200,17.228781
1990-07-18,24.00,24.00,23.625,23.625,48100,17.320424
1990-07-17,24.375,24.50,24.00,24.00,57400,17.595351
1990-07-16,24.375,24.50,24.375,24.375,7800,17.870279
1990-07-13,24.125,24.50,24.125,24.25,26200,17.778636
1990-07-12,24.125,24.50,24.00,24.00,28900,17.595351
1990-07-11,24.25,24.375,24.25,24.25,12100,17.778636
1990-07-10,24.25,24.625,24.25,24.375,8000,17.870279
1990-07-09,24.25,24.375,24.25,24.25,4100,17.778636
1990-07-06,24.25,24.25,24.125,24.125,2700,17.686994
1990-07-05,24.375,24.625,24.125,24.25,12100,17.778636
1990-07-03,24.375,24.625,24.25,24.625,4700,18.053563
1990-07-02,24.625,24.875,24.375,24.625,5600,18.053563
1990-06-29,24.00,24.875,24.00,24.875,31300,18.236848
1990-06-28,24.25,24.25,24.00,24.125,9000,17.686994
1990-06-27,24.125,24.375,24.00,24.125,17600,17.686994
1990-06-26,24.00,24.25,24.00,24.125,20500,17.686994
1990-06-25,24.625,24.625,24.125,24.25,5700,17.778636
1990-06-22,24.75,25.00,24.50,24.50,24700,17.961921
1990-06-21,24.50,24.875,24.50,24.75,19000,18.145206
1990-06-20,24.50,24.75,24.50,24.50,5600,17.961921
1990-06-19,24.625,24.875,24.50,24.50,24800,17.961921
1990-06-18,24.875,24.875,24.625,24.75,19400,18.145206
1990-06-15,24.625,24.75,24.625,24.75,7400,18.145206
1990-06-14,24.625,25.00,24.625,24.625,16400,18.053563
1990-06-13,24.75,25.00,24.75,24.75,19300,18.145206
1990-06-12,24.75,25.00,24.50,24.75,17900,18.145206
1990-06-11,24.25,24.75,24.25,24.625,17800,18.053563
1990-06-08,25.25,25.25,24.875,24.875,20600,18.104884
1990-06-07,25.00,25.125,25.00,25.125,8600,18.286842
1990-06-06,25.25,25.25,25.00,25.00,11600,18.195863
1990-06-05,24.625,25.25,24.50,25.00,63400,18.195863
1990-06-04,24.25,24.75,24.25,24.375,7800,17.740966
1990-06-01,24.25,24.375,24.125,24.375,12800,17.740966
1990-05-31,24.00,24.50,24.00,24.00,38000,17.468029
1990-05-30,24.50,24.50,24.00,24.00,68100,17.468029
1990-05-29,24.25,24.75,24.25,24.375,32400,17.740966
1990-05-25,24.00,24.125,24.00,24.00,16600,17.468029
1990-05-24,23.875,24.125,23.875,24.125,33700,17.559008
1990-05-23,24.00,24.25,23.875,23.875,17900,17.377049
1990-05-22,23.875,24.50,23.875,24.125,80900,17.559008
1990-05-21,22.625,23.625,22.625,23.50,9000,17.104111
1990-05-18,22.50,22.75,22.50,22.50,5500,16.376277
1990-05-17,22.50,22.875,22.375,22.75,17200,16.558235
1990-05-16,22.625,22.75,22.25,22.25,10400,16.194318
1990-05-15,22.375,22.625,22.25,22.375,8500,16.285297
1990-05-14,22.50,22.875,22.375,22.50,52000,16.376277
1990-05-11,22.25,22.875,22.25,22.75,12200,16.558235
1990-05-10,22.00,22.00,22.00,22.00,2900,16.012359
1990-05-09,22.00,22.125,21.875,22.00,14900,16.012359
1990-05-08,22.125,22.25,22.125,22.125,6100,16.103339
1990-05-07,22.25,22.625,22.125,22.375,10500,16.285297
1990-05-04,22.25,22.50,22.25,22.375,84300,16.285297
1990-05-03,22.125,22.25,22.00,22.25,16700,16.194318
1990-05-02,22.25,22.25,22.00,22.00,5600,16.012359
1990-05-01,22.25,22.25,22.125,22.25,67800,16.194318
1990-04-30,22.25,22.25,22.125,22.25,11900,16.194318
1990-04-27,22.875,23.00,22.375,22.50,41200,16.376277
1990-04-26,22.875,23.00,22.75,22.75,83300,16.558235
1990-04-25,23.00,23.00,22.625,23.00,100400,16.740194
1990-04-24,23.25,23.375,23.125,23.125,66800,16.831173
1990-04-23,23.25,23.25,23.125,23.25,4700,16.922153
1990-04-20,23.375,23.50,23.125,23.375,42300,17.013132
1990-04-19,23.50,23.50,23.375,23.375,40700,17.013132
1990-04-18,23.875,24.00,23.50,23.50,35300,17.104111
1990-04-17,23.125,23.875,23.125,23.875,13000,17.377049
1990-04-16,23.25,23.75,23.25,23.375,28900,17.013132
1990-04-12,23.00,23.50,23.00,23.25,25900,16.922153
1990-04-11,22.75,23.00,22.75,23.00,7100,16.740194
1990-04-10,23.00,23.00,22.875,22.875,24000,16.649215
1990-04-09,22.50,23.00,22.50,23.00,36200,16.740194
1990-04-06,22.625,22.75,22.625,22.625,32600,16.467256
1990-04-05,22.625,22.875,22.50,22.875,5400,16.649215
1990-04-04,22.375,22.75,22.375,22.50,36600,16.376277
1990-04-03,22.125,22.375,22.00,22.375,8700,16.285297
1990-04-02,22.125,22.50,22.125,22.125,6700,16.103339
1990-03-30,22.375,22.50,22.25,22.375,24600,16.285297
1990-03-29,22.25,22.375,22.125,22.375,8200,16.285297
1990-03-28,22.00,22.375,22.00,22.25,21000,16.194318
1990-03-27,21.50,21.50,21.375,21.50,3100,15.648442
1990-03-26,21.375,21.625,21.375,21.625,3000,15.739422
1990-03-23,21.375,21.375,21.375,21.375,4400,15.557463
1990-03-22,21.625,21.625,21.25,21.25,9800,15.466484
1990-03-21,21.625,22.00,21.625,21.625,10600,15.739422
1990-03-20,21.625,21.75,21.625,21.625,10800,15.739422
1990-03-19,21.875,21.875,21.50,21.75,15900,15.830401
1990-03-16,22.00,22.25,22.00,22.125,32900,16.103339
1990-03-15,21.75,22.375,21.625,22.125,25500,16.103339
1990-03-14,21.50,21.625,21.50,21.50,16400,15.648442
1990-03-13,21.625,21.625,21.50,21.50,25200,15.648442
1990-03-12,21.50,21.75,21.50,21.625,10500,15.739422
1990-03-09,22.00,22.00,21.875,21.875,25900,15.797649
1990-03-08,22.00,22.00,21.875,21.875,33000,15.797649
1990-03-07,21.75,22.25,21.75,21.875,82400,15.797649
1990-03-06,21.375,22.00,21.375,22.00,10500,15.887921
1990-03-05,20.625,21.50,20.625,21.50,5200,15.526832
1990-03-02,20.875,21.125,20.75,20.75,5200,14.985198
1990-03-01,20.375,20.875,20.375,20.75,16000,14.985198
1990-02-28,20.50,20.75,20.375,20.50,19100,14.804654
1990-02-27,21.00,21.00,20.50,20.50,7800,14.804654
1990-02-26,20.75,21.125,20.75,20.75,23500,14.985198
1990-02-23,21.00,21.00,20.875,20.875,6200,15.07547
1990-02-22,20.875,21.125,20.875,20.875,2200,15.07547
1990-02-21,21.00,21.125,20.875,20.875,11900,15.07547
1990-02-20,21.125,21.25,21.125,21.125,32900,15.256015
1990-02-16,20.875,21.50,20.875,21.125,8000,15.256015
1990-02-15,20.625,20.875,20.625,20.875,4000,15.07547
1990-02-14,20.625,20.875,20.625,20.625,5700,14.894926
1990-02-13,20.50,20.875,20.50,20.625,10800,14.894926
1990-02-12,20.50,20.625,20.25,20.625,3200,14.894926
1990-02-09,20.625,20.625,20.25,20.25,5400,14.624109
1990-02-08,19.875,20.625,19.875,20.50,21900,14.804654
1990-02-07,20.125,20.25,19.875,20.125,3600,14.533837
1990-02-06,20.375,20.375,20.00,20.00,4000,14.443564
1990-02-05,20.125,20.25,19.875,20.25,4400,14.624109
1990-02-02,20.00,20.625,20.00,20.375,22700,14.714381
1990-02-01,20.00,20.375,20.00,20.25,8600,14.624109
1990-01-31,19.75,20.00,19.375,20.00,42800,14.443564
1990-01-30,19.875,19.875,19.50,19.50,29700,14.082475
1990-01-29,19.75,20.25,19.625,19.625,36600,14.172748
1990-01-26,20.125,20.125,19.75,19.75,21300,14.26302
1990-01-25,20.00,20.25,20.00,20.25,38100,14.624109
1990-01-24,19.75,20.125,19.50,20.00,25200,14.443564
1990-01-23,19.625,20.375,19.50,20.00,135900,14.443564
1990-01-22,19.875,20.25,19.50,19.50,28600,14.082475
1990-01-19,19.75,20.125,19.75,20.125,20200,14.533837
1990-01-18,19.375,20.00,19.375,19.625,24800,14.172748
1990-01-17,19.25,19.75,19.125,19.375,63900,13.992203
1990-01-16,19.125,19.75,19.125,19.625,24600,14.172748
1990-01-15,20.00,20.00,19.25,19.25,102600,13.901931
1990-01-12,20.75,20.875,20.25,20.375,40300,14.714381
1990-01-11,21.00,21.00,20.625,20.875,54600,15.07547
1990-01-10,21.25,21.50,21.25,21.25,15900,15.346287
1990-01-09,22.50,22.50,21.375,21.375,61000,15.436559
1990-01-08,22.75,22.75,22.125,22.50,36600,16.24901
1990-01-05,21.75,22.875,21.50,22.75,35200,16.429555
1990-01-04,21.50,21.75,21.25,21.50,69200,15.526832
1990-01-03,21.25,21.50,21.00,21.25,61500,15.346287
1990-01-02,21.125,21.25,20.75,21.125,94500,15.256015
1989-12-29,20.625,21.25,20.625,20.875,60100,15.07547
1989-12-28,21.625,21.625,20.875,20.875,23800,15.07547
1989-12-27,22.00,22.00,21.625,21.75,14400,15.707376
1989-12-26,21.625,21.875,21.625,21.75,9600,15.707376
1989-12-22,21.375,21.875,21.25,21.75,28800,15.707376
1989-12-21,20.25,21.125,20.25,21.00,31100,15.165743
1989-12-20,21.25,21.25,20.50,20.50,26100,14.804654
1989-12-19,20.875,21.125,20.625,21.00,17800,15.165743
1989-12-18,20.75,20.875,20.50,20.875,52100,15.07547
1989-12-15,20.75,21.125,20.375,20.75,189100,14.985198
1989-12-14,21.25,21.375,20.875,20.875,20300,15.07547
1989-12-13,21.625,21.75,21.25,21.375,27700,15.313788
1989-12-12,22.00,22.00,21.75,21.75,16400,15.582451
1989-12-11,22.00,22.00,21.75,21.875,18300,15.672006
1989-12-08,22.25,22.375,21.75,21.75,12400,15.582451
1989-12-07,22.00,22.625,21.75,22.125,19200,15.851114
1989-12-06,23.25,23.25,21.875,22.00,29700,15.76156
1989-12-05,23.125,23.375,22.875,23.25,15200,16.657103
1989-12-04,22.75,23.00,22.50,23.00,6600,16.477994
1989-12-01,23.25,23.25,22.75,23.00,18900,16.477994
1989-11-30,23.50,23.625,23.25,23.25,23600,16.657103
1989-11-29,23.75,23.875,23.375,23.50,5800,16.836212
1989-11-28,23.75,23.875,23.50,23.75,12200,17.01532
1989-11-27,23.625,23.875,23.50,23.50,9600,16.836212
1989-11-24,23.125,23.50,23.125,23.375,12600,16.746657
1989-11-22,23.00,23.50,23.00,23.125,11900,16.567549
1989-11-21,23.75,23.875,23.00,23.125,52000,16.567549
1989-11-20,24.625,24.625,23.50,23.50,26400,16.836212
1989-11-17,24.625,24.875,24.625,24.875,73500,17.821309
1989-11-16,24.625,24.875,24.375,24.75,72000,17.731755
1989-11-15,24.25,25.00,24.25,24.75,31100,17.731755
1989-11-14,23.50,25.25,23.50,24.25,128500,17.373538
1989-11-13,22.50,23.50,22.50,23.50,24300,16.836212
1989-11-10,22.25,22.50,22.125,22.50,26200,16.119777
1989-11-09,21.50,22.00,21.375,22.00,113100,15.76156
1989-11-08,21.25,21.50,21.25,21.375,23300,15.313788
1989-11-07,21.25,21.50,21.125,21.50,44500,15.403343
1989-11-06,21.50,21.75,21.25,21.25,19700,15.224234
1989-11-03,21.875,22.00,21.625,21.625,62600,15.492897
1989-11-02,22.25,22.25,21.875,21.875,39500,15.672006
1989-11-01,22.50,22.75,22.125,22.25,34000,15.940668
1989-10-31,22.125,22.625,22.125,22.625,101000,16.209331
1989-10-30,21.875,22.375,21.875,22.125,16100,15.851114
1989-10-27,22.25,22.25,21.875,22.00,62300,15.76156
1989-10-26,22.375,22.50,22.25,22.375,37400,16.030223
1989-10-25,22.375,22.625,22.25,22.375,96900,16.030223
1989-10-24,22.00,22.375,21.625,22.375,117800,16.030223
1989-10-23,22.125,22.375,21.875,22.00,16600,15.76156
1989-10-20,22.125,22.375,21.625,22.25,99400,15.940668
1989-10-19,22.00,22.125,21.875,22.125,39000,15.851114
1989-10-18,22.00,22.375,22.00,22.125,39500,15.851114
1989-10-17,22.25,22.25,21.75,22.00,38900,15.76156
1989-10-16,22.00,22.625,21.50,22.25,147300,15.940668
1989-10-13,22.375,22.875,22.125,22.25,73700,15.940668
1989-10-12,22.00,22.375,22.00,22.25,139700,15.940668
1989-10-11,22.625,22.625,22.00,22.25,163100,15.940668
1989-10-10,22.875,22.875,22.375,22.50,35000,16.119777
1989-10-09,22.625,22.875,22.50,22.625,29400,16.209331
1989-10-06,22.875,23.00,22.625,22.875,64400,16.38844
1989-10-05,23.25,23.375,22.875,23.00,75500,16.477994
1989-10-04,23.50,23.50,23.25,23.375,107500,16.746657
1989-10-03,23.50,23.625,23.375,23.50,39400,16.836212
1989-10-02,23.375,23.625,23.375,23.375,43800,16.746657
1989-09-29,23.25,23.375,22.50,23.125,83200,16.567549
1989-09-28,25.00,25.00,23.25,23.25,175800,16.657103
1989-09-27,24.875,24.875,24.625,24.625,38800,17.642201
1989-09-26,25.00,25.00,24.625,25.00,18300,17.910863
1989-09-25,25.00,25.25,24.875,25.00,14900,17.910863
1989-09-22,25.125,25.625,25.00,25.25,83600,18.089972
1989-09-21,24.50,24.875,24.50,24.875,71600,17.821309
1989-09-20,24.50,25.00,24.125,24.625,98500,17.642201
1989-09-19,24.50,24.75,24.50,24.50,80500,17.552646
1989-09-18,24.375,24.75,24.375,24.50,20600,17.552646
1989-09-15,24.625,24.625,24.375,24.375,82000,17.463092
1989-09-14,24.50,24.625,24.375,24.625,60100,17.642201
1989-09-13,24.50,24.75,24.50,24.50,23800,17.552646
1989-09-12,24.75,24.875,24.50,24.625,64500,17.642201
1989-09-11,25.25,25.25,24.875,24.875,45200,17.821309
1989-09-08,25.375,25.375,25.25,25.375,28200,18.057733
1989-09-07,25.125,25.375,25.00,25.375,146200,18.057733
1989-09-06,25.125,25.375,24.875,25.00,75600,17.79087
1989-09-05,25.125,25.375,25.125,25.375,35700,18.057733
1989-09-01,25.50,25.50,25.25,25.25,22600,17.968779
1989-08-31,25.50,25.50,25.25,25.50,97800,18.146688
1989-08-30,25.75,25.75,25.375,25.50,43800,18.146688
1989-08-29,25.50,25.625,25.50,25.50,73400,18.146688
1989-08-28,25.75,26.00,25.50,25.625,101800,18.235642
1989-08-25,24.50,26.00,24.50,25.875,193600,18.413551
1989-08-24,24.50,24.75,24.125,24.375,144500,17.346099
1989-08-23,24.25,24.625,24.25,24.50,46000,17.435053
1989-08-22,24.50,24.625,24.25,24.25,26800,17.257144
1989-08-21,24.625,24.625,24.375,24.625,138800,17.524007
1989-08-18,24.50,24.625,24.375,24.625,29500,17.524007
1989-08-17,24.50,24.50,24.375,24.50,33200,17.435053
1989-08-16,24.625,24.625,24.375,24.375,14600,17.346099
1989-08-15,24.625,24.875,24.50,24.75,77200,17.612962
1989-08-14,24.625,24.875,24.50,24.75,33300,17.612962
1989-08-11,24.875,25.00,24.50,24.875,97800,17.701916
1989-08-10,24.875,24.875,24.625,24.75,31200,17.612962
1989-08-09,24.875,24.875,24.75,24.875,34900,17.701916
1989-08-08,25.125,25.125,24.625,24.875,67600,17.701916
1989-08-07,24.50,25.25,24.50,25.125,50300,17.879825
1989-08-04,24.75,25.00,24.25,24.75,76000,17.612962
1989-08-03,25.00,25.125,24.625,24.625,431400,17.524007
1989-08-02,25.125,25.125,24.875,25.00,41100,17.79087
1989-08-01,25.25,25.50,24.875,24.875,76400,17.701916
1989-07-31,24.875,25.00,24.75,25.00,23800,17.79087
1989-07-28,25.00,25.125,24.625,24.625,136400,17.524007
1989-07-27,25.25,25.25,24.75,25.00,40300,17.79087
1989-07-26,25.125,25.25,24.375,25.125,113900,17.879825
1989-07-25,26.50,26.50,25.00,25.125,220500,17.879825
1989-07-24,27.00,27.00,26.50,26.50,51400,18.858323
1989-07-21,26.50,27.00,26.50,27.00,11300,19.21414
1989-07-20,26.625,26.875,26.625,26.625,257400,18.947277
1989-07-19,26.75,26.875,26.75,26.875,16400,19.125186
1989-07-18,26.75,26.875,26.625,26.875,13700,19.125186
1989-07-17,26.00,26.625,26.00,26.625,7200,18.947277
1989-07-14,26.25,26.25,25.875,25.875,11900,18.413551
1989-07-13,26.25,26.25,26.125,26.25,29500,18.680414
1989-07-12,26.25,26.625,26.125,26.25,53100,18.680414
1989-07-11,26.00,26.375,26.00,26.25,50400,18.680414
1989-07-10,26.50,26.50,26.00,26.00,7200,18.502505
1989-07-07,26.25,26.50,26.25,26.25,8900,18.680414
1989-07-06,26.50,26.75,26.25,26.25,32700,18.680414
1989-07-05,25.875,26.375,25.875,26.375,35200,18.769368
1989-07-03,25.625,26.25,25.625,26.125,10900,18.59146
1989-06-30,25.875,26.00,25.50,25.625,114300,18.235642
1989-06-29,27.25,27.25,25.625,25.875,28100,18.413551
1989-06-28,27.625,27.625,27.375,27.375,40600,19.481003
1989-06-27,27.625,27.875,27.25,27.50,51000,19.569957
1989-06-26,28.25,28.25,27.375,27.625,13500,19.658912
1989-06-23,27.875,28.00,27.75,28.00,172600,19.925775
1989-06-22,28.125,28.125,27.625,27.625,104600,19.658912
1989-06-21,28.625,28.625,28.125,28.125,7000,20.014729
1989-06-20,28.625,28.875,28.50,28.50,47200,20.281592
1989-06-19,28.375,28.75,28.375,28.75,12300,20.459501
1989-06-16,28.125,28.50,28.125,28.50,9900,20.281592
1989-06-15,28.25,28.375,28.25,28.25,19700,20.103684
1989-06-14,28.25,28.625,28.125,28.375,35500,20.192638
1989-06-13,28.125,28.25,28.00,28.25,65900,20.103684
1989-06-12,28.75,29.00,28.375,28.375,23900,20.192638
1989-06-09,29.25,29.25,28.875,29.125,42300,20.605385
1989-06-08,29.375,29.375,29.00,29.00,25300,20.51695
1989-06-07,29.25,29.375,29.125,29.125,36400,20.605385
1989-06-06,29.50,29.50,29.375,29.375,28100,20.782255
1989-06-05,29.75,29.75,29.375,29.375,79000,20.782255
1989-06-02,29.625,29.625,29.25,29.50,28400,20.87069
1989-06-01,29.125,29.375,29.00,29.125,158900,20.605385
1989-05-31,29.375,29.625,29.25,29.375,37200,20.782255
1989-05-30,29.125,29.375,29.125,29.25,114400,20.69382
1989-05-26,29.125,29.375,29.125,29.125,17200,20.605385
1989-05-25,28.75,29.25,28.50,29.125,51100,20.605385
1989-05-24,29.25,29.25,28.875,28.875,50300,20.428515
1989-05-23,29.25,29.50,29.00,29.00,97300,20.51695
1989-05-22,28.375,29.25,28.375,29.125,131700,20.605385
1989-05-19,28.50,28.50,28.125,28.125,97300,19.897904
1989-05-18,28.125,28.25,28.00,28.125,14700,19.897904
1989-05-17,27.75,28.00,27.75,27.875,7600,19.721034
1989-05-16,27.875,28.00,27.625,27.875,12700,19.721034
1989-05-15,28.00,28.00,27.75,27.75,6300,19.632598
1989-05-12,27.875,28.25,27.75,28.25,15800,19.986339
1989-05-11,28.125,28.125,27.875,27.875,10000,19.721034
1989-05-10,28.125,28.25,27.875,27.875,13200,19.721034
1989-05-09,28.25,28.375,28.125,28.125,6900,19.897904
1989-05-08,28.375,28.625,28.125,28.50,14200,20.163209
1989-05-05,28.75,29.00,28.50,28.50,10500,20.163209
1989-05-04,28.50,28.75,28.50,28.75,23900,20.34008
1989-05-03,28.50,28.75,28.50,28.50,6100,20.163209
1989-05-02,28.375,28.625,28.375,28.625,13200,20.251644
1989-05-01,28.625,28.75,28.50,28.625,1900,20.251644
1989-04-28,28.375,28.625,28.375,28.50,16000,20.163209
1989-04-27,28.25,28.50,28.25,28.375,30600,20.074774
1989-04-26,28.625,28.625,28.25,28.50,11900,20.163209
1989-04-25,28.375,28.75,28.375,28.50,1200,20.163209
1989-04-24,28.625,28.625,28.125,28.25,5800,19.986339
1989-04-21,28.75,28.875,28.625,28.75,13400,20.34008
1989-04-20,28.75,29.00,28.625,28.625,33900,20.251644
1989-04-19,29.875,29.875,28.75,28.75,12800,20.34008
1989-04-18,30.00,30.125,29.875,30.00,16900,21.224431
1989-04-17,29.375,29.875,29.375,29.625,10800,20.959125
1989-04-14,29.375,29.50,29.375,29.375,8800,20.782255
1989-04-13,29.50,29.625,29.375,29.375,4800,20.782255
1989-04-12,29.00,29.50,29.00,29.50,3800,20.87069
1989-04-11,29.25,29.375,29.00,29.00,30600,20.51695
1989-04-10,29.375,29.375,29.00,29.00,4600,20.51695
1989-04-07,29.50,29.625,29.375,29.375,16700,20.782255
1989-04-06,29.50,29.625,29.375,29.625,72100,20.959125
1989-04-05,29.50,29.75,29.50,29.50,65200,20.87069
1989-04-04,29.375,29.625,29.375,29.50,65600,20.87069
1989-04-03,29.625,29.625,29.375,29.50,29200,20.87069
1989-03-31,29.75,30.00,29.50,29.50,21800,20.87069
1989-03-30,30.00,30.00,29.75,30.00,14900,21.224431
1989-03-29,29.875,30.25,29.875,30.00,26700,21.224431
1989-03-28,29.50,29.625,29.50,29.625,9800,20.959125
1989-03-27,29.125,29.375,29.125,29.375,18100,20.782255
1989-03-23,29.125,29.50,29.00,29.25,40000,20.69382
1989-03-22,29.00,29.25,29.00,29.00,30600,20.51695
1989-03-21,28.625,29.00,28.625,28.875,9000,20.428515
1989-03-20,28.75,28.875,28.625,28.625,22500,20.251644
1989-03-17,29.50,29.50,29.00,29.00,11200,20.51695
1989-03-16,29.25,29.75,29.25,29.75,35800,21.047561
1989-03-15,29.25,29.50,29.125,29.25,4800,20.69382
1989-03-14,29.25,29.50,29.25,29.375,51500,20.782255
1989-03-13,29.00,29.25,28.875,29.125,19700,20.605385
1989-03-10,29.00,29.25,29.00,29.125,23400,20.492188
1989-03-09,29.50,29.50,29.125,29.125,9200,20.492188
1989-03-08,28.75,29.50,28.75,29.25,11500,20.580138
1989-03-07,29.125,29.25,29.00,29.00,23200,20.404239
1989-03-06,28.75,29.00,28.75,28.875,9800,20.31629
1989-03-03,28.25,28.625,28.25,28.625,27100,20.140391
1989-03-02,28.125,28.50,28.125,28.25,17100,19.876543
1989-03-01,28.375,28.50,28.25,28.25,21000,19.876543
1989-02-28,28.25,28.375,28.25,28.375,18800,19.964492
1989-02-27,28.375,28.50,28.125,28.125,2300,19.788594
1989-02-24,28.125,28.375,28.125,28.375,16300,19.964492
1989-02-23,28.00,28.125,28.00,28.125,27400,19.788594
1989-02-22,28.375,28.375,28.00,28.25,43300,19.876543
1989-02-21,28.25,28.375,28.125,28.375,6400,19.964492
1989-02-17,28.00,28.875,28.00,28.50,9600,20.052442
1989-02-16,28.00,28.25,28.00,28.00,5700,19.700644
1989-02-15,28.25,28.50,28.00,28.125,25600,19.788594
1989-02-14,27.875,28.125,27.875,28.00,67100,19.700644
1989-02-13,27.75,28.00,27.625,27.75,32300,19.524746
1989-02-10,28.50,28.50,27.875,28.00,72600,19.700644
1989-02-09,29.375,29.625,29.125,29.125,44000,20.492188
1989-02-08,29.75,29.875,29.50,29.50,22000,20.756036
1989-02-07,29.50,29.75,29.50,29.625,19000,20.843985
1989-02-06,29.375,29.75,29.375,29.50,25100,20.756036
1989-02-03,29.50,29.625,29.375,29.625,13900,20.843985
1989-02-02,29.375,29.625,29.375,29.375,41800,20.668087
1989-02-01,28.75,29.375,28.75,29.25,33000,20.580138
1989-01-31,28.75,28.875,28.75,28.75,10000,20.22834
1989-01-30,28.75,28.875,28.50,28.75,48000,20.22834
1989-01-27,28.625,28.875,28.625,28.625,14200,20.140391
1989-01-26,28.625,28.75,28.375,28.625,43700,20.140391
1989-01-25,28.00,28.375,27.75,28.375,10100,19.964492
1989-01-24,28.125,28.25,28.00,28.25,20600,19.876543
1989-01-23,28.75,28.75,27.875,27.875,20200,19.612695
1989-01-20,28.625,28.875,28.50,28.50,31900,20.052442
1989-01-19,28.00,28.75,28.00,28.625,44100,20.140391
1989-01-18,27.50,28.00,27.50,27.75,11100,19.524746
1989-01-17,27.625,27.625,27.50,27.50,20000,19.348847
1989-01-16,27.50,27.50,27.375,27.375,12800,19.260898
1989-01-13,27.75,27.875,27.75,27.75,9200,19.524746
1989-01-12,27.75,27.875,27.625,27.75,17300,19.524746
1989-01-11,27.625,27.875,27.625,27.75,15700,19.524746
1989-01-10,27.625,28.00,27.625,27.625,10500,19.436797
1989-01-09,28.00,28.00,27.50,27.50,7000,19.348847
1989-01-06,27.625,28.00,27.625,28.00,20200,19.700644
1989-01-05,27.375,28.25,27.375,27.625,16000,19.436797
1989-01-04,26.625,27.50,26.625,27.50,10700,19.348847
1989-01-03,26.375,26.875,26.125,26.75,24800,18.821151
1988-12-30,26.00,26.50,26.00,26.50,9900,18.645253
1988-12-29,25.75,26.25,25.75,26.125,12800,18.381405
1988-12-28,25.75,26.00,25.75,26.00,10700,18.293456
1988-12-27,25.625,25.875,25.625,25.75,7700,18.117557
1988-12-23,25.25,26.00,25.25,25.75,12900,18.117557
1988-12-22,25.75,25.875,25.50,25.50,45300,17.941658
1988-12-21,25.375,25.75,25.375,25.625,30700,18.029608
1988-12-20,25.375,25.75,25.25,25.375,31800,17.853709
1988-12-19,25.50,25.875,25.25,25.375,41700,17.853709
1988-12-16,25.75,25.75,25.125,25.75,73500,18.117557
1988-12-15,25.625,25.875,25.375,25.75,115200,18.117557
1988-12-14,25.50,25.75,25.50,25.75,36800,18.117557
1988-12-13,25.25,25.50,25.25,25.375,44000,17.853709
1988-12-12,25.375,25.50,25.25,25.25,101600,17.76576
1988-12-09,25.00,25.50,25.00,25.375,50700,17.741135
1988-12-08,26.00,26.125,25.00,25.25,29600,17.65374
1988-12-07,26.00,26.125,26.00,26.00,12600,18.178108
1988-12-06,26.125,26.25,25.75,25.75,43500,18.003319
1988-12-05,26.25,26.25,26.00,26.125,30500,18.265503
1988-12-02,26.25,26.50,26.25,26.25,24900,18.352898
1988-12-01,26.125,26.50,26.125,26.50,6700,18.527687
1988-11-30,26.125,26.50,26.125,26.125,29300,18.265503
1988-11-29,26.00,26.375,26.00,26.125,6900,18.265503
1988-11-28,26.00,26.25,26.00,26.25,6200,18.352898
1988-11-25,26.00,26.25,26.00,26.25,17200,18.352898
1988-11-23,25.875,26.25,25.875,26.25,54900,18.352898
1988-11-22,25.625,26.125,25.625,26.125,8500,18.265503
1988-11-21,25.875,26.00,25.50,25.875,21500,18.090714
1988-11-18,25.50,25.875,25.25,25.875,34500,18.090714
1988-11-17,25.625,26.00,25.625,25.625,11900,17.915924
1988-11-16,25.625,25.875,25.625,25.75,24400,18.003319
1988-11-15,25.625,25.875,25.625,25.625,9800,17.915924
1988-11-14,26.25,26.50,25.625,25.625,19900,17.915924
1988-11-11,26.375,26.50,26.375,26.50,28700,18.527687
1988-11-10,26.25,26.50,26.25,26.375,21300,18.440293
1988-11-09,26.375,26.625,26.375,26.50,4200,18.527687
1988-11-08,26.25,26.50,26.00,26.50,4900,18.527687
1988-11-07,26.125,26.50,26.00,26.25,6800,18.352898
1988-11-04,26.25,26.625,26.25,26.375,7400,18.440293
1988-11-03,26.75,26.875,26.25,26.50,11700,18.527687
1988-11-02,26.50,26.75,26.50,26.50,9100,18.527687
1988-11-01,26.625,26.875,26.625,26.625,5800,18.615082
1988-10-31,26.50,27.00,26.25,26.875,10300,18.789872
1988-10-28,26.00,26.625,26.00,26.50,15500,18.527687
1988-10-27,26.375,26.50,25.75,26.00,14500,18.178108
1988-10-26,26.75,26.75,26.25,26.375,154600,18.440293
1988-10-25,26.875,27.00,26.625,26.625,75900,18.615082
1988-10-24,27.00,27.00,26.75,26.75,52300,18.702477
1988-10-21,26.75,27.25,26.625,27.25,19400,19.052056
1988-10-20,26.50,26.875,26.50,26.75,5600,18.702477
1988-10-19,26.75,26.875,26.50,26.50,21300,18.527687
1988-10-18,26.625,26.875,26.25,26.625,9100,18.615082
1988-10-17,27.25,27.25,26.75,26.875,6200,18.789872
1988-10-14,27.375,27.625,27.25,27.25,3500,19.052056
1988-10-13,27.25,27.50,27.00,27.375,17200,19.139451
1988-10-12,27.75,28.00,27.375,27.50,38600,19.226845
1988-10-11,26.75,28.00,26.75,28.00,23600,19.576424
1988-10-10,27.00,27.00,26.75,27.00,2600,18.877266
1988-10-07,27.00,27.25,26.875,27.25,16300,19.052056
1988-10-06,27.00,27.125,26.75,26.75,24600,18.702477
1988-10-05,27.125,27.125,26.875,27.00,276300,18.877266
1988-10-04,27.25,27.50,27.125,27.125,4300,18.964661
1988-10-03,27.00,27.375,26.875,27.375,86200,19.139451
1988-09-30,27.125,27.375,27.00,27.00,8700,18.877266
1988-09-29,26.875,27.00,26.625,27.00,65700,18.877266
1988-09-28,26.75,26.875,26.625,26.75,17500,18.702477
1988-09-27,25.50,26.75,25.50,26.625,19600,18.615082
1988-09-26,25.25,25.875,25.25,25.625,44500,17.915924
1988-09-23,25.50,25.50,24.875,25.25,60200,17.65374
1988-09-22,26.00,26.00,25.625,25.75,67800,18.003319
1988-09-21,27.00,27.625,26.375,26.375,43700,18.440293
1988-09-20,25.00,27.00,25.00,27.00,37800,18.877266
1988-09-19,25.125,25.375,25.00,25.00,3200,17.47895
1988-09-16,25.125,25.375,25.125,25.125,13800,17.566345
1988-09-15,25.375,25.375,25.125,25.375,26900,17.741135
1988-09-14,24.75,25.375,24.625,25.375,22000,17.741135
1988-09-13,25.00,25.00,24.75,24.75,3300,17.304161
1988-09-12,25.25,25.50,25.125,25.25,3000,17.65374
1988-09-09,25.50,25.50,25.375,25.50,5200,17.716663
1988-09-08,25.375,25.625,25.00,25.625,167000,17.80351
1988-09-07,25.125,25.50,25.125,25.50,9200,17.716663
1988-09-06,24.75,25.25,24.50,25.25,15400,17.542971
1988-09-02,24.625,25.25,24.625,25.00,10300,17.369278
1988-09-01,25.50,25.625,24.625,24.875,11500,17.282431
1988-08-31,25.25,25.875,25.25,25.625,45100,17.80351
1988-08-30,25.50,25.625,25.25,25.375,8000,17.629817
1988-08-29,25.875,25.875,25.50,25.625,4000,17.80351
1988-08-26,26.25,26.25,25.625,25.75,11500,17.890356
1988-08-25,26.50,26.50,26.25,26.25,15000,18.237742
1988-08-24,25.75,26.50,25.50,26.50,123000,18.411434
1988-08-23,25.25,25.875,25.25,25.75,26200,17.890356
1988-08-22,24.50,26.375,24.25,25.50,504600,17.716663
1988-08-19,24.50,24.625,24.375,24.50,25400,17.021892
1988-08-18,24.375,24.50,24.375,24.375,23900,16.935046
1988-08-17,24.375,24.625,24.25,24.625,5500,17.108739
1988-08-16,24.125,24.875,24.125,24.375,10500,16.935046
1988-08-15,25.00,25.00,24.00,24.125,12600,16.761353
1988-08-12,25.50,25.50,25.00,25.00,4300,17.369278
1988-08-11,25.50,25.75,25.50,25.50,44400,17.716663
1988-08-10,25.875,26.00,25.75,25.75,101000,17.890356
1988-08-09,26.00,26.375,25.875,25.875,14600,17.977202
1988-08-08,26.375,26.50,26.25,26.25,4400,18.237742
1988-08-05,26.875,26.875,26.25,26.625,14200,18.498281
1988-08-04,27.00,27.00,26.50,26.625,11400,18.498281
1988-08-03,27.00,27.25,27.00,27.25,17000,18.932513
1988-08-02,27.375,27.50,27.125,27.125,10100,18.845666
1988-08-01,27.00,27.50,27.00,27.125,31700,18.845666
1988-07-29,27.00,27.25,27.00,27.00,43100,18.75882
1988-07-28,27.00,27.00,27.00,27.00,4900,18.75882
1988-07-27,27.375,27.375,27.00,27.125,15400,18.845666
1988-07-26,27.50,27.875,27.50,27.50,36300,19.106206
1988-07-25,28.125,28.125,27.75,28.00,1600,19.453591
1988-07-22,28.50,28.50,28.00,28.00,9200,19.453591
1988-07-21,28.25,28.625,28.25,28.625,6000,19.887823
1988-07-20,28.00,28.00,28.00,28.00,3300,19.453591
1988-07-19,27.625,27.875,27.625,27.875,10500,19.366745
1988-07-18,27.75,27.75,27.50,27.75,9400,19.279898
1988-07-15,27.00,28.00,27.00,28.00,32400,19.453591
1988-07-14,27.25,27.50,26.75,27.25,30700,18.932513
1988-07-13,27.75,27.75,27.375,27.375,4300,19.019359
1988-07-12,28.375,28.375,28.00,28.00,68600,19.453591
1988-07-11,28.75,28.75,28.375,28.375,5500,19.71413
1988-07-08,28.875,29.00,28.875,29.00,3300,20.148362
1988-07-07,29.125,29.375,29.00,29.00,12800,20.148362
1988-07-06,28.875,29.25,28.625,29.25,42700,20.322055
1988-07-05,28.875,28.875,28.625,28.875,12200,20.061516
1988-07-01,29.625,29.625,28.75,29.125,38600,20.235209
1988-06-30,28.50,29.625,28.375,29.625,46700,20.582594
1988-06-29,27.625,28.75,27.625,28.75,30600,19.974669
1988-06-28,27.25,27.75,27.125,27.625,17700,19.193052
1988-06-27,28.375,28.375,27.375,27.375,33600,19.019359
1988-06-24,28.875,28.875,28.125,28.125,13700,19.540437
1988-06-23,28.50,28.875,28.375,28.625,31300,19.887823
1988-06-22,27.25,28.375,27.125,28.25,257800,19.627284
1988-06-21,27.00,27.375,26.75,27.375,11400,19.019359
1988-06-20,27.125,27.375,27.00,27.00,1800,18.75882
1988-06-17,27.625,27.625,27.375,27.375,13400,19.019359
1988-06-16,27.75,27.75,27.50,27.50,8100,19.106206
1988-06-15,27.75,27.75,27.375,27.75,44900,19.279898
1988-06-14,27.375,27.50,27.125,27.50,46300,19.106206
1988-06-13,27.75,27.75,27.125,27.25,19600,18.932513
1988-06-10,27.25,27.875,27.25,27.625,24900,19.193052
1988-06-09,27.625,27.75,27.00,27.375,30700,19.019359
1988-06-08,27.25,27.50,27.25,27.50,56000,19.106206
1988-06-07,27.50,27.625,27.25,27.375,44600,19.019359
1988-06-06,26.875,27.25,26.875,27.25,87100,18.932513
1988-06-03,26.875,27.25,26.875,26.875,47300,18.56081
1988-06-02,27.00,27.125,26.625,27.125,30800,18.733469
1988-06-01,25.875,26.75,25.875,26.75,56100,18.474481
1988-05-31,25.75,25.875,25.375,25.875,18800,17.870175
1988-05-27,26.00,26.00,25.625,25.625,10700,17.697516
1988-05-26,26.50,26.50,26.125,26.125,17800,18.042834
1988-05-25,26.375,26.50,26.125,26.25,22000,18.129163
1988-05-24,26.50,26.50,26.125,26.125,16900,18.042834
1988-05-23,26.125,26.375,26.00,26.25,35600,18.129163
1988-05-20,26.125,26.625,26.125,26.375,32500,18.215493
1988-05-19,26.50,26.75,26.125,26.25,55100,18.129163
1988-05-18,26.75,27.00,26.00,26.00,15500,17.956504
1988-05-17,27.375,27.625,26.875,27.00,17100,18.647139
1988-05-16,27.75,27.75,27.125,27.375,25800,18.906127
1988-05-13,28.125,28.125,27.50,27.50,13400,18.992457
1988-05-12,27.875,28.375,27.875,28.125,35500,19.424103
1988-05-11,28.25,28.25,27.375,27.875,78300,19.251445
1988-05-10,28.875,29.00,28.75,28.75,37600,19.85575
1988-05-09,28.625,29.25,28.625,29.125,41200,20.114738
1988-05-06,28.50,28.75,28.50,28.50,41200,19.683091
1988-05-05,28.50,28.50,27.75,28.375,74900,19.596762
1988-05-04,29.00,29.25,28.50,28.625,42800,19.769421
1988-05-03,29.00,29.00,28.75,29.00,5500,20.028409
1988-05-02,28.875,29.00,28.625,29.00,31800,20.028409
1988-04-29,29.50,29.50,29.00,29.00,8400,20.028409
1988-04-28,29.50,30.00,29.25,29.50,36800,20.373726
1988-04-27,29.625,29.875,29.00,29.25,44900,20.201068
1988-04-26,30.00,30.125,29.50,29.625,24500,20.460056
1988-04-25,29.75,30.50,29.625,29.75,14700,20.546385
1988-04-22,30.00,30.375,29.875,30.125,32700,20.805373
1988-04-21,30.00,30.00,29.875,30.00,21500,20.719044
1988-04-20,29.50,30.00,29.50,30.00,18000,20.719044
1988-04-19,29.00,29.375,29.00,29.25,47800,20.201068
1988-04-18,28.625,29.25,28.625,29.125,17200,20.114738
1988-04-15,28.50,28.875,28.125,28.875,10800,19.942079
1988-04-14,29.625,29.625,28.50,29.00,39500,20.028409
1988-04-13,30.25,30.50,29.25,29.375,33200,20.287397
1988-04-12,30.00,30.25,30.00,30.25,18800,20.891702
1988-04-11,30.875,30.875,30.00,30.25,18300,20.891702
1988-04-08,30.00,31.00,30.00,30.875,48000,21.323349
1988-04-07,30.00,30.375,30.00,30.25,12200,20.891702
1988-04-06,29.625,30.25,29.625,30.25,29300,20.891702
1988-04-05,29.75,30.00,29.75,29.875,10000,20.632714
1988-04-04,29.50,30.00,29.50,29.625,27200,20.460056
1988-03-31,29.50,29.625,29.375,29.375,7800,20.287397
1988-03-30,29.375,30.125,29.375,29.625,42700,20.460056
1988-03-29,29.00,29.25,29.00,29.00,26700,20.028409
1988-03-28,29.00,29.125,28.75,29.00,51300,20.028409
1988-03-25,29.25,29.375,29.00,29.125,23100,20.114738
1988-03-24,28.50,29.50,28.50,29.25,46700,20.201068
1988-03-23,28.00,29.00,28.00,28.875,31300,19.942079
1988-03-22,27.625,27.875,27.50,27.75,23700,19.165115
1988-03-21,27.75,27.75,27.125,27.625,33100,19.078786
1988-03-18,28.00,28.25,27.625,27.625,31100,19.078786
1988-03-17,27.875,28.25,27.625,27.875,47600,19.251445
1988-03-16,27.625,27.875,27.00,27.75,30300,19.165115
1988-03-15,27.875,28.00,27.625,27.75,28000,19.165115
1988-03-14,27.875,27.875,27.50,27.75,36800,19.165115
1988-03-11,28.75,28.75,28.125,28.125,22500,19.424103
1988-03-10,29.50,29.50,28.50,28.50,41900,19.683091
1988-03-09,28.625,29.25,28.625,29.25,67000,20.201068
1988-03-08,28.00,28.75,28.00,28.375,35700,19.596762
1988-03-07,27.75,28.25,27.75,27.875,20400,19.251445
1988-03-04,27.75,27.875,27.625,27.75,46200,19.06152
1988-03-03,27.50,27.875,27.50,27.625,39100,18.975658
1988-03-02,27.375,27.625,27.25,27.25,43300,18.718069
1988-03-01,27.25,27.375,27.125,27.25,33300,18.718069
1988-02-29,27.25,27.625,27.00,27.625,24800,18.975658
1988-02-26,27.125,27.375,27.00,27.125,17200,18.632207
1988-02-25,27.125,27.50,27.125,27.125,35400,18.632207
1988-02-24,26.625,27.25,26.625,27.125,43100,18.632207
1988-02-23,26.50,26.625,26.25,26.50,15800,18.202893
1988-02-22,26.375,26.875,26.375,26.625,34400,18.288756
1988-02-19,26.375,26.625,26.375,26.375,20500,18.11703
1988-02-18,25.75,26.50,25.75,26.375,41600,18.11703
1988-02-17,25.625,26.00,25.625,25.75,30300,17.687717
1988-02-16,26.00,26.25,25.50,26.00,17600,17.859442
1988-02-12,26.00,26.25,25.875,26.125,20700,17.945305
1988-02-11,25.50,25.875,25.00,25.75,33500,17.687717
1988-02-10,24.875,25.25,24.875,25.25,16800,17.344266
1988-02-09,24.50,24.875,24.50,24.875,72000,17.086678
1988-02-08,24.25,24.75,24.125,24.625,40200,16.914953
1988-02-05,25.00,25.125,24.75,24.75,24900,17.000815
1988-02-04,25.25,25.50,24.875,24.875,77000,17.086678
1988-02-03,24.75,25.125,24.625,25.00,27500,17.172541
1988-02-02,25.25,25.25,25.00,25.00,21100,17.172541
1988-02-01,25.00,26.00,25.00,25.75,41900,17.687717
1988-01-29,24.625,25.25,24.50,25.25,73900,17.344266
1988-01-28,25.00,25.00,24.50,24.50,51300,16.82909
1988-01-27,24.00,24.75,24.00,24.625,49000,16.914953
1988-01-26,24.25,24.375,23.625,24.125,70000,16.571502
1988-01-25,23.125,23.875,23.125,23.75,24900,16.313914
1988-01-22,22.75,23.00,22.625,23.00,20400,15.798737
1988-01-21,23.75,23.75,22.50,22.875,60100,15.712875
1988-01-20,24.75,24.75,23.875,24.00,39800,16.485639
1988-01-19,24.875,25.00,24.75,24.75,9000,17.000815
1988-01-18,24.25,25.125,24.25,24.625,26500,16.914953
1988-01-15,24.25,24.50,24.00,24.00,70700,16.485639
1988-01-14,24.25,24.625,23.625,23.625,53300,16.228051
1988-01-13,24.625,24.75,24.25,24.25,9300,16.657365
1988-01-12,25.25,25.25,24.75,24.875,71400,17.086678
1988-01-11,25.75,25.75,25.00,25.25,36000,17.344266
1988-01-08,26.375,26.625,25.75,25.75,105600,17.687717
1988-01-07,25.50,26.00,25.50,26.00,34400,17.859442
1988-01-06,25.75,25.75,25.375,25.50,27800,17.515992
1988-01-05,25.50,26.375,25.50,26.25,33400,18.031168
1988-01-04,24.375,25.375,24.375,24.875,24500,17.086678
1987-12-31,25.25,25.375,24.50,24.50,106600,16.82909
1987-12-30,25.50,25.75,25.25,25.375,105900,17.430129
1987-12-29,25.25,25.75,25.125,25.375,30900,17.430129
1987-12-28,25.375,25.375,24.875,25.375,44000,17.430129
1987-12-24,24.625,25.50,24.625,25.50,34000,17.515992
1987-12-23,24.125,24.875,24.125,24.50,79600,16.82909
1987-12-22,24.125,24.125,23.25,24.00,22200,16.485639
1987-12-21,24.50,24.50,24.00,24.375,51900,16.743227
1987-12-18,24.00,24.50,24.00,24.50,188400,16.82909
1987-12-17,23.50,24.125,23.375,24.00,142000,16.485639
1987-12-16,21.875,23.75,21.875,23.50,90600,16.142188
1987-12-15,22.50,22.75,21.375,21.75,57500,14.94011
1987-12-14,20.125,22.25,20.125,22.25,98800,15.283561
1987-12-11,20.375,20.75,19.875,20.375,42600,13.995621
1987-12-10,20.50,20.875,20.125,20.375,53700,13.995621
1987-12-09,20.50,21.00,20.375,21.00,106200,14.424934
1987-12-08,20.00,20.625,20.00,20.625,22800,14.167346
1987-12-07,19.00,19.875,19.00,19.75,94700,13.566307
1987-12-04,21.00,21.00,19.00,19.25,105300,13.119822
1987-12-03,22.25,22.25,21.125,21.125,37900,14.397727
1987-12-02,22.125,22.25,22.125,22.125,21300,15.079276
1987-12-01,22.00,22.375,22.00,22.25,28800,15.16447
1987-11-30,22.125,22.125,21.50,21.75,132700,14.823695
1987-11-27,23.625,23.75,23.125,23.125,28900,15.760825
1987-11-25,22.625,23.625,22.625,23.625,71500,16.1016
1987-11-24,22.875,23.375,22.625,22.625,21200,15.42005
1987-11-23,22.75,22.875,22.50,22.625,41800,15.42005
1987-11-20,22.75,22.875,22.25,22.50,39500,15.334857
1987-11-19,23.75,23.875,22.75,22.875,35700,15.590438
1987-11-18,23.875,24.00,23.625,24.00,10500,16.357181
1987-11-17,24.25,24.25,23.625,24.00,22700,16.357181
1987-11-16,24.75,24.875,24.50,24.50,9800,16.697955
1987-11-13,25.00,25.125,24.625,24.625,35500,16.783149
1987-11-12,24.50,25.125,24.50,25.125,68500,17.123923
1987-11-11,24.625,24.875,24.50,24.75,30100,16.868342
1987-11-10,25.75,25.75,24.50,24.875,30300,16.953536
1987-11-09,26.00,26.00,24.50,25.875,44800,17.635085
1987-11-06,26.75,27.25,26.25,26.25,50100,17.890666
1987-11-05,23.50,27.00,23.50,26.75,99600,18.231441
1987-11-04,23.625,24.50,23.625,24.00,18100,16.357181
1987-11-03,24.75,24.75,23.25,23.625,67100,16.1016
1987-11-02,23.75,25.00,23.50,25.00,37700,17.03873
1987-10-30,23.00,23.75,23.00,23.75,123500,16.186793
1987-10-29,21.00,22.50,21.00,22.375,207100,15.249663
1987-10-28,21.25,22.25,21.00,21.75,77300,14.823695
1987-10-27,21.50,22.50,21.25,21.25,164600,14.48292
1987-10-26,23.00,23.25,22.50,22.75,50600,15.505244
1987-10-23,24.25,24.75,23.50,24.00,60300,16.357181
1987-10-22,26.00,27.00,25.00,25.00,100800,17.03873
1987-10-21,24.50,30.00,24.50,26.00,119500,17.720279
1987-10-20,27.00,28.25,21.00,23.75,128200,16.186793
1987-10-19,30.75,30.75,28.50,28.50,145300,19.424152
1987-10-16,32.50,32.50,30.50,31.75,60900,21.639187
1987-10-15,34.625,34.625,32.50,32.75,23400,22.320736
1987-10-14,35.75,35.75,34.875,34.875,58200,23.769028
1987-10-13,36.125,36.125,35.625,36.00,38100,24.535771
1987-10-12,36.875,36.875,36.125,36.125,24600,24.620965
1987-10-09,37.125,37.125,36.625,36.625,15200,24.961739
1987-10-08,37.75,37.75,37.00,37.00,42500,25.21732
1987-10-07,37.625,37.875,37.625,37.875,16400,25.813676
1987-10-06,38.125,38.125,37.625,37.75,98700,25.728482
1987-10-05,38.375,38.375,38.00,38.00,25500,25.898869
1987-10-02,37.50,37.875,37.50,37.875,47800,25.813676
1987-10-01,37.50,37.50,36.25,37.375,49200,25.472901
1987-09-30,38.125,38.125,37.375,37.625,46400,25.643288
1987-09-29,38.875,39.00,38.625,38.625,50800,26.324838
1987-09-28,39.875,39.875,38.875,38.875,154900,26.495225
1987-09-25,39.50,40.25,39.25,40.125,36400,27.347161
1987-09-24,38.875,39.50,38.875,39.25,36800,26.750806
1987-09-23,38.125,38.50,37.75,38.50,108100,26.239644
1987-09-22,38.125,38.125,37.875,38.125,5900,25.984063
1987-09-21,39.00,39.25,37.875,37.875,8800,25.813676
1987-09-18,38.50,38.875,38.50,38.875,20200,26.495225
1987-09-17,38.50,38.50,37.875,38.25,20900,26.069257
1987-09-16,39.50,39.75,38.25,38.25,15600,26.069257
1987-09-15,40.00,40.25,39.625,39.75,61600,27.09158
1987-09-14,39.25,40.375,38.875,40.00,45900,27.261968
1987-09-11,38.50,39.125,38.50,39.125,11000,26.665612
1987-09-10,38.50,38.875,38.375,38.625,28200,26.324838
1987-09-09,38.00,38.375,38.00,38.00,24300,25.898869
1987-09-08,38.75,38.75,37.00,37.75,62100,25.728482
1987-09-04,39.00,39.00,38.50,39.00,54300,26.580418
1987-09-03,39.25,39.25,38.625,38.625,77200,26.222605
1987-09-02,39.25,39.375,39.00,39.00,43200,26.477193
1987-09-01,40.00,40.00,38.75,39.50,71500,26.816644
1987-08-31,40.00,40.125,39.75,40.00,7500,27.156096
1987-08-28,39.875,40.00,39.75,39.75,32100,26.98637
1987-08-27,41.25,41.25,39.625,40.00,102800,27.156096
1987-08-26,41.375,42.00,41.375,41.375,82200,28.089586
1987-08-25,41.00,41.75,40.875,41.50,62200,28.174449
1987-08-24,40.875,41.375,40.875,41.25,70800,28.004723
1987-08-21,40.25,41.375,40.25,40.625,77500,27.580409
1987-08-20,38.375,40.25,38.25,40.00,37000,27.156096
1987-08-19,38.00,38.50,37.875,38.125,84500,25.883154
1987-08-18,38.125,38.25,37.625,38.25,86800,25.968016
1987-08-17,37.625,38.125,37.625,38.125,70400,25.883154
1987-08-14,37.50,38.125,37.00,37.375,38600,25.373977
1987-08-13,37.00,37.375,36.875,37.375,116600,25.373977
1987-08-12,38.75,38.875,38.125,38.125,55600,25.883154
1987-08-11,39.25,39.75,38.50,38.625,25900,26.222605
1987-08-10,39.875,39.875,39.00,39.00,27800,26.477193
1987-08-07,39.50,39.875,39.50,39.75,13700,26.98637
1987-08-06,39.875,39.875,39.25,39.50,32300,26.816644
1987-08-05,39.875,39.875,39.625,39.75,20800,26.98637
1987-08-04,38.875,39.875,38.875,39.875,36000,27.071233
1987-08-03,38.75,39.375,38.50,39.125,49000,26.562056
1987-07-31,36.50,39.50,36.50,39.00,51100,26.477193
1987-07-30,36.625,37.25,36.375,36.625,18600,24.8648
1987-07-29,35.75,36.375,35.50,36.375,47300,24.695074
1987-07-28,35.25,35.75,35.125,35.75,36400,24.27076
1987-07-27,36.125,36.125,34.875,35.25,50300,23.931309
1987-07-24,36.00,36.375,36.00,36.125,9900,24.525349
1987-07-23,36.75,36.75,36.125,36.25,19400,24.610212
1987-07-22,36.25,36.75,36.25,36.75,33600,24.949663
1987-07-21,36.875,37.00,36.00,36.00,49400,24.440486
1987-07-20,37.375,37.375,36.75,36.75,13600,24.949663
1987-07-17,36.875,37.375,36.75,37.25,43300,25.289114
1987-07-16,37.25,37.25,37.00,37.00,25500,25.119388
1987-07-15,37.50,37.50,37.00,37.125,84900,25.204251
1987-07-14,37.125,37.125,36.75,37.00,31700,25.119388
1987-07-13,37.50,37.50,37.00,37.00,81000,25.119388
1987-07-10,38.50,38.50,36.00,37.375,169000,25.373977
1987-07-09,39.375,39.375,38.75,38.875,9600,26.39233
1987-07-08,39.50,39.50,39.00,39.25,38100,26.646919
1987-07-07,39.50,39.875,38.75,39.25,31200,26.646919
1987-07-06,39.25,39.375,38.50,39.00,10700,26.477193
1987-07-02,38.375,39.375,38.25,39.00,11300,26.477193
1987-07-01,38.75,38.75,37.50,38.25,54900,25.968016
1987-06-30,39.50,39.875,38.875,39.00,11700,26.477193
1987-06-29,40.00,40.00,39.50,39.75,3700,26.98637
1987-06-26,39.375,39.75,38.875,39.75,9500,26.98637
1987-06-25,39.25,39.375,39.125,39.375,16200,26.731782
1987-06-24,40.00,40.00,39.25,39.375,22100,26.731782
1987-06-23,39.75,39.875,39.625,39.875,35300,27.071233
1987-06-22,39.875,40.00,39.75,39.875,46700,27.071233
1987-06-19,39.75,40.125,39.75,40.00,20100,27.156096
1987-06-18,39.875,40.125,39.625,40.00,38400,27.156096
1987-06-17,39.50,39.875,39.375,39.875,38600,27.071233
1987-06-16,39.25,39.625,39.25,39.625,17300,26.901507
1987-06-15,39.75,39.75,38.50,39.375,28900,26.731782
1987-06-12,40.25,40.25,39.625,39.75,21200,26.98637
1987-06-11,39.875,40.375,39.75,40.125,35900,27.240958
1987-06-10,39.625,40.125,39.50,39.875,41100,27.071233
1987-06-09,40.25,40.50,39.50,39.50,21000,26.816644
1987-06-08,40.00,40.375,40.00,40.00,72700,27.156096
1987-06-05,40.375,40.625,40.25,40.625,14700,27.478573
1987-06-04,40.125,40.25,39.625,40.125,33000,27.140376
1987-06-03,40.75,40.875,40.125,40.125,32700,27.140376
1987-06-02,41.25,41.25,40.875,41.00,11800,27.732222
1987-06-01,41.00,41.75,40.50,41.00,18100,27.732222
1987-05-29,40.50,41.00,40.375,41.00,53300,27.732222
1987-05-28,40.375,40.50,40.25,40.50,26100,27.394024
1987-05-27,39.375,40.375,39.375,40.375,57900,27.309475
1987-05-26,39.25,39.50,38.75,39.25,68800,26.548529
1987-05-22,39.75,39.75,38.75,39.00,8800,26.379431
1987-05-21,40.00,40.50,39.375,39.625,85200,26.802178
1987-05-20,40.50,40.50,39.50,40.00,37200,27.055826
1987-05-19,42.00,42.00,40.875,41.00,63200,27.732222
1987-05-18,42.50,43.50,42.25,42.25,50200,28.577716
1987-05-15,43.25,43.75,42.75,43.00,41300,29.085013
1987-05-14,44.00,44.25,43.625,43.625,34000,29.50776
1987-05-13,43.625,44.00,43.375,43.625,45200,29.50776
1987-05-12,43.375,43.625,42.625,43.625,57200,29.50776
1987-05-11,43.75,43.875,43.375,43.875,55100,29.676859
1987-05-08,42.50,44.50,42.50,43.25,180800,29.254112
1987-05-07,40.50,42.625,40.375,42.50,138300,28.746815
1987-05-06,39.375,40.75,39.375,40.75,59800,27.563123
1987-05-05,39.375,39.75,39.00,39.25,27800,26.548529
1987-05-04,39.50,39.50,39.25,39.375,10900,26.633079
1987-05-01,39.25,40.00,39.125,39.125,29700,26.46398
1987-04-30,39.375,39.375,38.75,39.00,44000,26.379431
1987-04-29,39.00,39.375,39.00,39.25,22400,26.548529
1987-04-28,38.00,39.375,38.00,38.75,42200,26.210332
1987-04-27,37.875,38.25,37.75,38.25,23100,25.872134
1987-04-24,40.00,40.00,38.00,38.125,20400,25.787584
1987-04-23,39.875,40.625,39.625,40.375,56900,27.309475
1987-04-22,39.25,40.625,39.125,39.625,89700,26.802178
1987-04-21,38.25,38.75,37.75,38.75,44200,26.210332
1987-04-20,39.25,39.25,38.25,38.25,51100,25.872134
1987-04-16,38.875,39.625,38.875,39.375,39500,26.633079
1987-04-15,39.00,39.75,38.00,38.50,48600,26.041233
1987-04-14,39.75,39.75,39.00,39.00,75300,26.379431
1987-04-13,40.50,40.50,40.00,40.25,78100,27.224925
1987-04-10,40.50,40.50,39.75,40.50,49800,27.394024
1987-04-09,39.25,41.00,39.25,40.625,130900,27.478573
1987-04-08,38.625,40.125,38.125,39.00,126700,26.379431
1987-04-07,38.125,39.75,38.125,38.625,116200,26.125782
1987-04-06,37.625,38.25,37.625,38.00,98900,25.703035
1987-04-03,35.125,36.50,35.125,36.50,15000,24.688441
1987-04-02,34.25,35.00,33.75,35.00,70700,23.673848
1987-04-01,35.00,35.25,34.25,34.25,26800,23.166551
1987-03-31,35.75,35.875,34.75,35.00,15300,23.673848
1987-03-30,37.50,37.625,35.75,35.75,22000,24.181145
1987-03-27,37.50,37.625,37.125,37.50,21000,25.364837
1987-03-26,36.875,37.625,36.875,37.50,34400,25.364837
1987-03-25,37.125,37.125,36.625,36.75,15900,24.85754
1987-03-24,37.50,37.625,37.25,37.375,22500,25.280288
1987-03-23,37.50,37.625,37.00,37.50,33700,25.364837
1987-03-20,36.75,37.50,36.625,37.50,27200,25.364837
1987-03-19,36.50,37.125,36.25,36.75,32800,24.85754
1987-03-18,35.50,36.75,35.50,36.50,63100,24.688441
1987-03-17,34.75,35.25,34.75,35.00,15200,23.673848
1987-03-16,35.125,35.375,34.75,34.75,10300,23.504749
1987-03-13,36.00,36.00,35.00,35.125,16900,23.758397
1987-03-12,36.75,36.875,36.125,36.25,8900,24.519342
1987-03-11,36.625,37.00,36.625,36.75,23500,24.85754
1987-03-10,36.875,37.25,36.625,36.625,13300,24.772991
1987-03-09,37.25,37.25,36.625,36.875,37900,24.94209
1987-03-06,37.875,38.25,37.375,37.625,51000,25.449387
1987-03-05,37.00,38.00,37.00,37.875,77300,25.523791
1987-03-04,36.50,36.875,36.375,36.625,56200,24.681422
1987-03-03,36.875,36.875,36.50,36.50,17100,24.597185
1987-03-02,37.00,37.50,36.75,37.00,42200,24.934133
1987-02-27,36.25,38.00,36.25,37.00,148900,24.934133
1987-02-26,35.625,35.875,35.00,35.00,46800,23.586342
1987-02-25,35.625,36.00,35.625,35.625,32600,24.007526
1987-02-24,35.625,35.75,35.50,35.50,35700,23.923289
1987-02-23,35.875,35.875,35.50,35.625,32000,24.007526
1987-02-20,34.75,36.00,34.75,36.00,75900,24.260237
1987-02-19,34.875,34.875,34.75,34.75,18900,23.417868
1987-02-18,34.00,35.00,34.00,34.875,19500,23.502105
1987-02-17,34.00,34.00,33.50,33.875,7500,22.828209
1987-02-13,33.625,34.00,33.375,34.00,11800,22.912446
1987-02-12,33.375,33.75,33.375,33.625,41400,22.659735
1987-02-11,33.125,33.375,33.00,33.125,11000,22.322788
1987-02-10,33.125,33.25,33.00,33.125,90300,22.322788
1987-02-09,34.00,34.00,33.125,33.125,41100,22.322788
1987-02-06,34.625,34.75,34.25,34.25,11700,23.08092
1987-02-05,34.25,35.00,34.25,34.625,58100,23.333631
1987-02-04,34.25,34.75,34.125,34.125,52800,22.996683
1987-02-03,34.00,34.875,34.00,34.25,28300,23.08092
1987-02-02,33.00,34.25,33.00,33.50,46600,22.575499
1987-01-30,32.25,32.75,32.25,32.50,40900,21.901603
1987-01-29,31.375,32.25,31.375,32.00,55200,21.564655
1987-01-28,31.25,31.375,30.875,31.25,40400,21.059234
1987-01-27,30.375,31.375,30.375,31.25,37000,21.059234
1987-01-26,30.625,30.75,30.25,30.375,20000,20.469575
1987-01-23,31.375,31.875,30.50,30.625,48000,20.638049
1987-01-22,30.625,31.625,30.625,31.375,30700,21.143471
1987-01-21,31.125,31.125,30.25,30.625,18500,20.638049
1987-01-20,31.625,31.875,30.75,31.125,46200,20.974997
1987-01-19,31.25,31.75,30.75,31.625,18500,21.311944
1987-01-16,31.25,31.50,30.25,31.25,43900,21.059234
1987-01-15,30.375,31.75,30.25,31.25,91400,21.059234
1987-01-14,29.625,30.375,29.625,30.375,39000,20.469575
1987-01-13,29.375,29.625,29.125,29.50,33500,19.879917
1987-01-12,28.25,29.50,28.00,29.375,19300,19.79568
1987-01-09,28.125,28.25,28.00,28.25,179800,19.037547
1987-01-08,27.875,28.375,27.875,28.125,83100,18.95331
1987-01-07,27.125,28.125,27.00,27.875,137100,18.784836
1987-01-06,27.00,27.375,26.75,27.125,102300,18.279415
1987-01-05,26.75,27.125,26.25,27.00,49600,18.195178
1987-01-02,26.75,26.75,26.75,26.75,4900,18.026704
1986-12-31,26.375,26.75,26.00,26.75,33900,18.026704
1986-12-30,26.50,26.50,26.00,26.375,45300,17.773993
1986-12-29,26.375,26.625,26.00,26.50,45300,17.85823
1986-12-26,26.375,26.50,26.25,26.375,14900,17.773993
1986-12-24,26.00,26.50,26.00,26.375,87100,17.773993
1986-12-23,26.25,26.25,25.50,26.00,114400,17.521282
1986-12-22,26.625,26.875,25.875,26.625,53900,17.942467
1986-12-19,25.875,26.75,25.875,26.625,57800,17.942467
1986-12-18,26.50,26.50,25.875,25.875,30200,17.437045
1986-12-17,26.625,26.75,26.00,26.50,24500,17.85823
1986-12-16,26.50,26.875,26.375,26.625,32100,17.942467
1986-12-15,26.50,26.50,26.00,26.50,42900,17.85823
1986-12-12,26.875,26.875,26.375,26.875,49700,18.110941
1986-12-11,26.75,27.00,26.25,26.875,34100,18.110941
1986-12-10,26.50,27.00,26.50,26.75,9700,18.026704
1986-12-09,27.25,27.25,26.50,26.50,12200,17.85823
1986-12-08,27.625,27.75,27.00,27.25,15800,18.363652
1986-12-05,28.00,28.25,27.625,27.625,15500,18.522017
1986-12-04,28.375,28.50,28.00,28.00,36100,18.773447
1986-12-03,28.50,28.50,28.00,28.375,14400,19.024877
1986-12-02,27.875,29.00,27.875,28.75,186000,19.276307
1986-12-01,28.00,28.00,27.25,27.875,13800,18.689637
1986-11-28,28.00,28.125,27.50,28.125,11800,18.857257
1986-11-26,27.75,28.00,27.50,28.00,6100,18.773447
1986-11-25,27.75,27.75,27.25,27.75,43500,18.605827
1986-11-24,27.875,28.375,27.875,27.875,47500,18.689637
1986-11-21,28.00,28.125,27.75,27.875,30600,18.689637
1986-11-20,27.75,28.00,27.75,28.00,70300,18.773447
1986-11-19,28.00,28.00,27.125,27.50,35800,18.438207
1986-11-18,28.00,28.00,27.75,28.00,35200,18.773447
1986-11-17,28.125,28.375,28.00,28.00,8900,18.773447
1986-11-14,28.125,28.50,27.75,28.125,24800,18.857257
1986-11-13,28.00,29.125,28.00,28.125,91400,18.857257
1986-11-12,27.125,28.00,27.125,28.00,52000,18.773447
1986-11-11,27.375,27.375,26.875,27.00,11700,18.102967
1986-11-10,27.25,27.375,27.125,27.375,16100,18.354397
1986-11-07,27.375,27.375,27.00,27.25,21500,18.270587
1986-11-06,27.625,27.875,27.00,27.375,26100,18.354397
1986-11-05,26.00,27.625,25.75,27.625,72200,18.522017
1986-11-04,26.25,26.375,25.75,26.00,288400,17.432487
1986-11-03,26.50,26.75,26.125,26.25,22000,17.600107
1986-10-31,26.75,26.75,26.00,26.50,53000,17.767727
1986-10-30,26.25,26.875,26.125,26.75,30500,17.935347
1986-10-29,26.875,26.875,26.25,26.25,14400,17.600107
1986-10-28,27.25,27.50,26.75,27.25,11200,18.270587
1986-10-27,26.00,27.25,26.00,27.25,42100,18.270587
1986-10-24,26.375,26.375,25.125,26.00,43100,17.432487
1986-10-23,26.375,26.625,25.75,26.625,50100,17.851537
1986-10-22,26.625,26.875,26.375,26.375,9100,17.683917
1986-10-21,26.875,26.875,26.375,26.625,19200,17.851537
1986-10-20,27.25,27.25,26.875,27.00,12400,18.102967
1986-10-17,27.375,27.375,26.875,27.375,16500,18.354397
1986-10-16,27.875,28.00,27.25,27.625,30000,18.522017
1986-10-15,27.625,27.875,27.375,27.875,11400,18.689637
1986-10-14,27.50,27.75,27.375,27.625,27700,18.522017
1986-10-13,27.875,27.875,27.50,27.50,15400,18.438207
1986-10-10,27.75,28.125,27.625,27.875,14000,18.689637
1986-10-09,28.00,28.125,27.75,27.75,52800,18.605827
1986-10-08,27.875,28.125,27.75,28.00,17700,18.773447
1986-10-07,27.75,28.125,27.75,27.875,12400,18.689637
1986-10-06,28.00,28.25,27.50,27.625,24900,18.522017
1986-10-03,27.75,28.00,27.375,28.00,6900,18.773447
1986-10-02,28.125,28.125,27.625,27.75,17900,18.605827
1986-10-01,28.00,28.25,27.75,28.25,51400,18.941067
1986-09-30,28.25,28.375,28.00,28.00,14200,18.773447
1986-09-29,28.00,28.375,28.00,28.25,9800,18.941067
1986-09-26,27.875,28.25,27.875,28.00,43500,18.773447
1986-09-25,28.00,28.00,27.75,27.75,8000,18.605827
1986-09-24,28.375,28.375,28.125,28.25,20500,18.941067
1986-09-23,28.50,28.625,28.25,28.625,21300,19.192497
1986-09-22,28.125,28.50,28.125,28.50,17000,19.108687
1986-09-19,28.125,28.75,28.00,28.00,15400,18.773447
1986-09-18,28.625,28.875,28.125,28.125,11600,18.857257
1986-09-17,28.00,28.625,28.00,28.625,28900,19.192497
1986-09-16,28.625,28.75,27.75,27.875,25700,18.689637
1986-09-15,29.125,29.375,28.625,28.625,71600,19.192497
1986-09-12,29.00,29.625,29.00,29.125,202400,19.527737
1986-09-11,30.875,30.875,28.75,29.00,31000,19.443927
1986-09-10,31.00,31.25,30.75,30.875,1000,20.701078
1986-09-09,31.375,31.75,31.00,31.00,196800,20.784888
1986-09-08,31.50,31.50,30.50,31.375,32100,21.036318
1986-09-05,30.875,31.75,30.75,31.75,29900,21.193881
1986-09-04,30.50,31.125,30.50,30.875,37000,20.609797
1986-09-03,30.875,31.00,30.25,30.375,22500,20.276035
1986-09-02,31.00,31.00,30.75,30.875,11000,20.609797
1986-08-29,29.75,31.00,29.75,31.00,29500,20.693238
1986-08-28,30.125,30.25,29.50,29.75,46900,19.858833
1986-08-27,30.75,30.875,30.00,30.125,42900,20.109155
1986-08-26,31.125,31.375,30.75,30.75,41500,20.526357
1986-08-25,31.125,31.50,31.00,31.125,40200,20.776678
1986-08-22,30.00,31.25,30.00,31.125,22500,20.776678
1986-08-21,30.125,30.25,30.00,30.00,6300,20.025714
1986-08-20,30.125,30.375,29.875,30.125,35200,20.109155
1986-08-19,29.75,30.25,29.375,30.125,132100,20.109155
1986-08-18,29.875,29.875,29.25,29.75,7800,19.858833
1986-08-15,29.875,29.875,29.375,29.875,16700,19.942274
1986-08-14,30.125,30.125,29.375,29.875,16500,19.942274
1986-08-13,29.875,30.25,29.875,30.125,73900,20.109155
1986-08-12,29.50,29.875,29.125,29.875,43100,19.942274
1986-08-11,29.625,29.625,29.25,29.50,28400,19.691952
1986-08-08,28.75,29.75,28.625,29.625,40400,19.775393
1986-08-07,28.00,28.75,27.75,28.75,52700,19.191309
1986-08-06,27.50,28.25,27.50,28.00,68300,18.690666
1986-08-05,27.50,27.875,27.25,27.50,81600,18.356905
1986-08-04,28.125,28.125,27.50,27.50,42500,18.356905
1986-08-01,28.50,28.75,27.875,28.25,13800,18.857547
1986-07-31,27.75,29.125,27.75,28.50,19700,19.024428
1986-07-30,27.25,27.625,27.125,27.50,35400,18.356905
1986-07-29,27.50,27.75,27.125,27.25,73500,18.190024
1986-07-28,27.75,27.875,27.375,27.50,28600,18.356905
1986-07-25,28.00,28.00,27.75,27.75,77200,18.523785
1986-07-24,27.50,28.125,27.50,28.125,110000,18.774107
1986-07-23,26.50,27.00,26.50,27.00,89900,18.023143
1986-07-22,26.125,26.625,26.00,26.50,41200,17.689381
1986-07-21,26.625,26.75,26.125,26.125,22600,17.439059
1986-07-18,27.125,27.50,26.625,26.625,11200,17.772821
1986-07-17,26.75,27.375,26.75,27.125,147100,18.106583
1986-07-16,27.375,27.50,26.25,26.75,122200,17.856262
1986-07-15,28.25,28.25,27.125,27.375,37200,18.273464
1986-07-14,29.50,29.75,28.375,28.375,62600,18.940988
1986-07-11,29.50,29.875,29.125,29.50,76700,19.691952
1986-07-10,30.50,30.75,29.50,29.50,38600,19.691952
1986-07-09,29.875,31.125,29.875,30.50,15700,20.359476
1986-07-08,31.00,31.00,29.50,29.50,73100,19.691952
1986-07-07,31.75,31.75,31.25,31.25,23100,20.860119
1986-07-03,32.00,32.25,31.625,31.875,15000,21.277321
1986-07-02,31.00,32.00,31.00,32.00,44500,21.360762
1986-07-01,31.50,31.75,30.625,31.00,25000,20.693238
1986-06-30,31.875,32.125,31.50,31.50,15800,21.027
1986-06-27,32.00,32.50,31.875,31.875,9200,21.277321
1986-06-26,31.375,32.00,31.375,32.00,10400,21.360762
1986-06-25,31.50,32.00,31.375,31.375,12200,20.943559
1986-06-24,31.25,31.75,31.00,31.50,41000,21.027
1986-06-23,31.50,31.50,31.125,31.25,24000,20.860119
1986-06-20,31.75,31.875,31.25,31.50,20100,21.027
1986-06-19,32.00,32.00,31.25,31.75,17400,21.193881
1986-06-18,32.75,32.75,31.875,32.00,22400,21.360762
1986-06-17,34.00,34.00,33.00,33.00,16300,22.028285
1986-06-16,34.00,34.25,34.00,34.125,10800,22.77925
1986-06-13,34.00,34.00,33.50,34.00,14000,22.695809
1986-06-12,33.75,34.75,33.75,34.125,44900,22.77925
1986-06-11,32.125,33.50,32.00,33.25,37100,22.195166
1986-06-10,32.00,32.125,31.75,32.125,44500,21.444202
1986-06-09,32.50,32.50,31.75,32.00,91000,21.360762
1986-06-06,33.375,33.375,32.75,32.75,11400,21.76795
1986-06-05,33.875,33.875,33.50,33.625,4700,22.349536
1986-06-04,34.625,35.25,34.00,34.00,80800,22.598788
1986-06-03,33.875,34.875,33.625,34.625,54500,23.014207
1986-06-02,33.25,33.875,33.125,33.875,91400,22.515704
1986-05-30,33.50,34.00,33.25,33.25,157100,22.100285
1986-05-29,33.375,33.75,33.125,33.50,44400,22.266453
1986-05-28,33.375,33.625,33.375,33.375,48100,22.183369
1986-05-27,33.375,33.625,32.875,33.125,29500,22.017201
1986-05-23,33.625,33.75,33.375,33.375,33800,22.183369
1986-05-22,33.50,33.875,33.375,33.625,14500,22.349536
1986-05-21,33.375,33.75,33.375,33.50,69500,22.266453
1986-05-20,33.125,33.375,32.75,33.375,54900,22.183369
1986-05-19,32.875,33.125,32.75,33.125,36300,22.017201
1986-05-16,32.875,32.875,32.50,32.875,12900,21.851034
1986-05-15,33.125,33.125,32.75,32.875,16500,21.851034
1986-05-14,33.125,33.125,32.875,33.125,20500,22.017201
1986-05-13,33.00,33.125,33.00,33.125,96700,22.017201
1986-05-12,33.50,33.50,32.50,32.875,49400,21.851034
1986-05-09,33.875,33.875,33.125,33.75,15100,22.43262
1986-05-08,34.125,34.25,33.50,34.125,8400,22.681872
1986-05-07,34.625,34.625,34.00,34.125,22300,22.681872
1986-05-06,34.75,34.75,34.00,34.625,30700,23.014207
1986-05-05,34.625,34.875,34.625,34.875,48800,23.180374
1986-05-02,35.00,35.125,34.625,34.625,37500,23.014207
1986-05-01,36.50,36.50,35.00,35.00,36700,23.263458
1986-04-30,36.625,36.875,36.50,36.50,23700,24.260463
1986-04-29,36.625,37.00,36.625,36.625,31600,24.343547
1986-04-28,36.50,36.875,35.50,36.625,31200,24.343547
1986-04-25,35.875,36.75,35.875,36.50,45700,24.260463
1986-04-24,35.625,36.125,35.625,35.875,15100,23.845044
1986-04-23,36.25,36.875,35.00,35.625,56200,23.678877
1986-04-22,36.00,36.75,35.75,36.25,152200,24.094296
1986-04-21,37.75,37.75,35.50,36.00,44800,23.928128
1986-04-18,37.75,37.875,37.50,37.875,11200,25.174385
1986-04-17,37.875,38.00,37.625,37.75,15300,25.091301
1986-04-16,38.00,38.25,37.50,37.875,82600,25.174385
1986-04-15,38.125,38.125,38.00,38.00,16900,25.257469
1986-04-14,38.00,38.625,37.875,38.25,40000,25.423636
1986-04-11,38.25,38.625,38.00,38.00,9200,25.257469
1986-04-10,38.00,38.625,38.00,38.25,35200,25.423636
1986-04-09,38.125,38.50,38.00,38.00,60300,25.257469
1986-04-08,37.875,38.25,37.875,38.125,38000,25.340552
1986-04-07,37.50,37.75,37.00,37.625,36100,25.008217
1986-04-04,38.625,38.625,37.25,37.50,15700,24.925134
1986-04-03,38.75,39.00,38.625,38.75,30100,25.755971
1986-04-02,38.875,39.00,38.50,38.75,21600,25.755971
1986-04-01,38.50,39.25,38.50,38.875,22200,25.839055
1986-03-31,38.00,38.50,38.00,38.25,8400,25.423636
1986-03-27,38.625,38.75,38.00,38.00,63900,25.257469
1986-03-26,38.25,38.625,38.25,38.625,41200,25.672888
1986-03-25,38.125,38.125,37.125,38.00,36600,25.257469
1986-03-24,39.00,39.00,37.625,38.25,12000,25.423636
1986-03-21,38.875,39.875,38.75,39.25,54100,26.088306
1986-03-20,37.875,39.00,37.875,38.875,64400,25.839055
1986-03-19,37.50,38.375,37.50,37.875,24000,25.174385
1986-03-18,37.625,38.00,37.375,37.50,10600,24.925134
1986-03-17,37.625,38.375,37.375,37.625,61600,25.008217
1986-03-14,37.375,38.00,37.375,37.625,106000,25.008217
1986-03-13,37.125,37.375,37.00,37.125,26400,24.675882
1986-03-12,37.25,37.50,37.125,37.125,27000,24.675882
1986-03-11,37.375,37.625,37.25,37.25,21200,24.758966
1986-03-10,37.25,37.875,37.125,37.375,33100,24.84205
1986-03-07,36.75,37.25,36.75,37.25,4900,24.758966
1986-03-06,36.50,37.00,36.125,36.75,40100,24.426631
1986-03-05,35.875,36.75,35.75,36.50,18400,24.174056
1986-03-04,35.125,36.25,35.125,35.875,17600,23.760117
1986-03-03,35.375,35.625,34.875,34.875,83500,23.097814
1986-02-28,35.75,35.75,35.375,35.375,35400,23.428965
1986-02-27,35.75,35.875,35.50,35.75,34700,23.677329
1986-02-26,36.00,36.00,35.50,35.75,25500,23.677329
1986-02-25,36.50,36.75,35.75,36.00,41300,23.842905
1986-02-24,36.125,36.75,36.00,36.50,84100,24.174056
1986-02-21,35.625,36.125,35.625,36.125,23300,23.925693
1986-02-20,35.875,35.875,35.50,35.625,51500,23.594541
1986-02-19,37.00,37.00,36.00,36.25,74000,24.008481
1986-02-18,37.625,37.625,37.00,37.25,33700,24.670783
1986-02-14,38.25,38.375,37.75,37.875,19700,25.084723
1986-02-13,37.875,38.25,37.625,38.25,5300,25.333086
1986-02-12,37.25,38.125,36.875,37.875,14600,25.084723
1986-02-11,37.25,37.50,37.00,37.25,23200,24.670783
1986-02-10,37.625,37.75,37.25,37.25,18200,24.670783
1986-02-07,37.50,37.625,37.125,37.625,52000,24.919147
1986-02-06,36.375,37.625,36.375,37.50,18200,24.836359
1986-02-05,35.875,36.00,35.375,35.875,79600,23.760117
1986-02-04,35.00,36.375,35.00,35.875,29600,23.760117
1986-02-03,34.875,35.00,34.625,34.75,16900,23.015026
1986-01-31,34.125,34.875,34.125,34.875,27500,23.097814
1986-01-30,35.375,35.50,34.00,34.00,13900,22.518299
1986-01-29,35.50,35.50,35.25,35.375,28200,23.428965
1986-01-28,35.25,35.50,35.00,35.50,22900,23.511753
1986-01-27,35.125,35.50,35.125,35.25,21500,23.346178
1986-01-24,35.375,35.50,35.125,35.125,12200,23.26339
1986-01-23,35.00,35.375,34.875,35.375,66400,23.428965
1986-01-22,35.25,35.25,34.75,35.00,123800,23.180602
1986-01-21,35.125,35.375,35.125,35.375,72600,23.428965
1986-01-20,35.375,35.375,35.125,35.125,6100,23.26339
1986-01-17,35.00,35.50,35.00,35.375,29700,23.428965
1986-01-16,34.75,35.25,34.625,35.00,31200,23.180602
1986-01-15,34.375,35.125,34.375,34.75,30100,23.015026
1986-01-14,33.50,34.375,33.50,34.00,30200,22.518299
1986-01-13,33.375,33.75,33.00,33.50,11600,22.187148
1986-01-10,33.625,33.875,33.00,33.375,18200,22.10436
1986-01-09,35.50,35.50,33.25,33.625,41400,22.269935
1986-01-08,36.00,36.00,35.375,35.50,114100,23.511753
1986-01-07,35.00,36.00,35.00,36.00,18800,23.842905
1986-01-06,34.875,35.00,34.875,35.00,20400,23.180602
1986-01-03,34.375,34.875,34.00,34.875,21800,23.097814
1986-01-02,34.00,34.375,34.00,34.375,31100,22.766663
1985-12-31,34.25,34.50,33.875,34.00,49500,22.518299
1985-12-30,34.125,34.50,34.00,34.25,3000,22.683875
1985-12-27,34.625,34.625,34.00,34.125,7700,22.601087
1985-12-26,33.875,34.625,33.75,34.625,10100,22.932238
1985-12-24,33.875,34.125,33.75,33.875,14200,22.435511
1985-12-23,34.625,34.625,33.625,33.875,169500,22.435511
1985-12-20,34.50,34.75,34.25,34.75,44900,23.015026
1985-12-19,34.50,34.875,34.50,34.50,108600,22.84945
1985-12-18,35.00,35.125,34.50,34.50,48100,22.84945
1985-12-17,35.625,35.625,34.75,35.00,95100,23.180602
1985-12-16,35.50,35.875,35.375,35.625,27800,23.594541
1985-12-13,35.375,35.625,35.25,35.50,75100,23.511753
1985-12-12,35.25,35.75,35.125,35.375,19500,23.428965
1985-12-11,35.00,35.50,34.75,35.25,38700,23.346178
1985-12-10,34.875,35.00,34.625,35.00,58300,23.180602
1985-12-09,34.375,34.875,34.00,34.875,54200,23.097814
1985-12-06,34.25,34.375,33.50,34.375,22300,22.766663
1985-12-05,33.75,34.875,33.75,34.25,35400,22.683875
1985-12-04,32.25,33.125,32.25,33.125,17800,21.938784
1985-12-03,32.125,32.50,31.875,32.25,12900,21.359269
1985-12-02,32.875,33.00,32.00,32.125,6800,21.276481
1985-11-29,33.25,33.50,32.50,32.875,26500,21.773208
1985-11-27,33.375,33.375,33.125,33.25,115000,22.021572
1985-11-26,33.375,33.375,33.00,33.375,42500,22.10436
1985-11-25,33.50,33.875,32.875,33.375,58700,22.10436
1985-11-22,33.125,33.875,33.00,33.50,43600,22.187148
1985-11-21,32.25,33.375,32.00,33.125,50500,21.938784
1985-11-20,31.50,32.25,31.50,32.25,232500,21.359269
1985-11-19,31.75,31.875,31.125,31.50,14100,20.862542
1985-11-18,31.875,32.00,31.625,31.75,78100,21.028117
1985-11-15,31.75,32.25,31.625,31.875,19100,21.110905
1985-11-14,31.625,31.75,31.50,31.75,24900,21.028117
1985-11-13,31.875,31.875,31.625,31.625,26400,20.94533
1985-11-12,30.50,32.00,30.50,31.875,100400,21.110905
1985-11-11,30.00,30.00,29.625,30.00,8400,19.869087
1985-11-08,29.625,30.25,29.625,30.125,32300,19.951875
1985-11-07,29.75,29.875,29.50,29.625,37600,19.620724
1985-11-06,30.125,30.125,29.625,29.75,19000,19.703512
1985-11-05,30.125,30.375,30.125,30.25,66100,20.034663
1985-11-04,30.00,30.00,29.625,30.00,21800,19.869087
1985-11-01,30.125,30.125,30.00,30.00,5900,19.869087
1985-10-31,30.50,30.625,30.00,30.25,18500,20.034663
1985-10-30,29.875,30.50,29.875,30.50,60300,20.200239
1985-10-29,30.00,30.00,29.50,29.625,111300,19.620724
1985-10-28,30.25,30.375,30.125,30.25,17100,20.034663
1985-10-25,30.25,30.25,30.00,30.25,9300,20.034663
1985-10-24,30.125,30.875,30.125,30.625,9600,20.283027
1985-10-23,30.125,30.50,30.00,30.00,20200,19.869087
1985-10-22,30.50,30.50,29.75,30.125,69900,19.951875
1985-10-21,30.75,31.375,30.625,30.625,47500,20.283027
1985-10-18,31.875,31.875,30.50,30.75,61300,20.365815
1985-10-17,32.00,32.50,31.75,32.00,80900,21.193693
1985-10-16,31.25,32.00,31.25,32.00,9600,21.193693
1985-10-15,30.75,31.25,30.75,31.25,46700,20.696966
1985-10-14,30.625,30.875,30.50,30.75,4200,20.365815
1985-10-11,30.375,30.75,30.25,30.625,7700,20.283027
1985-10-10,30.125,30.50,30.125,30.375,6700,20.117451
1985-10-09,30.25,30.25,30.125,30.125,2500,19.951875
1985-10-08,30.00,30.25,30.00,30.25,45400,20.034663
1985-10-07,30.25,30.50,30.00,30.00,27300,19.869087
1985-10-04,30.375,30.75,30.25,30.25,4500,20.034663
1985-10-03,30.50,30.75,30.25,30.375,14300,20.117451
1985-10-02,30.50,30.875,30.50,30.50,4900,20.200239
1985-10-01,30.375,31.25,30.25,30.25,67400,20.034663
1985-09-30,30.50,31.125,30.375,30.375,28300,20.117451
1985-09-26,31.25,31.25,30.25,30.50,43000,20.200239
1985-09-25,32.25,32.25,31.75,31.75,46800,21.028117
1985-09-24,32.75,32.75,32.375,32.375,2700,21.442057
1985-09-23,32.625,33.125,32.625,32.875,34400,21.773208
1985-09-20,32.25,32.75,32.00,32.50,25900,21.524845
1985-09-19,32.25,32.375,31.875,32.25,7400,21.359269
1985-09-18,32.25,32.25,31.625,32.25,4300,21.359269
1985-09-17,32.125,32.50,31.75,32.25,12100,21.359269
1985-09-16,32.375,32.875,32.125,32.125,10200,21.276481
1985-09-13,32.50,32.50,32.125,32.375,7600,21.442057
1985-09-12,32.25,32.625,32.125,32.50,3900,21.524845
1985-09-11,33.00,33.00,32.25,32.25,12200,21.359269
1985-09-10,33.625,33.625,33.125,33.125,10600,21.938784
1985-09-09,33.50,33.75,33.50,33.75,7300,22.352723
1985-09-06,33.375,33.75,33.375,33.50,19600,22.187148
1985-09-05,33.00,33.50,32.75,33.375,6800,22.10436
1985-09-04,33.125,33.50,32.75,33.00,15100,21.855996
1985-09-03,32.875,33.375,32.50,33.125,8000,21.938784
1985-08-30,33.125,33.125,32.625,32.875,83200,21.773208
1985-08-29,33.00,33.50,33.00,33.50,53800,22.187148
1985-08-28,33.00,33.25,33.00,33.00,2800,21.855996
1985-08-27,32.875,33.00,32.625,32.75,18400,21.69042
1985-08-26,32.625,32.875,32.375,32.875,4200,21.773208
1985-08-23,32.50,32.875,32.50,32.625,8900,21.607632
1985-08-22,32.75,32.875,32.25,32.50,12800,21.524845
1985-08-21,33.00,33.00,32.75,32.75,12000,21.69042
1985-08-20,32.50,33.00,32.50,33.00,9400,21.855996
1985-08-19,32.375,32.75,32.375,32.50,20700,21.524845
1985-08-16,32.625,32.75,32.25,32.25,11500,21.359269
1985-08-15,32.125,32.75,32.125,32.625,18900,21.607632
1985-08-14,31.625,32.25,31.625,32.00,11000,21.193693
1985-08-13,32.25,32.50,31.25,31.625,35000,20.94533
1985-08-12,32.375,32.625,32.25,32.25,13800,21.359269
1985-08-09,32.75,33.125,32.25,32.375,37600,21.442057
1985-08-08,32.50,32.75,32.25,32.75,8900,21.69042
1985-08-07,32.625,32.625,31.875,32.50,40500,21.524845
1985-08-06,33.375,33.50,32.75,32.75,16300,21.69042
1985-08-05,33.375,33.375,33.125,33.375,15400,22.10436
1985-08-02,34.00,34.00,33.375,33.625,12700,22.269935
1985-08-01,33.00,34.00,33.00,34.00,45800,22.518299
1985-07-31,33.625,33.625,33.00,33.00,17300,21.855996
1985-07-30,33.875,33.875,33.50,33.75,30200,22.352723
1985-07-29,34.00,34.00,33.50,33.875,14500,22.435511
1985-07-26,34.125,34.125,33.875,34.00,23800,22.518299
1985-07-25,33.625,34.375,33.625,34.375,39900,22.766663
1985-07-24,33.375,33.50,33.25,33.50,58700,22.187148
1985-07-23,33.50,33.625,33.375,33.375,57600,22.10436
1985-07-22,33.625,33.625,33.00,33.50,27000,22.187148
1985-07-19,33.25,33.75,33.25,33.625,50300,22.269935
1985-07-18,33.375,33.75,33.00,33.25,53900,22.021572
1985-07-17,32.375,33.375,32.375,33.375,101900,22.10436
1985-07-16,31.875,32.375,31.50,32.375,106700,21.442057
1985-07-15,31.375,31.875,31.375,31.875,29500,21.110905
1985-07-12,31.25,31.50,31.125,31.375,82700,20.779754
1985-07-11,31.375,31.375,31.00,31.25,86300,20.696966
1985-07-10,31.00,31.375,31.00,31.375,104300,20.779754
1985-07-09,31.125,31.125,30.50,30.75,138100,20.365815
1985-07-08,32.00,32.00,31.00,31.375,145600,20.779754
1985-07-05,32.375,32.625,32.25,32.50,82700,21.524845
1985-07-03,32.25,32.50,32.25,32.375,60200,21.442057
1985-07-02,32.25,32.375,32.00,32.25,127200,21.359269
1985-07-01,32.00,32.25,31.875,32.25,121600,21.359269
1985-06-28,32.00,32.00,31.875,32.00,52700,21.193693
1985-06-27,32.00,32.25,32.00,32.125,36500,21.276481
1985-06-26,32.00,32.25,32.00,32.00,82600,21.193693
1985-06-25,30.25,32.25,30.25,32.00,120300,21.193693
1985-06-24,30.00,30.25,30.00,30.125,33800,19.951875
1985-06-21,30.00,30.00,29.50,30.00,31100,19.869087
1985-06-20,30.25,30.25,30.00,30.00,15600,19.869087
1985-06-19,30.375,30.375,29.50,30.25,73100,20.034663
1985-06-18,31.00,31.00,30.50,30.50,13700,20.200239
1985-06-17,31.00,31.25,30.75,31.00,21800,20.53139
1985-06-14,31.00,31.125,30.875,31.00,13900,20.53139
1985-06-13,31.00,31.375,30.625,31.00,7200,20.53139
1985-06-12,31.00,31.50,31.00,31.00,60500,20.53139
1985-06-11,30.00,31.25,30.00,30.875,76500,20.448602
1985-06-10,30.75,30.75,29.25,29.875,139900,19.786299
1985-06-07,32.25,32.25,30.50,31.00,68200,20.53139
1985-06-06,32.875,33.00,32.25,32.25,27400,21.359269
1985-06-05,32.50,33.00,32.50,32.875,43600,21.773208
1985-06-04,32.00,32.00,31.50,32.00,23100,21.193693
1985-06-03,32.00,32.50,32.00,32.00,16400,21.193693
1985-05-31,32.00,32.00,32.00,32.00,18800,21.193693
1985-05-30,31.00,32.50,30.625,32.25,97900,21.359269
1985-05-29,31.00,31.25,30.875,31.00,53300,20.53139
1985-05-28,32.125,32.25,30.625,31.00,28500,20.53139
1985-05-24,32.375,32.50,32.125,32.125,60800,21.276481
1985-05-23,32.75,32.75,32.25,32.375,34000,21.442057
1985-05-22,33.125,33.50,32.75,32.75,31100,21.69042
1985-05-21,33.50,34.00,33.00,33.125,45300,21.938784
1985-05-20,33.125,33.75,33.125,33.50,46800,22.187148
1985-05-17,33.00,33.00,32.75,33.00,39100,21.855996
1985-05-16,32.75,33.00,32.00,33.00,57900,21.855996
1985-05-15,33.00,33.00,32.75,32.75,5500,21.69042
1985-05-14,33.50,33.75,33.00,33.00,67900,21.855996
1985-05-13,33.00,33.875,32.75,33.50,90600,22.187148
1985-05-10,32.625,33.00,32.625,33.00,84000,21.855996
1985-05-09,32.875,32.875,32.375,32.625,17500,21.607632
1985-05-08,32.50,33.00,32.50,32.875,20300,21.773208
1985-05-07,30.875,32.50,30.875,32.50,47000,21.524845
1985-05-06,31.25,31.75,30.625,30.75,25600,20.365815
1985-05-03,31.50,31.50,30.50,31.25,108800,20.696966
1985-05-02,32.375,32.375,31.625,31.625,11800,20.94533
1985-05-01,32.50,32.50,32.375,32.375,3100,21.442057
1985-04-30,32.875,32.875,32.375,32.75,23600,21.69042
1985-04-29,33.00,33.00,32.625,33.00,23600,21.855996
1985-04-26,33.00,33.00,32.875,33.00,9300,21.855996
1985-04-25,33.50,33.50,33.00,33.00,172800,21.855996
1985-04-24,33.875,33.875,33.50,33.50,34600,22.187148
1985-04-23,33.875,34.00,33.875,33.875,5500,22.435511
1985-04-22,33.875,33.875,33.50,33.625,27700,22.269935
1985-04-19,33.875,33.875,33.75,33.875,8700,22.435511
1985-04-18,33.75,34.125,33.625,33.875,14500,22.435511
1985-04-17,33.25,33.75,33.25,33.75,14200,22.352723
1985-04-16,33.25,33.375,32.75,33.25,14800,22.021572
1985-04-15,33.875,33.875,33.25,33.25,6000,22.021572
1985-04-12,34.00,34.00,34.00,34.00,15800,22.518299
1985-04-11,34.00,34.00,33.75,34.00,10700,22.518299
1985-04-10,33.75,34.00,33.50,34.00,13800,22.518299
1985-04-09,34.00,34.00,33.50,33.75,16400,22.352723
1985-04-08,34.00,34.00,33.50,34.00,11800,22.518299
1985-04-04,35.125,35.125,34.375,34.375,25100,22.766663
1985-04-03,35.75,35.75,35.625,35.75,3600,23.677329
1985-04-02,35.875,36.00,35.875,35.875,14200,23.760117
1985-04-01,35.875,35.875,35.125,35.50,59400,23.511753
1985-03-29,35.875,36.125,35.625,35.875,16100,23.760117
1985-03-28,35.625,36.00,35.625,35.875,8100,23.760117
1985-03-27,34.75,35.50,34.75,35.375,44100,23.428965
1985-03-26,34.625,34.625,34.50,34.625,44500,22.932238
1985-03-25,34.50,34.875,34.50,34.625,32700,22.932238
1985-03-22,35.75,35.75,34.50,34.50,43500,22.84945
1985-03-21,36.75,36.75,35.75,35.75,24600,23.677329
1985-03-20,37.25,37.25,37.125,37.125,20800,24.587996
1985-03-19,37.75,37.875,37.00,37.375,16700,24.753571
1985-03-18,38.125,38.25,37.75,37.75,9500,25.001935
1985-03-15,38.25,38.25,38.00,38.125,6900,25.250298
1985-03-14,38.25,38.25,38.25,38.25,5700,25.333086
1985-03-13,38.125,38.375,37.875,38.375,8200,25.415874
1985-03-12,38.375,38.375,37.75,38.125,20900,25.250298
1985-03-11,39.25,39.25,38.625,38.625,11500,25.58145
1985-03-08,39.625,39.625,39.25,39.50,61500,26.160965
1985-03-07,39.625,39.75,39.25,39.625,26300,26.243753
1985-03-06,39.50,39.75,39.50,39.625,197600,26.243753
1985-03-05,39.375,39.50,39.25,39.50,5100,26.160965
1985-03-04,40.125,40.125,39.00,39.375,9700,26.078177
1985-03-01,39.625,40.375,39.625,40.125,34600,26.574904
1985-02-28,40.00,40.00,39.25,39.375,9700,26.078177
1985-02-27,40.125,40.25,39.875,40.125,25100,26.574904
1985-02-26,39.625,40.25,39.50,40.125,152700,26.574904
1985-02-25,39.25,39.625,39.00,39.625,57600,26.243753
1985-02-22,38.50,39.50,38.50,39.25,16700,25.995389
1985-02-21,38.875,38.875,38.50,38.50,7800,25.498662
1985-02-20,38.75,39.375,38.50,39.125,21200,25.912601
1985-02-19,38.625,38.75,38.50,38.75,5500,25.664238
1985-02-15,38.625,38.625,38.25,38.625,43100,25.58145
1985-02-14,38.875,38.875,38.25,38.75,17900,25.664238
1985-02-13,38.125,39.00,38.125,39.00,13800,25.829814
1985-02-12,38.00,38.375,37.875,38.125,11700,25.250298
1985-02-11,38.00,38.375,37.875,38.00,20600,25.167511
1985-02-08,38.50,38.50,37.875,38.00,5800,25.167511
1985-02-07,38.125,38.50,38.125,38.50,13900,25.498662
1985-02-06,37.75,38.125,37.75,38.125,25300,25.250298
1985-02-05,37.75,38.00,37.375,37.375,17700,24.753571
1985-02-04,37.50,37.75,37.00,37.75,27700,25.001935
1985-02-01,37.75,37.75,37.375,37.50,12200,24.836359
1985-01-31,38.875,38.875,38.00,38.125,8500,25.250298
1985-01-30,38.75,39.25,38.625,39.00,42600,25.829814
1985-01-29,38.875,38.875,37.875,38.75,40700,25.664238
1985-01-28,38.875,39.375,38.50,39.375,14900,26.078177
1985-01-25,39.375,39.375,38.875,38.875,34400,25.747026
1985-01-24,38.125,39.375,38.125,39.375,39700,26.078177
1985-01-23,38.50,38.50,38.125,38.125,17100,25.250298
1985-01-22,37.50,38.50,37.50,38.50,121700,25.498662
1985-01-21,34.75,36.50,34.75,36.50,58200,24.174056
1985-01-18,34.75,35.125,34.75,34.75,30400,23.015026
1985-01-17,34.75,35.00,34.625,34.75,21000,23.015026
1985-01-16,35.00,35.00,34.625,34.75,28000,23.015026
1985-01-15,34.75,35.25,34.75,35.125,90100,23.26339
1985-01-14,34.00,34.625,34.00,34.625,32800,22.932238
1985-01-11,33.625,34.00,33.625,33.875,29200,22.435511
1985-01-10,32.625,33.25,32.625,32.875,39100,21.773208
1985-01-09,33.00,33.00,32.25,32.375,83500,21.442057
1985-01-08,33.75,33.75,33.00,33.00,88000,21.855996
1985-01-07,33.25,33.75,33.25,33.75,5400,22.352723
1985-01-04,33.00,33.625,33.00,33.25,15400,22.021572
1985-01-03,33.875,33.875,33.00,33.00,110000,21.855996
1985-01-02,34.50,34.50,33.875,33.875,36300,22.435511
1984-12-31,34.25,34.50,34.00,34.50,28700,22.84945
1984-12-28,34.375,34.375,34.00,34.25,5500,22.683875
1984-12-27,34.50,34.625,34.375,34.625,4100,22.932238
1984-12-26,34.00,34.50,34.00,34.50,7300,22.84945
1984-12-24,34.00,34.375,34.00,34.00,2700,22.518299
1984-12-21,34.50,34.625,34.00,34.00,22000,22.518299
1984-12-20,34.75,34.875,34.50,34.50,22100,22.84945
1984-12-19,33.875,35.125,33.875,34.75,74200,23.015026
1984-12-18,33.125,33.875,33.125,33.875,53000,22.435511
1984-12-17,32.375,33.25,32.25,33.00,14500,21.855996
1984-12-14,32.375,32.375,32.125,32.375,3000,21.442057
1984-12-13,32.125,32.625,32.00,32.50,28600,21.524845
1984-12-12,31.875,32.375,31.875,32.125,8700,21.276481
1984-12-11,30.875,31.50,30.875,31.50,10200,20.862542
1984-12-10,31.125,31.125,30.75,30.75,25800,20.365815
1984-12-07,32.50,32.625,32.25,32.25,5600,21.359269
1984-12-06,32.75,32.875,32.50,32.50,5600,21.524845
1984-12-05,33.125,33.25,32.75,32.75,2200,21.69042
1984-12-04,33.375,33.875,33.125,33.125,3000,21.938784
1984-12-03,33.50,33.50,33.375,33.375,4900,22.10436
1984-11-30,34.00,34.00,33.25,33.50,7300,22.187148
1984-11-29,35.00,35.00,34.00,34.00,4400,22.518299
1984-11-28,35.375,35.50,35.00,35.00,2900,23.180602
1984-11-27,35.25,35.375,35.00,35.375,5900,23.428965
1984-11-26,34.75,35.375,34.75,35.25,8100,23.346178
1984-11-23,33.00,34.25,33.00,34.25,5000,22.683875
1984-11-21,33.00,33.00,33.00,33.00,3300,21.855996
1984-11-20,33.875,33.875,33.50,33.50,13400,22.187148
1984-11-19,34.25,34.25,33.875,33.875,31000,22.435511
1984-11-16,34.625,34.625,34.375,34.50,11900,22.84945
1984-11-15,35.25,35.25,34.875,35.125,4500,23.26339
1984-11-14,36.00,36.00,35.50,35.50,6400,23.511753
1984-11-13,35.75,36.25,35.75,36.00,3800,23.842905
1984-11-12,35.50,35.875,35.00,35.75,19600,23.677329
1984-11-09,35.50,35.875,35.50,35.50,14000,23.511753
1984-11-08,34.75,35.375,34.25,35.375,9800,23.428965
1984-11-07,35.75,35.75,34.25,34.75,9800,23.015026
1984-11-06,35.625,35.875,35.625,35.75,64200,23.677329
1984-11-05,35.375,35.75,35.375,35.625,13800,23.594541
1984-11-02,35.375,35.375,35.00,35.375,56600,23.428965
1984-11-01,35.25,36.125,35.25,35.50,93500,23.511753
1984-10-31,35.00,35.625,35.00,35.25,12900,23.346178
1984-10-30,34.25,34.875,34.25,34.875,26800,23.097814
1984-10-29,34.375,34.375,34.125,34.25,26700,22.683875
1984-10-26,34.625,34.625,34.125,34.625,7500,22.932238
1984-10-25,34.125,34.875,34.00,34.625,20000,22.932238
1984-10-24,33.75,34.125,33.75,34.125,29800,22.601087
1984-10-23,33.875,34.125,33.50,33.50,14800,22.187148
1984-10-22,33.625,34.00,33.625,33.875,48900,22.435511
1984-10-19,33.00,33.50,33.00,33.50,77700,22.187148
1984-10-18,32.375,32.50,32.00,32.25,15900,21.359269
1984-10-17,31.875,32.375,31.75,32.375,26000,21.442057
1984-10-16,32.00,32.25,31.75,31.875,10700,21.110905
1984-10-15,32.25,32.50,32.00,32.00,6500,21.193693
1984-10-12,31.75,32.25,31.75,32.25,44900,21.359269
1984-10-11,31.25,31.625,31.25,31.625,15600,20.94533
1984-10-10,31.00,31.25,30.25,31.00,21400,20.53139
1984-10-09,31.375,31.875,31.00,31.00,6300,20.53139
1984-10-08,31.875,31.875,31.375,31.375,7900,20.779754
1984-10-05,32.375,32.375,32.125,32.125,2900,21.276481
1984-10-04,32.625,32.625,32.375,32.375,11600,21.442057
1984-10-03,32.50,33.00,29.00,33.00,146900,21.855996
1984-10-02,33.00,33.00,32.50,32.50,11900,21.524845
1984-10-01,33.75,33.75,33.375,33.375,3300,22.10436
1984-09-28,34.25,34.25,34.00,34.00,7400,22.518299
1984-09-27,35.00,35.00,34.25,34.25,12000,22.683875
1984-09-26,35.50,35.50,34.875,35.00,16500,23.180602
1984-09-25,36.875,36.875,35.875,36.00,5400,23.842905
1984-09-24,37.25,37.625,37.00,37.125,30100,24.587996
1984-09-21,37.125,37.625,37.125,37.25,96800,24.670783
1984-09-20,37.625,37.75,36.875,37.00,50300,24.505208
1984-09-19,38.00,38.00,37.50,37.625,14100,24.919147
1984-09-18,38.00,38.375,37.75,38.00,24900,25.167511
1984-09-17,37.75,38.375,37.75,38.00,21200,25.167511
1984-09-14,36.875,38.00,36.875,37.75,84100,25.001935
1984-09-13,37.375,37.375,36.375,36.875,15400,24.42242
1984-09-12,37.625,37.625,37.25,37.375,2600,24.753571
1984-09-11,37.125,37.625,37.125,37.625,8600,24.919147
1984-09-10,37.625,37.625,37.00,37.00,13500,24.505208
1984-09-07,37.50,38.125,37.50,37.75,20800,25.001935
