Date,Open,High,Low,Close,Volume,Adj Close
2016-03-11,14.79,14.80,14.72,14.72,35600,14.72
2016-03-10,14.83,14.86,14.78,14.86,57300,14.793
2016-03-09,14.79,14.82,14.78,14.78,24100,14.713361
2016-03-08,14.75,14.76,14.72,14.75,45000,14.683496
2016-03-07,14.76,14.78,14.67,14.72,32100,14.653632
2016-03-04,14.71,14.78,14.64,14.72,52800,14.653632
2016-03-03,14.69,14.72,14.60,14.69,28400,14.623766
2016-03-02,14.66,14.72,14.56,14.63,63600,14.564037
2016-03-01,14.62,14.72,14.59,14.60,86800,14.534173
2016-02-29,14.52,14.68,14.46,14.56,75100,14.494353
2016-02-26,14.59,14.62,14.31,14.48,67200,14.414713
2016-02-25,14.60,14.64,14.53,14.53,61800,14.464488
2016-02-24,14.56,14.66,14.50,14.61,58900,14.544127
2016-02-23,14.40,14.64,14.39,14.57,54700,14.504307
2016-02-22,14.48,14.49,14.35,14.41,79200,14.345029
2016-02-19,14.33,14.44,14.28,14.44,47400,14.374893
2016-02-18,14.33,14.37,14.24,14.33,46300,14.26539
2016-02-17,14.37,14.44,14.30,14.30,52200,14.235525
2016-02-16,14.43,14.44,14.34,14.38,39300,14.315165
2016-02-12,14.66,14.66,14.45,14.45,48800,14.384849
2016-02-11,14.62,14.62,14.53,14.62,39100,14.554082
2016-02-10,14.50,14.58,14.45,14.55,29600,14.484398
2016-02-09,14.63,14.68,14.45,14.56,138000,14.427655
2016-02-08,14.64,14.68,14.54,14.60,70600,14.467292
2016-02-05,14.72,14.76,14.63,14.70,57700,14.566382
2016-02-04,14.64,14.68,14.60,14.67,69900,14.536655
2016-02-03,14.44,14.65,14.39,14.57,74100,14.437564
2016-02-02,14.37,14.42,14.33,14.42,49800,14.288927
2016-02-01,14.36,14.36,14.23,14.32,33100,14.189836
2016-01-29,14.25,14.38,14.25,14.34,71800,14.209655
2016-01-28,14.16,14.24,14.11,14.24,54000,14.110563
2016-01-27,14.08,14.18,14.08,14.10,82300,13.971836
2016-01-26,14.12,14.16,14.06,14.16,66200,14.03129
2016-01-25,14.09,14.12,14.04,14.06,63100,13.9322
2016-01-22,14.08,14.10,14.00,14.06,65100,13.9322
2016-01-21,14.11,14.14,14.00,14.01,74400,13.882654
2016-01-20,14.17,14.18,13.98,14.04,91300,13.912381
2016-01-19,14.22,14.25,14.12,14.12,50000,13.991654
2016-01-15,14.15,14.25,14.12,14.12,65100,13.991654
2016-01-14,14.10,14.15,14.03,14.15,98100,14.021381
2016-01-13,14.22,14.22,14.06,14.06,84800,13.9322
2016-01-12,14.28,14.29,14.18,14.23,38800,14.034263
2016-01-11,14.30,14.30,14.20,14.22,45600,14.024401
2016-01-08,14.35,14.38,14.21,14.25,40300,14.053988
2016-01-07,14.40,14.44,14.24,14.24,48600,14.044126
2016-01-06,14.41,14.44,14.29,14.36,99700,14.162475
2016-01-05,14.22,14.35,14.19,14.33,59100,14.132888
2016-01-04,14.19,14.22,14.15,14.20,22900,14.004676
2015-12-31,14.23,14.23,14.15,14.15,29200,13.955364
2015-12-30,14.14,14.23,14.11,14.17,82300,13.975089
2015-12-29,13.98,14.17,13.98,14.09,25900,13.896189
2015-12-28,14.04,14.18,13.98,14.03,29200,13.837014
2015-12-24,14.11,14.11,14.04,14.11,17300,13.915914
2015-12-23,14.03,14.15,14.00,14.07,38700,13.876464
2015-12-22,14.02,14.06,13.92,13.96,30900,13.767977
2015-12-21,14.00,14.11,13.97,13.98,44200,13.787702
2015-12-18,13.89,14.14,13.89,14.00,102700,13.807427
2015-12-17,13.73,13.91,13.73,13.91,44200,13.718665
2015-12-16,13.62,13.80,13.54,13.76,60600,13.570729
2015-12-15,13.74,13.87,13.56,13.58,68700,13.393204
2015-12-14,13.69,13.85,13.54,13.78,88400,13.590453
2015-12-11,13.72,14.09,13.63,13.65,99300,13.462241
2015-12-10,13.67,13.78,13.65,13.72,42000,13.4652
2015-12-09,13.76,13.76,13.61,13.61,29100,13.357242
2015-12-08,13.73,13.74,13.68,13.74,31600,13.484828
2015-12-07,13.76,13.76,13.66,13.69,13400,13.435757
2015-12-04,13.64,13.81,13.60,13.70,37700,13.445571
2015-12-03,13.68,13.72,13.56,13.60,47200,13.347429
2015-12-02,13.78,13.78,13.68,13.69,35500,13.435757
2015-12-01,13.81,13.81,13.70,13.73,70500,13.475014
2015-11-30,13.63,13.70,13.51,13.65,52200,13.3965
2015-11-27,13.58,13.61,13.53,13.61,8500,13.357242
2015-11-25,13.56,13.61,13.51,13.52,59300,13.268915
2015-11-24,13.55,13.58,13.49,13.50,35000,13.249286
2015-11-23,13.50,13.56,13.47,13.51,40600,13.2591
2015-11-20,13.52,13.61,13.37,13.43,63800,13.180586
2015-11-19,13.47,13.59,13.47,13.58,22900,13.3278
2015-11-18,13.48,13.48,13.39,13.45,55300,13.200214
2015-11-17,13.53,13.55,13.37,13.45,67300,13.19727
2015-11-16,13.60,13.69,13.57,13.61,24100,13.354264
2015-11-13,13.59,13.59,13.52,13.55,52400,13.295392
2015-11-12,13.54,13.56,13.51,13.55,9300,13.295392
2015-11-11,13.54,13.62,13.50,13.50,32100,13.246331
2015-11-10,13.38,13.47,13.37,13.47,20800,13.216895
2015-11-09,13.53,13.53,13.26,13.46,117100,13.141341
2015-11-06,13.73,13.73,13.57,13.57,46000,13.248737
2015-11-05,13.91,13.92,13.77,13.77,32800,13.444003
2015-11-04,13.79,13.90,13.79,13.89,44000,13.561162
2015-11-03,13.81,13.87,13.80,13.82,57900,13.492818
2015-11-02,13.81,13.87,13.78,13.83,42300,13.502582
2015-10-30,13.64,13.78,13.64,13.70,36600,13.375659
2015-10-29,13.69,13.71,13.62,13.62,38100,13.297553
2015-10-28,13.68,13.69,13.64,13.65,23400,13.326843
2015-10-27,13.65,13.71,13.64,13.65,40100,13.326843
2015-10-26,13.71,13.74,13.64,13.64,18500,13.31708
2015-10-23,13.64,13.74,13.60,13.62,60900,13.297553
2015-10-22,13.62,13.65,13.58,13.59,49300,13.268264
2015-10-21,13.62,13.64,13.57,13.59,30800,13.268264
2015-10-20,13.62,13.64,13.55,13.58,49300,13.2585
2015-10-19,13.61,13.65,13.56,13.56,37700,13.238974
2015-10-16,13.59,13.63,13.56,13.56,31900,13.238974
2015-10-15,13.64,13.64,13.53,13.55,43400,13.229211
2015-10-14,13.59,13.64,13.57,13.61,31200,13.28779
2015-10-13,13.54,13.58,13.52,13.55,22600,13.229211
2015-10-12,13.61,13.63,13.56,13.56,45500,13.17356
2015-10-09,13.62,13.62,13.53,13.56,51900,13.17356
2015-10-08,13.60,13.61,13.56,13.58,24300,13.19299
2015-10-07,13.55,13.60,13.51,13.58,25800,13.19299
2015-10-06,13.56,13.60,13.54,13.55,34000,13.163845
2015-10-05,13.54,13.57,13.49,13.55,22300,13.163845
2015-10-02,13.50,13.56,13.48,13.55,21000,13.163845
2015-10-01,13.48,13.50,13.44,13.47,30000,13.086125
2015-09-30,13.43,13.45,13.38,13.44,16900,13.056979
2015-09-29,13.32,13.44,13.31,13.39,47700,13.008405
2015-09-28,13.31,13.33,13.24,13.27,30000,12.891825
2015-09-25,13.30,13.31,13.26,13.29,24100,12.911254
2015-09-24,13.35,13.36,13.26,13.26,20400,12.88211
2015-09-23,13.38,13.41,13.30,13.32,36700,12.940399
2015-09-22,13.38,13.38,13.33,13.34,22700,12.95983
2015-09-21,13.44,13.44,13.33,13.35,27700,12.969545
2015-09-18,13.38,13.47,13.37,13.39,26800,13.008405
2015-09-17,13.29,13.38,13.27,13.38,24100,12.99869
2015-09-16,13.21,13.27,13.21,13.25,34400,12.872394
2015-09-15,13.24,13.26,13.17,13.20,24900,12.823819
2015-09-14,13.31,13.33,13.21,13.23,27800,12.852964
2015-09-11,13.12,13.27,13.12,13.27,22400,12.891825
2015-09-10,13.21,13.23,13.20,13.20,24100,12.758729
2015-09-09,13.15,13.25,13.12,13.25,42100,12.807057
2015-09-08,13.14,13.20,13.10,13.14,30300,12.700735
2015-09-04,13.10,13.14,13.05,13.11,23100,12.671737
2015-09-03,13.07,13.12,13.07,13.11,30300,12.671737
2015-09-02,13.09,13.09,12.98,13.00,53700,12.565415
2015-09-01,13.07,13.10,12.99,13.02,116500,12.584747
2015-08-31,13.03,13.08,13.02,13.07,29100,12.633075
2015-08-28,12.95,13.04,12.91,12.95,46600,12.517086
2015-08-27,13.14,13.14,13.00,13.06,50700,12.62341
2015-08-26,13.10,13.15,13.05,13.14,51600,12.700735
2015-08-25,13.15,13.19,13.07,13.09,55600,12.652406
2015-08-24,13.17,13.17,13.09,13.09,57100,12.652406
2015-08-21,13.37,13.37,13.25,13.25,45100,12.807057
2015-08-20,13.37,13.39,13.28,13.32,32200,12.874717
2015-08-19,13.34,13.35,13.27,13.33,24400,12.884383
2015-08-18,13.24,13.37,13.17,13.34,32700,12.894049
2015-08-17,13.24,13.26,13.16,13.21,37600,12.768395
2015-08-14,13.26,13.27,13.17,13.20,26400,12.758729
2015-08-13,13.30,13.30,13.22,13.22,7800,12.778061
2015-08-12,13.36,13.37,13.29,13.29,30900,12.84572
2015-08-11,13.26,13.48,13.21,13.48,29200,12.964608
2015-08-10,13.18,13.23,13.15,13.23,20300,12.724166
2015-08-07,13.10,13.19,13.10,13.16,13800,12.656843
2015-08-06,13.16,13.29,13.01,13.13,57200,12.62799
2015-08-05,13.26,13.27,13.14,13.15,47100,12.647225
2015-08-04,13.29,13.29,13.18,13.22,30100,12.714549
2015-08-03,13.15,13.29,13.12,13.29,82000,12.781873
2015-07-31,13.07,13.20,13.05,13.20,18600,12.695313
2015-07-30,13.05,13.05,12.96,13.04,43400,12.541431
2015-07-29,12.99,13.06,12.97,13.06,27400,12.560667
2015-07-28,12.98,12.99,12.91,12.95,31400,12.454872
2015-07-27,12.91,12.99,12.91,12.99,11300,12.493343
2015-07-24,12.92,12.93,12.88,12.90,27500,12.406783
2015-07-23,12.90,12.93,12.88,12.90,38300,12.406783
2015-07-22,12.96,12.96,12.86,12.86,66700,12.368313
2015-07-21,12.92,12.94,12.87,12.92,35300,12.426019
2015-07-20,12.95,12.95,12.86,12.89,40500,12.397166
2015-07-17,12.84,12.93,12.83,12.88,28000,12.387549
2015-07-16,12.89,12.89,12.82,12.83,58800,12.33946
2015-07-15,12.93,12.97,12.82,12.82,81100,12.329842
2015-07-14,12.92,12.95,12.88,12.95,39300,12.454872
2015-07-13,12.96,12.98,12.90,12.94,39400,12.445254
2015-07-10,12.88,13.08,12.87,13.08,85700,12.515463
2015-07-09,12.93,12.93,12.85,12.85,18300,12.29539
2015-07-08,12.92,12.95,12.87,12.92,11800,12.362369
2015-07-07,12.89,12.95,12.87,12.91,20900,12.3528
2015-07-06,12.84,12.86,12.76,12.84,37800,12.285822
2015-07-02,12.77,12.90,12.75,12.78,45400,12.228411
2015-07-01,12.82,12.83,12.74,12.80,55500,12.247548
2015-06-30,12.66,12.83,12.61,12.74,65400,12.190137
2015-06-29,12.81,12.81,12.69,12.70,87100,12.151864
2015-06-26,12.85,12.85,12.73,12.73,50600,12.180569
2015-06-25,12.86,12.89,12.81,12.82,53400,12.266684
2015-06-24,12.98,12.98,12.85,12.87,27900,12.314527
2015-06-23,12.92,12.99,12.88,12.97,37600,12.410211
2015-06-22,12.99,12.99,12.89,12.92,31800,12.362369
2015-06-19,12.97,13.01,12.95,12.98,72700,12.419779
2015-06-18,13.00,13.05,12.97,13.04,36400,12.477189
2015-06-17,12.94,13.01,12.93,13.01,28100,12.448484
2015-06-16,12.88,12.95,12.86,12.95,35000,12.391074
2015-06-15,12.84,12.92,12.82,12.89,80300,12.333664
2015-06-12,12.84,12.88,12.76,12.79,225600,12.237979
2015-06-11,12.84,12.84,12.77,12.79,34200,12.237979
2015-06-10,12.78,12.89,12.77,12.85,90700,12.231282
2015-06-09,13.10,13.12,12.82,12.82,139300,12.202726
2015-06-08,13.22,13.24,13.04,13.08,91500,12.450207
2015-06-05,13.32,13.37,13.16,13.19,68000,12.55491
2015-06-04,13.44,13.44,13.34,13.35,41600,12.707207
2015-06-03,13.44,13.46,13.41,13.41,24100,12.764318
2015-06-02,13.47,13.52,13.42,13.44,74600,12.792873
2015-06-01,13.42,13.46,13.39,13.44,42200,12.792873
2015-05-29,13.44,13.44,13.34,13.34,35300,12.697689
2015-05-28,13.42,13.42,13.34,13.34,32600,12.697689
2015-05-27,13.47,13.50,13.35,13.41,33500,12.764318
2015-05-26,13.38,13.42,13.37,13.41,13200,12.764318
2015-05-22,13.49,13.49,13.35,13.42,27200,12.773837
2015-05-21,13.51,13.51,13.43,13.46,25300,12.811911
2015-05-20,13.46,13.49,13.40,13.44,33400,12.792873
2015-05-19,13.40,13.45,13.32,13.40,32300,12.754799
2015-05-18,13.48,13.48,13.28,13.40,60500,12.754799
2015-05-15,13.39,13.47,13.36,13.47,26500,12.821429
2015-05-14,13.43,13.44,13.37,13.38,20500,12.735763
2015-05-13,13.44,13.49,13.37,13.40,58200,12.754799
2015-05-12,13.47,13.54,13.35,13.50,50200,12.786211
2015-05-11,13.57,13.57,13.35,13.49,157600,12.77674
2015-05-08,13.46,13.57,13.43,13.57,26000,12.85251
2015-05-07,13.44,13.51,13.38,13.41,58900,12.70097
2015-05-06,13.65,13.66,13.45,13.48,103700,12.767268
2015-05-05,13.71,13.73,13.63,13.67,47300,12.947223
2015-05-04,13.72,13.76,13.67,13.69,34900,12.966165
2015-05-01,13.86,13.86,13.75,13.76,36300,13.032464
2015-04-30,13.79,13.86,13.74,13.83,49600,13.098763
2015-04-29,13.81,13.85,13.75,13.79,41300,13.060878
2015-04-28,13.75,13.85,13.75,13.81,30200,13.079821
2015-04-27,13.84,13.93,13.71,13.72,43100,12.994579
2015-04-24,13.83,13.87,13.72,13.81,50600,13.079821
2015-04-23,13.80,13.83,13.74,13.77,30000,13.041936
2015-04-22,13.86,13.94,13.73,13.75,48900,13.022993
2015-04-21,13.83,13.86,13.75,13.81,28200,13.079821
2015-04-20,13.83,13.86,13.75,13.86,27000,13.127176
2015-04-17,13.75,13.81,13.71,13.78,38100,13.051406
2015-04-16,13.75,13.82,13.67,13.74,28200,13.013521
2015-04-15,13.80,13.84,13.70,13.72,32200,12.994579
2015-04-14,13.86,13.89,13.75,13.75,44800,13.022993
2015-04-13,13.84,13.84,13.77,13.79,25800,13.060878
2015-04-10,13.90,13.94,13.83,13.90,61800,13.101604
2015-04-09,13.74,13.90,13.72,13.90,81800,13.101604
2015-04-08,13.74,13.79,13.71,13.75,22600,12.96022
2015-04-07,13.75,13.75,13.69,13.69,22700,12.903666
2015-04-06,13.81,13.81,13.67,13.71,42900,12.922517
2015-04-02,13.74,13.74,13.68,13.74,44700,12.950794
2015-04-01,13.76,13.80,13.67,13.71,44800,12.922517
2015-03-31,13.63,13.70,13.59,13.70,27800,12.913092
2015-03-30,13.71,13.71,13.58,13.60,25700,12.818836
2015-03-27,13.63,13.69,13.62,13.67,21800,12.884815
2015-03-26,13.61,13.65,13.57,13.60,28400,12.818836
2015-03-25,13.62,13.65,13.56,13.61,28600,12.828261
2015-03-24,13.66,13.67,13.55,13.62,30300,12.837687
2015-03-23,13.66,13.69,13.65,13.65,19400,12.865963
2015-03-20,13.57,13.66,13.47,13.66,67400,12.875389
2015-03-19,13.48,13.53,13.40,13.53,44300,12.752856
2015-03-18,13.30,13.53,13.30,13.52,35400,12.743431
2015-03-17,13.46,13.46,13.30,13.30,34700,12.536067
2015-03-16,13.51,13.51,13.38,13.45,46400,12.677451
2015-03-13,13.50,13.51,13.45,13.46,34800,12.686877
2015-03-12,13.55,13.59,13.46,13.48,27800,12.705728
2015-03-11,13.54,13.54,13.46,13.47,33500,12.696303
2015-03-10,13.62,13.66,13.57,13.59,45600,12.746259
2015-03-09,13.58,13.60,13.52,13.55,38300,12.708742
2015-03-06,13.76,13.76,13.47,13.52,100900,12.680605
2015-03-05,13.76,13.81,13.75,13.81,30400,12.9526
2015-03-04,13.65,13.77,13.64,13.72,20800,12.868188
2015-03-03,13.56,13.68,13.56,13.60,44100,12.755638
2015-03-02,13.66,13.66,13.53,13.55,38900,12.708742
2015-02-27,13.45,13.63,13.45,13.63,42900,12.783775
2015-02-26,13.53,13.56,13.40,13.40,33700,12.568055
2015-02-25,13.50,13.57,13.45,13.55,58500,12.708742
2015-02-24,13.48,13.51,13.45,13.50,47100,12.661846
2015-02-23,13.44,13.50,13.42,13.45,38500,12.614951
2015-02-20,13.44,13.47,13.36,13.44,53000,12.605571
2015-02-19,13.33,13.43,13.33,13.40,35900,12.568055
2015-02-18,13.23,13.33,13.18,13.33,73600,12.502401
2015-02-17,13.42,13.42,13.16,13.17,137900,12.352335
2015-02-13,13.52,13.52,13.44,13.47,44100,12.633709
2015-02-12,13.55,13.61,13.50,13.50,79000,12.661846
2015-02-11,13.72,13.73,13.50,13.53,51400,12.689984
2015-02-10,13.78,13.81,13.73,13.79,33800,12.871001
2015-02-09,13.75,13.80,13.72,13.73,38600,12.814999
2015-02-06,13.83,13.87,13.76,13.79,55500,12.871001
2015-02-05,13.98,13.98,13.81,13.81,82900,12.889669
2015-02-04,13.99,13.99,13.86,13.95,38200,13.020338
2015-02-03,14.09,14.09,13.99,13.99,42100,13.057673
2015-02-02,14.22,14.28,13.96,14.02,106300,13.085674
2015-01-30,14.13,14.18,14.07,14.10,79000,13.160342
2015-01-29,14.01,14.12,13.93,14.08,58700,13.141675
2015-01-28,14.02,14.04,13.95,13.98,50800,13.048339
2015-01-27,13.90,13.98,13.90,13.96,46400,13.029672
2015-01-26,13.88,13.92,13.84,13.87,36100,12.94567
2015-01-23,13.96,13.96,13.86,13.86,56000,12.936336
2015-01-22,13.90,13.99,13.88,13.90,33600,12.97367
2015-01-21,13.98,13.99,13.90,13.93,49000,13.001672
2015-01-20,13.99,13.99,13.92,13.94,21600,13.011005
2015-01-16,14.00,14.04,13.90,13.97,57100,13.039006
2015-01-15,13.85,14.00,13.85,14.00,89100,13.067006
2015-01-14,13.77,13.88,13.77,13.88,29600,12.955004
2015-01-13,13.72,13.87,13.71,13.85,72000,12.927003
2015-01-12,13.68,13.86,13.68,13.80,69800,12.8178
2015-01-09,13.70,13.76,13.65,13.71,104300,12.734206
2015-01-08,13.71,13.80,13.70,13.70,56900,12.724917
2015-01-07,13.70,13.84,13.70,13.76,45000,12.780647
2015-01-06,13.62,13.78,13.62,13.70,49700,12.724917
2015-01-05,13.47,13.63,13.47,13.62,43900,12.650611
2015-01-02,13.42,13.61,13.34,13.52,41400,12.557729
2014-12-31,13.48,13.53,13.37,13.53,35200,12.567017
2014-12-30,13.43,13.48,13.33,13.42,44900,12.464846
2014-12-29,13.45,13.49,13.39,13.49,47500,12.529864
2014-12-26,13.36,13.45,13.35,13.41,27300,12.455558
2014-12-24,13.38,13.38,13.30,13.36,33300,12.409116
2014-12-23,13.35,13.40,13.28,13.30,55700,12.353387
2014-12-22,13.33,13.44,13.33,13.35,44200,12.399829
2014-12-19,13.44,13.44,13.32,13.37,48200,12.418405
2014-12-18,13.46,13.50,13.34,13.40,60700,12.446269
2014-12-17,13.33,13.44,13.31,13.43,112700,12.474135
2014-12-16,13.28,13.38,13.28,13.32,83200,12.371963
2014-12-15,13.17,13.26,13.04,13.26,79900,12.316234
2014-12-12,13.15,13.15,13.02,13.09,70200,12.158334
2014-12-11,13.31,13.31,13.15,13.18,64400,12.241928
2014-12-10,13.23,13.33,13.19,13.33,80000,12.318091
2014-12-09,13.19,13.22,13.14,13.20,69100,12.19796
2014-12-08,13.22,13.26,13.19,13.24,85600,12.234923
2014-12-05,13.25,13.27,13.12,13.26,53400,12.253406
2014-12-04,13.21,13.25,13.18,13.25,26200,12.244164
2014-12-03,13.10,13.18,13.10,13.17,31200,12.170237
2014-12-02,12.95,13.20,12.95,13.20,50800,12.19796
2014-12-01,13.03,13.09,12.98,13.03,49700,12.040865
2014-11-28,12.97,13.02,12.97,13.02,34900,12.031625
2014-11-26,13.04,13.06,13.00,13.04,41400,12.050106
2014-11-25,12.98,13.09,12.92,13.00,65400,12.013142
2014-11-24,13.05,13.08,12.95,13.02,52900,12.031625
2014-11-21,13.06,13.10,12.96,13.03,65700,12.040865
2014-11-20,13.09,13.17,13.01,13.01,58700,12.022384
2014-11-19,13.08,13.14,13.02,13.06,46000,12.06674
2014-11-18,13.07,13.13,13.00,13.09,41200,12.094458
2014-11-17,13.15,13.18,13.03,13.03,42500,12.039021
2014-11-14,13.13,13.17,13.11,13.14,24700,12.140656
2014-11-13,13.16,13.23,13.11,13.17,51500,12.168374
2014-11-12,13.18,13.23,13.14,13.19,36700,12.186852
2014-11-11,13.14,13.25,13.10,13.25,37300,12.180385
2014-11-10,13.09,13.16,13.06,13.13,48300,12.070072
2014-11-07,13.15,13.19,13.07,13.12,44600,12.060879
2014-11-06,13.24,13.26,13.16,13.18,49700,12.116036
2014-11-05,13.17,13.27,13.12,13.22,58900,12.152807
2014-11-04,13.12,13.21,13.11,13.19,32300,12.125228
2014-11-03,13.16,13.19,13.07,13.07,46600,12.014915
2014-10-31,13.19,13.19,13.07,13.15,28500,12.088457
2014-10-30,13.18,13.18,13.12,13.17,21700,12.106843
2014-10-29,13.12,13.19,13.11,13.14,40300,12.079265
2014-10-28,13.10,13.17,13.09,13.17,25500,12.106843
2014-10-27,13.08,13.11,13.06,13.09,22500,12.033301
2014-10-24,13.05,13.08,13.00,13.04,17000,11.987337
2014-10-23,13.11,13.11,13.01,13.01,65500,11.959759
2014-10-22,13.05,13.11,13.00,13.11,75300,12.051686
2014-10-21,13.05,13.06,12.99,13.03,42300,11.978144
2014-10-20,13.00,13.05,12.94,13.04,37300,11.987337
2014-10-17,12.97,13.02,12.92,12.97,30000,11.922988
2014-10-16,12.97,12.97,12.92,12.93,27200,11.886217
2014-10-15,12.85,12.97,12.85,12.97,64100,11.922988
2014-10-14,12.90,12.93,12.82,12.86,30700,11.821868
2014-10-13,12.97,12.99,12.88,12.89,26800,11.849446
2014-10-10,13.01,13.03,12.91,12.92,36500,11.877024
2014-10-09,13.08,13.12,13.00,13.07,38000,11.953324
2014-10-08,12.98,13.11,12.94,13.08,51500,11.96247
2014-10-07,12.96,12.96,12.93,12.96,34600,11.852723
2014-10-06,12.90,12.96,12.88,12.96,38800,11.852723
2014-10-03,12.90,12.96,12.84,12.86,28600,11.761266
2014-10-02,12.84,12.95,12.81,12.91,51500,11.806994
2014-10-01,12.83,12.89,12.80,12.84,37900,11.742975
2014-09-30,12.78,12.79,12.72,12.78,22300,11.688101
2014-09-29,12.80,12.83,12.70,12.78,39600,11.688101
2014-09-26,12.79,12.82,12.75,12.78,11800,11.688101
2014-09-25,12.82,12.83,12.75,12.78,29300,11.688101
2014-09-24,12.80,12.83,12.78,12.82,47300,11.724684
2014-09-23,12.81,12.87,12.68,12.77,38800,11.678956
2014-09-22,12.81,12.81,12.69,12.78,36100,11.688101
2014-09-19,12.73,12.78,12.70,12.78,42900,11.688101
2014-09-18,12.63,12.71,12.63,12.68,22400,11.596646
2014-09-17,12.53,12.66,12.53,12.66,49500,11.578354
2014-09-16,12.65,12.65,12.56,12.57,65700,11.496043
2014-09-15,12.76,12.80,12.60,12.65,85800,11.569208
2014-09-12,12.84,12.84,12.72,12.72,53800,11.633228
2014-09-11,12.93,12.94,12.83,12.90,44700,11.797849
2014-09-10,12.94,13.00,12.91,13.00,48800,11.828029
2014-09-09,12.85,12.93,12.85,12.93,33100,11.76434
2014-09-08,12.90,12.98,12.81,12.81,43900,11.655158
2014-09-05,12.87,12.90,12.80,12.88,31400,11.718847
2014-09-04,12.78,12.87,12.78,12.87,51700,11.709749
2014-09-03,12.81,12.89,12.79,12.81,57200,11.655158
2014-09-02,12.80,12.83,12.72,12.75,59400,11.600567
2014-08-29,12.83,12.83,12.73,12.80,62000,11.64606
2014-08-28,12.74,12.78,12.72,12.77,45600,11.618764
2014-08-27,12.73,12.73,12.69,12.72,47500,11.573272
2014-08-26,12.69,12.73,12.65,12.69,49000,11.545976
2014-08-25,12.65,12.69,12.64,12.69,76800,11.545976
2014-08-22,12.70,12.73,12.67,12.67,41600,11.527779
2014-08-21,12.71,12.75,12.69,12.70,54100,11.555074
2014-08-20,12.72,12.72,12.65,12.68,37300,11.536878
2014-08-19,12.67,12.72,12.65,12.70,111200,11.555074
2014-08-18,12.68,12.68,12.57,12.62,76900,11.482287
2014-08-15,12.69,12.69,12.63,12.66,55400,11.518681
2014-08-14,12.70,12.70,12.61,12.64,50900,11.500484
2014-08-13,12.70,12.70,12.62,12.62,52600,11.482287
2014-08-12,12.77,12.83,12.74,12.75,31100,11.539607
2014-08-11,12.74,12.86,12.72,12.76,34000,11.548658
2014-08-08,12.72,12.74,12.65,12.72,35400,11.512455
2014-08-07,12.55,12.68,12.55,12.68,35400,11.476252
2014-08-06,12.50,12.71,12.50,12.60,46600,11.403847
2014-08-05,12.51,12.57,12.46,12.54,36300,11.349543
2014-08-04,12.58,12.65,12.51,12.54,46600,11.349543
2014-08-01,12.68,12.68,12.52,12.58,40300,11.385745
2014-07-31,12.59,12.64,12.57,12.59,40000,11.394796
2014-07-30,12.70,12.72,12.59,12.60,54300,11.403847
2014-07-29,12.77,12.80,12.70,12.70,25400,11.494353
2014-07-28,12.75,12.85,12.73,12.74,28100,11.530556
2014-07-25,12.78,12.84,12.75,12.78,30100,11.566759
2014-07-24,12.77,12.77,12.69,12.76,21800,11.548658
2014-07-23,12.78,12.79,12.68,12.76,43300,11.548658
2014-07-22,12.70,12.75,12.66,12.75,46900,11.539607
2014-07-21,12.62,12.70,12.61,12.65,38200,11.4491
2014-07-18,12.58,12.59,12.55,12.58,42500,11.385745
2014-07-17,12.57,12.62,12.55,12.60,40700,11.403847
2014-07-16,12.56,12.57,12.52,12.54,31300,11.349543
2014-07-15,12.58,12.62,12.52,12.54,27500,11.349543
2014-07-14,12.68,12.68,12.55,12.60,49000,11.403847
2014-07-11,12.52,12.67,12.49,12.62,69900,11.421948
2014-07-10,12.59,12.59,12.50,12.56,76500,11.307005
2014-07-09,12.55,12.55,12.46,12.54,58000,11.289
2014-07-08,12.59,12.62,12.53,12.53,44000,11.279997
2014-07-07,12.48,12.57,12.48,12.57,75300,11.316007
2014-07-03,12.59,12.59,12.36,12.46,51600,11.216981
2014-07-02,12.65,12.70,12.55,12.58,82200,11.325009
2014-07-01,12.83,12.83,12.68,12.69,45300,11.424035
2014-06-30,12.79,12.83,12.76,12.79,36900,11.51406
2014-06-27,12.77,12.81,12.75,12.79,55900,11.51406
2014-06-26,12.80,12.83,12.73,12.76,35400,11.487053
2014-06-25,12.80,12.83,12.77,12.77,32200,11.496055
2014-06-24,12.79,12.80,12.76,12.78,71100,11.505057
2014-06-23,12.77,12.81,12.77,12.79,34800,11.51406
2014-06-20,12.72,12.77,12.69,12.77,28800,11.496055
2014-06-19,12.69,12.73,12.66,12.68,37200,11.415034
2014-06-18,12.68,12.68,12.60,12.64,51300,11.379024
2014-06-17,12.72,12.72,12.60,12.64,42700,11.379024
2014-06-16,12.77,12.78,12.71,12.71,36400,11.442041
2014-06-13,12.77,12.79,12.71,12.71,27300,11.442041
2014-06-12,12.81,12.81,12.76,12.77,16900,11.496055
2014-06-11,12.91,12.93,12.74,12.77,54000,11.496055
2014-06-10,12.93,12.98,12.89,12.98,38000,11.624789
2014-06-09,12.87,12.88,12.82,12.87,26300,11.526274
2014-06-06,12.76,12.85,12.76,12.83,14800,11.49045
2014-06-05,12.75,12.85,12.73,12.75,27100,11.418803
2014-06-04,12.90,12.91,12.76,12.76,40900,11.427759
2014-06-03,12.93,13.00,12.89,12.89,67200,11.544186
2014-06-02,12.92,12.95,12.90,12.92,63100,11.571054
2014-05-30,12.89,12.93,12.82,12.89,35300,11.544186
2014-05-29,12.89,12.93,12.87,12.93,31500,11.58001
2014-05-28,12.88,12.92,12.87,12.90,33000,11.553142
2014-05-27,12.88,12.90,12.84,12.86,21700,11.517318
2014-05-23,12.86,12.90,12.83,12.85,21700,11.508363
2014-05-22,12.86,12.90,12.81,12.89,49700,11.544186
2014-05-21,12.84,12.89,12.84,12.89,35100,11.544186
2014-05-20,12.85,12.89,12.80,12.82,42300,11.481494
2014-05-19,12.80,12.89,12.76,12.83,72300,11.49045
2014-05-16,12.76,12.84,12.75,12.80,40400,11.463583
2014-05-15,12.76,12.81,12.73,12.81,89700,11.472539
2014-05-14,12.70,12.77,12.70,12.70,48900,11.374023
2014-05-13,12.80,12.80,12.68,12.69,89400,11.365067
2014-05-12,12.89,12.93,12.85,12.90,47900,11.493137
2014-05-09,12.80,12.93,12.80,12.85,56300,11.44859
2014-05-08,12.79,12.82,12.77,12.78,23400,11.386224
2014-05-07,12.72,12.83,12.71,12.79,37300,11.395133
2014-05-06,12.54,12.78,12.54,12.77,86500,11.377315
2014-05-05,12.56,12.66,12.56,12.60,22400,11.225855
2014-05-02,12.57,12.64,12.57,12.64,54500,11.261493
2014-05-01,12.62,12.68,12.60,12.64,39200,11.261493
2014-04-30,12.54,12.61,12.54,12.58,25400,11.208036
2014-04-29,12.59,12.62,12.54,12.54,47200,11.172398
2014-04-28,12.60,12.65,12.57,12.61,21300,11.234764
2014-04-25,12.55,12.59,12.54,12.59,21500,11.216945
2014-04-24,12.47,12.54,12.47,12.52,30000,11.15458
2014-04-23,12.41,12.50,12.41,12.50,38700,11.136761
2014-04-22,12.34,12.40,12.34,12.40,42600,11.047666
2014-04-21,12.27,12.34,12.27,12.34,47300,10.99421
2014-04-17,12.28,12.35,12.28,12.28,16400,10.940753
2014-04-16,12.27,12.33,12.27,12.30,64100,10.958573
2014-04-15,12.27,12.34,12.26,12.27,31600,10.931845
2014-04-14,12.29,12.32,12.27,12.30,43900,10.958573
2014-04-11,12.31,12.31,12.29,12.29,20900,10.949663
2014-04-10,12.29,12.39,12.28,12.38,32500,10.970155
2014-04-09,12.24,12.31,12.24,12.31,39200,10.908127
2014-04-08,12.20,12.27,12.20,12.25,25200,10.854959
2014-04-07,12.15,12.25,12.15,12.22,68500,10.828376
2014-04-04,12.12,12.21,12.12,12.18,33800,10.792931
2014-04-03,12.06,12.18,12.06,12.12,39000,10.739764
2014-04-02,12.12,12.17,12.10,12.10,46400,10.722042
2014-04-01,12.24,12.24,12.12,12.13,40300,10.748625
2014-03-31,12.21,12.22,12.18,12.21,55400,10.819515
2014-03-28,12.25,12.25,12.19,12.23,20600,10.837237
2014-03-27,12.16,12.24,12.12,12.23,37100,10.837237
2014-03-26,12.12,12.16,12.12,12.12,27500,10.739764
2014-03-25,12.12,12.14,12.09,12.12,25600,10.739764
2014-03-24,12.12,12.13,12.01,12.12,36000,10.739764
2014-03-21,11.98,12.10,11.97,12.10,47700,10.722042
2014-03-20,12.08,12.09,11.97,11.99,85600,10.624568
2014-03-19,12.17,12.23,12.10,12.10,41900,10.722042
2014-03-18,12.21,12.23,12.17,12.19,43300,10.801792
2014-03-17,12.24,12.26,12.20,12.22,28000,10.828376
2014-03-14,12.27,12.32,12.23,12.24,24200,10.846098
2014-03-13,12.24,12.33,12.24,12.27,53400,10.872682
2014-03-12,12.17,12.27,12.15,12.27,39900,10.872682
2014-03-11,12.19,12.26,12.18,12.25,31400,10.79559
2014-03-10,12.11,12.23,12.10,12.19,51200,10.742713
2014-03-07,12.15,12.19,12.06,12.14,79500,10.69865
2014-03-06,12.26,12.27,12.18,12.19,87100,10.742713
2014-03-05,12.28,12.34,12.27,12.29,52500,10.83084
2014-03-04,12.20,12.30,12.19,12.27,30700,10.813215
2014-03-03,12.30,12.30,12.17,12.19,54600,10.742713
2014-02-28,12.21,12.24,12.16,12.24,38300,10.786777
2014-02-27,12.22,12.29,12.20,12.24,62800,10.786777
2014-02-26,12.15,12.26,12.15,12.18,52500,10.733901
2014-02-25,12.20,12.25,12.15,12.19,37800,10.742713
2014-02-24,12.12,12.23,12.12,12.20,66900,10.751526
2014-02-21,12.17,12.18,12.10,12.16,35900,10.716275
2014-02-20,12.01,12.12,12.01,12.12,33500,10.681024
2014-02-19,11.93,12.05,11.91,12.05,62000,10.619335
2014-02-18,11.90,11.95,11.88,11.90,31800,10.487144
2014-02-14,11.91,11.94,11.88,11.88,39200,10.469519
2014-02-13,11.96,11.99,11.91,11.94,44900,10.522395
2014-02-12,12.00,12.00,11.93,11.96,54200,10.54002
2014-02-11,12.00,12.05,11.98,12.05,83700,10.56029
2014-02-10,11.93,12.06,11.93,11.97,40800,10.49018
2014-02-07,11.81,11.98,11.81,11.96,55500,10.481416
2014-02-06,11.86,11.90,11.84,11.84,40100,10.376251
2014-02-05,11.88,11.91,11.82,11.87,86300,10.402542
2014-02-04,11.91,11.97,11.89,11.93,62900,10.455125
2014-02-03,11.91,11.96,11.89,11.94,90800,10.463888
2014-01-31,11.82,11.92,11.82,11.88,71000,10.411306
2014-01-30,11.85,11.90,11.79,11.84,96100,10.376251
2014-01-29,11.83,11.86,11.78,11.86,82800,10.393778
2014-01-28,11.81,11.86,11.81,11.85,39000,10.385015
2014-01-27,11.84,11.91,11.77,11.81,66100,10.34996
2014-01-24,11.93,11.94,11.84,11.84,39800,10.376251
2014-01-23,11.81,11.91,11.81,11.90,53800,10.428833
2014-01-22,11.78,11.81,11.75,11.80,36300,10.341197
2014-01-21,11.77,11.85,11.76,11.78,40200,10.323669
2014-01-17,11.64,11.81,11.64,11.77,68800,10.314906
2014-01-16,11.61,11.68,11.61,11.64,50500,10.200977
2014-01-15,11.62,11.67,11.59,11.65,47100,10.20974
2014-01-14,11.63,11.67,11.59,11.67,67100,10.227268
2014-01-13,11.62,11.70,11.61,11.66,76500,10.218504
2014-01-10,11.56,11.68,11.56,11.68,61900,10.177315
2014-01-09,11.56,11.64,11.56,11.56,34600,10.072754
2014-01-08,11.57,11.59,11.48,11.58,27500,10.09018
2014-01-07,11.58,11.65,11.53,11.60,80200,10.107608
2014-01-06,11.50,11.61,11.49,11.58,62000,10.09018
2014-01-03,11.38,11.55,11.35,11.54,47900,10.055327
2014-01-02,11.40,11.48,11.36,11.41,77500,9.942052
2013-12-31,11.46,11.52,11.38,11.42,108100,9.950765
2013-12-30,11.50,11.55,11.44,11.54,136400,10.055327
2013-12-27,11.65,11.65,11.44,11.57,93100,10.081467
2013-12-26,11.60,11.68,11.60,11.67,85700,10.168602
2013-12-24,11.72,11.72,11.60,11.61,27500,10.11632
2013-12-23,11.50,11.75,11.50,11.70,150400,10.194742
2013-12-20,11.42,11.49,11.41,11.47,63100,9.994333
2013-12-19,11.38,11.46,11.32,11.46,63900,9.985619
2013-12-18,11.23,11.38,11.23,11.37,93700,9.907198
2013-12-17,10.98,11.25,10.98,11.23,141300,9.785209
2013-12-16,11.00,11.03,10.99,11.01,114200,9.593514
2013-12-13,10.97,11.05,10.93,11.05,160400,9.628368
2013-12-12,11.00,11.03,10.99,11.03,80100,9.61094
2013-12-11,11.03,11.03,10.95,11.02,93800,9.602227
2013-12-10,11.02,11.09,11.02,11.09,63000,9.604841
2013-12-09,11.10,11.11,11.01,11.06,114100,9.578859
2013-12-06,11.10,11.15,11.10,11.12,37900,9.630823
2013-12-05,11.10,11.14,11.10,11.13,63400,9.639484
2013-12-04,11.19,11.20,11.13,11.16,48700,9.665466
2013-12-03,11.13,11.21,11.09,11.18,86000,9.682789
2013-12-02,11.22,11.22,11.12,11.13,65700,9.639484
2013-11-29,11.18,11.18,11.14,11.18,23100,9.682789
2013-11-27,11.19,11.21,11.16,11.18,55700,9.682789
2013-11-26,11.22,11.27,11.19,11.19,119300,9.691449
2013-11-25,11.28,11.29,11.22,11.25,61900,9.743414
2013-11-22,11.31,11.33,11.26,11.32,48900,9.804039
2013-11-21,11.25,11.29,11.24,11.27,53700,9.760736
2013-11-20,11.25,11.30,11.25,11.26,30200,9.752075
2013-11-19,11.24,11.34,11.23,11.30,87300,9.786718
2013-11-18,11.34,11.35,11.28,11.29,71000,9.778057
2013-11-15,11.31,11.38,11.31,11.33,41700,9.811834
2013-11-14,11.28,11.40,11.28,11.34,107100,9.820494
2013-11-13,11.34,11.39,11.30,11.32,60600,9.803174
2013-11-12,11.55,11.55,11.42,11.45,31700,9.857733
2013-11-11,11.50,11.57,11.49,11.55,35400,9.943827
2013-11-08,11.78,11.78,11.53,11.55,69300,9.943827
2013-11-07,11.68,11.80,11.67,11.75,41800,10.116014
2013-11-06,11.82,11.83,11.68,11.68,35900,10.055749
2013-11-05,11.69,11.84,11.65,11.76,81100,10.124624
2013-11-04,11.69,11.75,11.69,11.70,67100,10.072967
2013-11-01,11.76,11.77,11.69,11.69,43000,10.064357
2013-10-31,11.67,11.75,11.65,11.70,51200,10.072967
2013-10-30,11.77,11.77,11.66,11.73,40000,10.098795
2013-10-29,11.85,11.90,11.74,11.81,44300,10.167671
2013-10-28,11.68,11.91,11.68,11.81,54100,10.167671
2013-10-25,11.75,11.83,11.70,11.72,78800,10.090186
2013-10-24,11.74,11.81,11.64,11.78,59600,10.141842
2013-10-23,11.59,11.71,11.58,11.71,59600,10.081576
2013-10-22,11.59,11.59,11.51,11.58,52700,9.969655
2013-10-21,11.49,11.55,11.41,11.49,48200,9.89217
2013-10-18,11.40,11.48,11.38,11.41,84000,9.823295
2013-10-17,11.21,11.38,11.21,11.36,83500,9.780248
2013-10-16,11.45,11.45,11.17,11.25,27800,9.685545
2013-10-15,11.29,11.29,11.18,11.23,75800,9.668326
2013-10-14,11.26,11.31,11.24,11.24,31700,9.676936
2013-10-11,11.29,11.30,11.25,11.26,49400,9.694155
2013-10-10,11.40,11.40,11.32,11.36,45900,9.780248
2013-10-09,11.48,11.50,11.44,11.48,17700,9.825877
2013-10-08,11.36,11.47,11.36,11.42,24500,9.774523
2013-10-07,11.50,11.50,11.38,11.39,55400,9.748846
2013-10-04,11.46,11.52,11.45,11.48,34300,9.825877
2013-10-03,11.63,11.68,11.48,11.48,42000,9.825877
2013-10-02,11.63,11.72,11.60,11.72,52800,10.031297
2013-10-01,11.73,11.73,11.64,11.64,34400,9.962824
2013-09-30,11.69,11.72,11.59,11.65,74700,9.971382
2013-09-27,11.74,11.74,11.62,11.69,47100,10.005619
2013-09-26,11.66,11.74,11.66,11.71,20100,10.022738
2013-09-25,11.61,11.76,11.61,11.72,42900,10.031297
2013-09-24,11.55,11.69,11.55,11.66,29800,9.979942
2013-09-23,11.50,11.64,11.50,11.55,50500,9.885792
2013-09-20,11.60,11.67,11.51,11.51,99200,9.851555
2013-09-19,11.70,11.79,11.64,11.65,89100,9.971382
2013-09-18,11.52,11.77,11.42,11.74,107300,10.048415
2013-09-17,11.30,11.50,11.30,11.47,58900,9.817319
2013-09-16,11.22,11.38,11.22,11.30,78000,9.671814
2013-09-13,11.18,11.24,11.16,11.19,75300,9.577663
2013-09-12,11.18,11.24,11.16,11.18,56100,9.569104
2013-09-11,11.28,11.28,11.15,11.21,110200,9.594781
2013-09-10,11.44,11.44,11.36,11.39,49700,9.6915
2013-09-09,11.40,11.45,11.38,11.45,91000,9.742552
2013-09-06,11.37,11.40,11.31,11.38,78900,9.682991
2013-09-05,11.40,11.40,11.30,11.37,32900,9.674482
2013-09-04,11.32,11.40,11.28,11.38,63800,9.682991
2013-09-03,11.50,11.50,11.31,11.38,85900,9.682991
2013-08-30,11.45,11.54,11.39,11.54,77200,9.819131
2013-08-29,11.50,11.57,11.46,11.50,74400,9.785096
2013-08-28,11.64,11.74,11.56,11.56,92300,9.836149
2013-08-27,11.58,11.65,11.53,11.56,44200,9.836149
2013-08-26,11.56,11.70,11.55,11.65,63300,9.912728
2013-08-23,11.70,11.72,11.60,11.61,40100,9.878693
2013-08-22,11.53,11.72,11.53,11.65,61600,9.912728
2013-08-21,11.42,11.51,11.30,11.50,71300,9.785096
2013-08-20,11.20,11.40,11.17,11.39,72200,9.6915
2013-08-19,11.04,11.28,11.04,11.26,85300,9.580886
2013-08-16,11.05,11.10,11.00,11.10,98600,9.444745
2013-08-15,11.26,11.28,11.18,11.19,25500,9.521324
2013-08-14,11.36,11.37,11.26,11.34,63600,9.648956
2013-08-13,11.40,11.42,11.30,11.35,59500,9.657465
2013-08-12,11.45,11.57,11.43,11.50,72100,9.728087
2013-08-09,11.40,11.50,11.38,11.50,47100,9.728087
2013-08-08,11.46,11.57,11.45,11.46,81300,9.69425
2013-08-07,11.35,11.55,11.33,11.51,85900,9.736547
2013-08-06,11.41,11.43,11.37,11.43,47100,9.668873
2013-08-05,11.56,11.56,11.42,11.42,93100,9.660414
2013-08-02,11.59,11.63,11.46,11.56,81100,9.778843
2013-08-01,11.56,11.65,11.54,11.55,51700,9.770383
2013-07-31,11.50,11.60,11.42,11.56,106500,9.778843
2013-07-30,11.55,11.59,11.46,11.57,91100,9.787301
2013-07-29,11.52,11.60,11.50,11.50,53300,9.728087
2013-07-26,11.48,11.54,11.48,11.49,47300,9.719628
2013-07-25,11.52,11.53,11.41,11.45,39500,9.685791
2013-07-24,11.58,11.62,11.53,11.60,73000,9.81268
2013-07-23,11.50,11.64,11.48,11.59,75600,9.80422
2013-07-22,11.62,11.76,11.42,11.42,105200,9.660414
2013-07-19,11.76,11.77,11.66,11.68,50900,9.880353
2013-07-18,11.97,11.97,11.77,11.78,44000,9.964945
2013-07-17,11.84,11.92,11.80,11.90,48700,10.066455
2013-07-16,11.72,11.84,11.67,11.80,79700,9.981864
2013-07-15,11.83,11.84,11.72,11.72,38600,9.91419
2013-07-12,11.92,11.92,11.77,11.78,123500,9.964945
2013-07-11,11.82,11.90,11.80,11.87,49800,10.041078
2013-07-10,11.82,11.91,11.76,11.81,72800,9.933647
2013-07-09,11.95,11.97,11.87,11.95,37700,10.051403
2013-07-08,11.90,12.04,11.90,11.97,33100,10.068226
2013-07-05,12.05,12.12,11.87,11.89,93700,10.000936
2013-07-03,12.28,12.34,12.17,12.20,29000,10.261684
2013-07-02,12.39,12.49,12.35,12.39,29500,10.421497
2013-07-01,12.53,12.59,12.40,12.49,39500,10.505609
2013-06-28,12.47,12.50,12.33,12.44,56500,10.463553
2013-06-27,12.20,12.47,12.20,12.43,68900,10.455142
2013-06-26,11.70,12.08,11.70,12.02,114400,10.110282
2013-06-25,11.78,11.78,11.31,11.70,250400,9.841123
2013-06-24,12.10,12.10,11.63,11.82,138000,9.942057
2013-06-21,12.15,12.24,12.10,12.22,75300,10.278506
2013-06-20,12.25,12.33,12.10,12.17,93800,10.23645
2013-06-19,12.38,12.45,12.34,12.37,62600,10.404674
2013-06-18,12.40,12.41,12.32,12.34,45400,10.379441
2013-06-17,12.48,12.53,12.40,12.45,46500,10.471964
2013-06-14,12.47,12.60,12.47,12.48,96700,10.497197
2013-06-13,12.58,12.62,12.39,12.50,120000,10.51402
2013-06-12,12.82,12.82,12.58,12.63,84600,10.623366
2013-06-11,12.85,12.91,12.70,12.91,143000,10.802524
2013-06-10,13.08,13.08,12.87,12.87,77000,10.769054
2013-06-07,13.07,13.10,13.04,13.08,38200,10.944773
2013-06-06,12.99,13.13,12.97,13.10,51700,10.961508
2013-06-05,12.85,12.98,12.78,12.96,80500,10.844362
2013-06-04,12.70,12.85,12.69,12.81,96700,10.718849
2013-06-03,12.99,12.99,12.73,12.74,100600,10.660276
2013-05-31,13.06,13.11,12.83,12.99,154500,10.869465
2013-05-30,13.17,13.18,13.04,13.09,94700,10.953141
2013-05-29,13.34,13.35,13.10,13.13,145400,10.986611
2013-05-28,13.46,13.51,13.33,13.36,60600,11.179065
2013-05-24,13.55,13.55,13.46,13.50,28800,11.296211
2013-05-23,13.52,13.57,13.49,13.56,38800,11.346416
2013-05-22,13.52,13.65,13.51,13.55,65200,11.338049
2013-05-21,13.60,13.62,13.52,13.52,56300,11.312946
2013-05-20,13.62,13.65,13.58,13.64,24700,11.413357
2013-05-17,13.59,13.60,13.51,13.60,25600,11.379887
2013-05-16,13.55,13.58,13.51,13.52,38200,11.312946
2013-05-15,13.62,13.62,13.49,13.51,46900,11.304578
2013-05-14,13.52,13.60,13.52,13.60,74200,11.379887
2013-05-13,13.64,13.64,13.47,13.51,57800,11.304578
2013-05-10,13.69,13.73,13.63,13.68,75400,11.390765
2013-05-09,13.77,13.77,13.70,13.71,47100,11.415744
2013-05-08,13.73,13.77,13.70,13.77,59100,11.465704
2013-05-07,13.71,13.73,13.66,13.71,30200,11.415744
2013-05-06,13.63,13.71,13.62,13.70,49900,11.407418
2013-05-03,13.69,13.69,13.61,13.66,67800,11.374111
2013-05-02,13.76,13.76,13.64,13.71,113500,11.415744
2013-05-01,13.78,13.78,13.70,13.75,64100,11.449051
2013-04-30,13.77,13.77,13.63,13.70,51800,11.407418
2013-04-29,13.72,13.72,13.62,13.70,46900,11.407418
2013-04-26,13.57,13.70,13.57,13.67,73000,11.382438
2013-04-25,13.54,13.68,13.53,13.67,162800,11.382438
2013-04-24,13.66,13.72,13.61,13.63,135200,11.349132
2013-04-23,13.82,13.83,13.68,13.72,53400,11.424071
2013-04-22,13.74,13.78,13.71,13.73,38700,11.432397
2013-04-19,13.44,13.73,13.44,13.73,39300,11.432397
2013-04-18,13.70,13.74,13.64,13.65,45200,11.365785
2013-04-17,13.62,13.71,13.62,13.64,34300,11.357459
2013-04-16,13.61,13.71,13.61,13.66,53200,11.374111
2013-04-15,13.76,13.78,13.66,13.68,63700,11.390765
2013-04-12,13.87,13.87,13.75,13.78,42800,11.47403
2013-04-11,13.88,13.88,13.76,13.88,34800,11.557296
2013-04-10,13.74,13.94,13.74,13.94,64800,11.551467
2013-04-09,13.91,13.94,13.90,13.93,26100,11.543181
2013-04-08,13.95,13.95,13.84,13.91,25500,11.526608
2013-04-05,13.64,13.87,13.64,13.87,38300,11.493461
2013-04-04,13.65,13.72,13.61,13.62,39500,11.286297
2013-04-03,13.79,13.79,13.64,13.73,74200,11.377449
2013-04-02,13.86,13.86,13.74,13.80,28500,11.435456
2013-04-01,13.89,13.89,13.78,13.84,43200,11.468602
2013-03-28,13.74,13.88,13.74,13.88,25400,11.501748
2013-03-27,13.65,13.78,13.65,13.76,47200,11.402309
2013-03-26,13.71,13.71,13.61,13.71,33100,11.360876
2013-03-25,13.72,13.73,13.62,13.68,75200,11.336017
2013-03-22,13.79,13.79,13.72,13.72,39700,11.369163
2013-03-21,13.80,13.86,13.71,13.74,40300,11.385736
2013-03-20,13.78,13.87,13.71,13.80,69800,11.435456
2013-03-19,13.59,13.85,13.56,13.77,79700,11.410596
2013-03-18,13.33,13.69,13.31,13.59,102500,11.261438
2013-03-15,13.43,13.43,13.12,13.35,172000,11.062561
2013-03-14,13.77,13.77,13.46,13.49,112800,11.178572
2013-03-13,13.95,13.99,13.73,13.80,75600,11.435456
2013-03-12,13.80,13.99,13.80,13.99,49400,11.53738
2013-03-11,14.02,14.04,13.86,13.88,66700,11.446665
2013-03-08,14.09,14.10,13.98,14.02,43000,11.562121
2013-03-07,14.16,14.16,14.05,14.14,64100,11.661084
2013-03-06,14.20,14.23,14.15,14.20,31400,11.710565
2013-03-05,14.18,14.26,14.17,14.20,25600,11.710565
2013-03-04,14.19,14.22,14.13,14.17,28000,11.685824
2013-03-01,14.25,14.27,14.18,14.19,18900,11.702318
2013-02-28,14.21,14.27,14.19,14.25,26200,11.751799
2013-02-27,14.22,14.27,14.20,14.27,21300,11.768293
2013-02-26,14.22,14.24,14.19,14.22,25100,11.727059
2013-02-25,14.36,14.41,14.18,14.18,30400,11.694071
2013-02-22,14.36,14.36,14.30,14.34,25000,11.826021
2013-02-21,14.20,14.33,14.20,14.31,38400,11.801281
2013-02-20,14.13,14.20,14.12,14.18,26500,11.694071
2013-02-19,14.13,14.17,14.08,14.12,38400,11.64459
2013-02-15,14.27,14.28,14.12,14.12,41900,11.64459
2013-02-14,14.37,14.37,14.18,14.22,63500,11.727059
2013-02-13,14.41,14.41,14.28,14.33,35100,11.817774
2013-02-12,14.45,14.47,14.36,14.44,35400,11.853236
2013-02-11,14.41,14.45,14.35,14.42,32000,11.836819
2013-02-08,14.47,14.51,14.43,14.48,35800,11.88607
2013-02-07,14.47,14.52,14.44,14.52,18700,11.918905
2013-02-06,14.46,14.47,14.31,14.44,72300,11.853236
2013-02-05,14.43,14.49,14.40,14.41,43500,11.82861
2013-02-04,14.53,14.54,14.40,14.42,22600,11.836819
2013-02-01,14.58,14.58,14.46,14.50,31700,11.902488
2013-01-31,14.38,14.45,14.37,14.45,22900,11.861444
2013-01-30,14.41,14.42,14.40,14.42,15500,11.836819
2013-01-29,14.48,14.53,14.36,14.40,31400,11.820401
2013-01-28,14.67,14.67,14.39,14.43,31900,11.845028
2013-01-25,14.71,14.72,14.60,14.64,22800,12.017409
2013-01-24,14.72,14.72,14.57,14.67,35200,12.042034
2013-01-23,14.51,14.69,14.50,14.69,95800,12.058451
2013-01-22,14.46,14.51,14.46,14.51,21800,11.910696
2013-01-18,14.45,14.50,14.44,14.47,26800,11.877862
2013-01-17,14.47,14.51,14.45,14.51,30300,11.910696
2013-01-16,14.42,14.47,14.35,14.45,32400,11.861444
2013-01-15,14.44,14.50,14.36,14.43,54600,11.845028
2013-01-14,14.60,14.61,14.47,14.50,59900,11.902488
2013-01-11,14.55,14.61,14.46,14.56,29600,11.95174
2013-01-10,14.68,14.72,14.61,14.64,87700,11.96241
2013-01-09,14.82,14.90,14.74,14.79,55800,12.084976
2013-01-08,14.86,14.86,14.77,14.82,17900,12.109489
2013-01-07,14.68,14.81,14.63,14.77,33000,12.068634
2013-01-04,14.52,14.67,14.52,14.67,18100,11.986923
2013-01-03,14.60,14.69,14.56,14.57,32700,11.905213
2013-01-02,14.38,14.61,14.38,14.57,36200,11.905213
2012-12-31,14.34,14.46,14.28,14.34,46300,11.717279
2012-12-28,14.11,14.28,14.11,14.26,51900,11.651911
2012-12-27,14.25,14.28,14.03,14.11,85300,11.529344
2012-12-26,14.35,14.41,14.25,14.28,42800,11.668252
2012-12-24,14.49,14.50,14.28,14.28,37500,11.668252
2012-12-21,14.37,14.49,14.34,14.42,62600,11.782647
2012-12-20,14.36,14.47,14.33,14.37,74600,11.741792
2012-12-19,14.16,14.36,14.16,14.36,54400,11.733621
2012-12-18,14.43,14.49,14.18,14.21,102800,11.611055
2012-12-17,14.67,14.70,14.35,14.42,83200,11.782647
2012-12-14,14.63,14.72,14.63,14.68,77200,11.995095
2012-12-13,14.78,14.78,14.63,14.66,52900,11.978752
2012-12-12,14.75,14.83,14.62,14.78,124600,12.076805
2012-12-11,14.63,14.80,14.61,14.80,62000,12.038401
2012-12-10,14.64,14.67,14.55,14.56,70600,11.843184
2012-12-07,14.79,14.79,14.56,14.60,80000,11.87572
2012-12-06,14.85,14.91,14.70,14.70,101200,11.95706
2012-12-05,14.80,14.96,14.80,14.84,99300,12.070937
2012-12-04,14.93,14.94,14.81,14.91,86200,12.127875
2012-12-03,14.94,14.94,14.76,14.90,87800,12.119741
2012-11-30,14.84,14.90,14.75,14.85,85200,12.079071
2012-11-29,14.74,14.80,14.71,14.80,41500,12.038401
2012-11-28,14.62,14.72,14.59,14.70,95700,11.95706
2012-11-27,14.57,14.63,14.52,14.63,92100,11.900122
2012-11-26,14.52,14.59,14.42,14.48,55400,11.778111
2012-11-23,14.59,14.59,14.44,14.53,37900,11.818781
2012-11-21,14.57,14.62,14.50,14.52,47200,11.810648
2012-11-20,14.57,14.60,14.50,14.57,22600,11.851317
2012-11-19,14.48,14.57,14.48,14.55,30400,11.83505
2012-11-16,14.30,14.47,14.30,14.40,29000,11.713038
2012-11-15,14.33,14.34,14.14,14.25,57900,11.591028
2012-11-14,14.51,14.51,14.34,14.39,35900,11.704905
2012-11-13,14.63,14.65,14.46,14.50,67600,11.794379
2012-11-12,14.55,14.67,14.52,14.65,57600,11.858638
2012-11-09,14.44,14.63,14.44,14.62,35400,11.834355
2012-11-08,14.41,14.53,14.37,14.50,66300,11.737219
2012-11-07,14.32,14.42,14.32,14.39,44000,11.648178
2012-11-06,14.28,14.32,14.25,14.32,27800,11.591515
2012-11-05,14.30,14.32,14.24,14.25,55500,11.534853
2012-11-02,14.42,14.42,14.30,14.30,48600,11.575327
2012-11-01,14.41,14.48,14.32,14.37,40100,11.631989
2012-10-31,14.36,14.41,14.33,14.33,59100,11.59961
2012-10-26,14.46,14.46,14.37,14.37,37300,11.631989
2012-10-25,14.40,14.44,14.37,14.40,29200,11.656272
2012-10-24,14.38,14.43,14.38,14.43,37700,11.680557
2012-10-23,14.37,14.40,14.36,14.39,26400,11.648178
2012-10-22,14.33,14.39,14.30,14.37,32800,11.631989
2012-10-19,14.30,14.38,14.29,14.38,28500,11.640084
2012-10-18,14.41,14.41,14.30,14.32,35900,11.591515
2012-10-17,14.39,14.42,14.37,14.41,13200,11.664367
2012-10-16,14.39,14.39,14.26,14.39,27300,11.648178
2012-10-15,14.37,14.40,14.33,14.35,33300,11.6158
2012-10-12,14.41,14.44,14.27,14.37,45000,11.631989
2012-10-11,14.40,14.44,14.34,14.40,49200,11.656272
2012-10-10,14.55,14.55,14.40,14.51,43900,11.687842
2012-10-09,14.67,14.67,14.50,14.50,45500,11.679787
2012-10-08,14.64,14.70,14.61,14.66,34000,11.808667
2012-10-05,14.69,14.72,14.62,14.68,26700,11.824777
2012-10-04,14.74,14.74,14.61,14.68,48300,11.824777
2012-10-03,14.71,14.72,14.64,14.68,35600,11.824777
2012-10-02,14.68,14.72,14.58,14.64,27000,11.792557
2012-10-01,14.74,14.74,14.60,14.63,40500,11.784502
2012-09-28,14.63,14.74,14.57,14.64,60400,11.792557
2012-09-27,14.77,14.78,14.66,14.66,40300,11.808667
2012-09-26,14.71,14.77,14.63,14.77,42200,11.897273
2012-09-25,14.69,14.70,14.61,14.66,55500,11.808667
2012-09-24,14.58,14.69,14.57,14.69,64700,11.832832
2012-09-21,14.46,14.58,14.45,14.58,54800,11.744227
2012-09-20,14.40,14.46,14.37,14.46,46900,11.647567
2012-09-19,14.23,14.36,14.20,14.36,55600,11.567016
2012-09-18,14.18,14.23,14.16,14.23,38500,11.462301
2012-09-17,14.26,14.26,14.17,14.18,38000,11.422026
2012-09-14,14.20,14.25,14.16,14.24,41200,11.470356
2012-09-13,14.17,14.20,14.13,14.16,66700,11.405916
2012-09-12,14.16,14.16,14.07,14.16,58400,11.405916
2012-09-11,14.11,14.18,14.11,14.16,42100,11.348725
2012-09-10,14.12,14.15,14.12,14.14,17100,11.332696
2012-09-07,14.09,14.13,14.04,14.11,57500,11.308651
2012-09-06,14.14,14.14,14.00,14.06,41200,11.268579
2012-09-05,14.04,14.09,14.03,14.08,22600,11.284607
2012-09-04,14.06,14.07,13.95,14.03,48600,11.244534
2012-08-31,13.98,14.02,13.92,14.02,39000,11.23652
2012-08-30,14.04,14.07,13.88,13.98,81900,11.204461
2012-08-29,13.95,14.04,13.95,14.03,26500,11.244534
2012-08-28,13.95,13.95,13.87,13.91,28900,11.148359
2012-08-27,13.93,13.93,13.86,13.91,62500,11.148359
2012-08-24,13.89,13.95,13.89,13.91,32700,11.148359
2012-08-23,13.76,13.95,13.76,13.89,34200,11.13233
2012-08-22,14.04,14.04,13.76,13.83,108600,11.084242
2012-08-21,14.22,14.22,14.01,14.04,56600,11.252549
2012-08-20,14.16,14.20,14.15,14.20,15100,11.380783
2012-08-17,14.18,14.22,14.10,14.14,38600,11.332696
2012-08-16,14.15,14.16,14.14,14.14,28600,11.332696
2012-08-15,14.10,14.11,14.06,14.11,30400,11.308651
2012-08-14,14.07,14.09,14.01,14.06,41200,11.268579
2012-08-13,14.03,14.09,14.01,14.04,50600,11.252549
2012-08-10,14.34,14.34,14.14,14.20,31200,11.32388
2012-08-09,14.43,14.43,14.21,14.30,55700,11.403626
2012-08-08,14.39,14.44,14.25,14.34,74100,11.435524
2012-08-07,14.35,14.43,14.32,14.32,17300,11.419574
2012-08-06,14.34,14.37,14.31,14.34,29100,11.435524
2012-08-03,14.44,14.44,14.33,14.41,29700,11.491346
2012-08-02,14.39,14.44,14.32,14.44,36000,11.515269
2012-08-01,14.40,14.40,14.28,14.37,25900,11.459447
2012-07-31,14.31,14.38,14.29,14.38,27200,11.467422
2012-07-30,14.31,14.35,14.25,14.26,56900,11.371727
2012-07-27,14.16,14.32,14.16,14.25,36600,11.363753
2012-07-26,14.21,14.30,14.13,14.19,28200,11.315905
2012-07-25,14.15,14.20,14.05,14.20,40400,11.32388
2012-07-24,14.00,14.14,14.00,14.09,63100,11.23616
2012-07-23,14.08,14.09,13.98,14.07,52400,11.22021
2012-07-20,14.18,14.18,13.96,14.05,161700,11.204262
2012-07-19,14.25,14.30,14.17,14.23,55800,11.347803
2012-07-18,14.18,14.27,14.07,14.27,140200,11.379702
2012-07-17,14.06,14.11,14.01,14.11,135900,11.252108
2012-07-16,14.01,14.09,14.01,14.02,62200,11.180338
2012-07-13,14.00,14.05,13.98,14.00,49700,11.164389
2012-07-12,14.04,14.04,13.95,13.99,65400,11.156414
2012-07-11,13.98,14.05,13.97,13.97,44400,11.140465
2012-07-10,14.01,14.05,13.99,14.05,30300,11.147642
2012-07-09,14.05,14.05,14.00,14.02,48200,11.123839
2012-07-06,13.90,14.00,13.90,14.00,24400,11.10797
2012-07-05,13.83,13.97,13.81,13.97,52000,11.084168
2012-07-03,13.82,13.88,13.82,13.87,17200,11.004825
2012-07-02,13.87,13.88,13.74,13.82,73500,10.965153
2012-06-29,13.77,13.82,13.70,13.82,23400,10.965153
2012-06-28,13.63,13.74,13.63,13.74,9500,10.901679
2012-06-27,13.64,13.68,13.58,13.68,44500,10.854074
2012-06-26,13.51,13.58,13.43,13.58,85300,10.774731
2012-06-25,13.50,13.55,13.43,13.47,72400,10.687455
2012-06-22,13.53,13.54,13.45,13.49,73000,10.703323
2012-06-21,13.68,13.68,13.49,13.54,71700,10.742994
2012-06-20,13.66,13.66,13.57,13.65,87400,10.830271
2012-06-19,13.64,13.64,13.49,13.61,104200,10.798534
2012-06-18,13.52,13.62,13.51,13.59,86800,10.782666
2012-06-15,13.75,13.75,13.58,13.60,81600,10.7906
2012-06-14,13.86,13.86,13.71,13.75,61000,10.909614
2012-06-13,13.91,13.91,13.85,13.86,45200,10.99689
2012-06-12,14.04,14.04,13.95,13.96,37900,11.0199
2012-06-11,14.00,14.03,14.00,14.00,20200,11.051475
2012-06-08,14.00,14.03,13.97,14.00,25900,11.051475
2012-06-07,14.02,14.03,13.93,13.93,28400,10.996218
2012-06-06,13.99,14.00,13.97,14.00,31200,11.051475
2012-06-05,13.99,14.00,13.94,14.00,27400,11.051475
2012-06-04,13.96,14.02,13.94,13.98,24000,11.035687
2012-06-01,14.13,14.13,13.98,13.99,55900,11.043581
2012-05-31,14.00,14.11,13.99,14.05,59800,11.090945
2012-05-30,14.05,14.12,14.02,14.12,37000,11.146202
2012-05-29,14.16,14.19,14.10,14.12,31200,11.146202
2012-05-25,14.05,14.14,14.05,14.10,41200,11.130415
2012-05-24,14.02,14.05,13.96,14.05,37300,11.090945
2012-05-23,14.02,14.03,13.94,13.98,54000,11.035687
2012-05-22,14.00,14.03,13.92,13.99,30000,11.043581
2012-05-21,14.05,14.05,14.00,14.04,27400,11.083051
2012-05-18,14.03,14.05,13.98,14.05,27000,11.090945
2012-05-17,14.11,14.13,13.96,13.98,39500,11.035687
2012-05-16,14.16,14.16,14.14,14.16,62000,11.177778
2012-05-15,14.16,14.23,14.15,14.15,46600,11.169884
2012-05-14,14.24,14.24,14.13,14.15,43000,11.169884
2012-05-11,14.21,14.21,14.12,14.19,55600,11.201459
2012-05-10,14.31,14.35,14.22,14.27,45400,11.205407
2012-05-09,14.16,14.31,14.16,14.26,76800,11.197555
2012-05-08,14.12,14.19,14.05,14.14,31600,11.103326
2012-05-07,14.13,14.13,14.06,14.06,27300,11.040506
2012-05-04,14.04,14.13,14.01,14.13,24800,11.095473
2012-05-03,14.03,14.03,13.96,13.99,27800,10.985539
2012-05-02,14.10,14.12,13.96,13.97,40200,10.969835
2012-05-01,14.05,14.12,14.01,14.07,43000,11.048358
2012-04-30,13.96,13.99,13.93,13.97,19800,10.969835
2012-04-27,13.95,13.98,13.80,13.93,85300,10.938425
2012-04-26,13.90,14.00,13.90,13.95,44700,10.954129
2012-04-25,13.80,13.90,13.72,13.90,63200,10.914867
2012-04-24,13.75,13.77,13.72,13.73,21000,10.781376
2012-04-23,13.64,13.76,13.64,13.70,31700,10.757819
2012-04-20,13.68,13.68,13.51,13.60,66400,10.679295
2012-04-19,13.66,13.71,13.62,13.63,36100,10.702852
2012-04-18,13.60,13.67,13.57,13.67,23600,10.734262
2012-04-17,13.50,13.59,13.50,13.56,29600,10.647885
2012-04-16,13.58,13.68,13.53,13.54,57900,10.63218
2012-04-13,13.76,13.81,13.51,13.63,82000,10.702852
2012-04-12,13.88,13.89,13.75,13.75,45700,10.797081
2012-04-11,13.84,13.90,13.80,13.82,32400,10.852048
2012-04-10,13.88,13.90,13.85,13.89,60000,10.848122
2012-04-09,13.81,13.88,13.81,13.86,27400,10.824691
2012-04-05,13.76,13.83,13.76,13.80,32100,10.777832
2012-04-04,13.72,13.76,13.63,13.76,33000,10.746592
2012-04-03,13.79,13.79,13.65,13.69,60700,10.691921
2012-04-02,13.80,13.88,13.73,13.73,63600,10.723161
2012-03-30,13.57,13.77,13.52,13.77,29900,10.754402
2012-03-29,13.56,13.63,13.48,13.62,54900,10.637251
2012-03-28,13.19,13.48,13.19,13.48,94900,10.52791
2012-03-27,13.13,13.17,13.08,13.16,48500,10.27799
2012-03-26,13.27,13.27,13.12,13.14,64500,10.26237
2012-03-23,13.27,13.32,13.19,13.22,44600,10.32485
2012-03-22,13.18,13.27,13.18,13.23,49900,10.33266
2012-03-21,13.22,13.28,13.14,13.18,73200,10.29361
2012-03-20,13.18,13.26,13.17,13.19,53100,10.30142
2012-03-19,13.04,13.32,13.04,13.23,78800,10.33266
2012-03-16,13.24,13.32,13.06,13.13,155800,10.25456
2012-03-15,13.82,13.82,13.30,13.40,144500,10.46543
2012-03-14,14.03,14.05,13.82,13.82,49500,10.793451
2012-03-13,14.08,14.09,13.98,13.99,40400,10.926222
2012-03-12,13.99,14.12,13.99,14.07,30400,10.930126
2012-03-09,14.07,14.18,14.04,14.08,30600,10.937895
2012-03-08,14.19,14.22,14.08,14.12,36300,10.968969
2012-03-07,14.19,14.27,14.12,14.22,33700,11.046653
2012-03-06,14.18,14.21,14.08,14.09,25300,10.945664
2012-03-05,14.36,14.36,14.16,14.23,53600,11.054421
2012-03-02,14.40,14.46,14.32,14.34,54600,11.139873
2012-03-01,14.41,14.44,14.30,14.39,55100,11.178715
2012-02-29,14.40,14.44,14.30,14.35,65700,11.147642
2012-02-28,14.19,14.39,14.19,14.38,44000,11.170947
2012-02-27,14.14,14.26,14.14,14.23,43800,11.054421
2012-02-24,14.04,14.14,13.99,14.11,35300,10.9612
2012-02-23,13.99,14.07,13.94,13.98,45200,10.860211
2012-02-22,13.91,13.94,13.86,13.91,33800,10.805832
2012-02-21,13.93,14.03,13.87,13.89,73600,10.790296
2012-02-17,13.87,13.91,13.85,13.89,45600,10.790296
2012-02-16,13.99,13.99,13.86,13.89,60000,10.790296
2012-02-15,14.00,14.00,13.88,13.91,36200,10.805832
2012-02-14,14.12,14.13,13.94,13.97,59600,10.852443
2012-02-13,14.08,14.14,14.06,14.07,41600,10.930126
2012-02-10,14.08,14.11,14.03,14.07,41700,10.871864
2012-02-09,13.95,14.05,13.93,14.03,31700,10.840956
2012-02-08,13.87,13.93,13.84,13.93,34000,10.763686
2012-02-07,13.84,13.88,13.83,13.84,61000,10.694144
2012-02-06,13.98,13.98,13.87,13.90,31200,10.740505
2012-02-03,14.07,14.07,13.91,13.98,32400,10.802321
2012-02-02,13.97,14.05,13.95,13.98,53000,10.802321
2012-02-01,14.00,14.11,13.90,13.95,84100,10.77914
2012-01-31,13.85,13.91,13.72,13.91,76200,10.748232
2012-01-30,13.78,13.90,13.74,13.80,60200,10.663236
2012-01-27,13.69,13.76,13.67,13.74,58800,10.616873
2012-01-26,13.65,13.69,13.65,13.65,35100,10.54733
2012-01-25,13.64,13.65,13.60,13.65,24400,10.54733
2012-01-24,13.60,13.62,13.59,13.61,31000,10.516423
2012-01-23,13.58,13.65,13.58,13.62,49900,10.52415
2012-01-20,13.56,13.60,13.56,13.57,28500,10.485515
2012-01-19,13.53,13.59,13.53,13.55,21600,10.470061
2012-01-18,13.60,13.60,13.53,13.54,49200,10.462334
2012-01-17,13.56,13.60,13.53,13.58,36000,10.493242
2012-01-13,13.50,13.58,13.48,13.56,35200,10.477788
2012-01-12,13.35,13.51,13.35,13.46,40600,10.400518
2012-01-11,13.53,13.54,13.38,13.38,46000,10.338702
2012-01-10,13.61,13.66,13.47,13.60,78200,10.450744
2012-01-09,13.60,13.66,13.59,13.65,29700,10.489165
2012-01-06,13.59,13.62,13.52,13.60,54500,10.450744
2012-01-05,13.53,13.61,13.53,13.55,26000,10.412322
2012-01-04,13.60,13.60,13.49,13.53,31700,10.396953
2012-01-03,13.53,13.57,13.47,13.56,19500,10.420006
2011-12-30,13.49,13.55,13.44,13.51,20500,10.381584
2011-12-29,13.47,13.48,13.41,13.48,20500,10.358531
2011-12-28,13.45,13.45,13.40,13.44,17700,10.327793
2011-12-27,13.43,13.44,13.37,13.41,22900,10.30474
2011-12-23,13.33,13.38,13.27,13.38,29000,10.281688
2011-12-22,13.28,13.36,13.24,13.25,29100,10.181791
2011-12-21,13.33,13.35,13.27,13.27,20300,10.19716
2011-12-20,13.31,13.36,13.30,13.33,19200,10.243266
2011-12-19,13.29,13.32,13.15,13.29,31000,10.212528
2011-12-16,13.30,13.32,13.19,13.25,46400,10.181791
2011-12-15,13.39,13.42,13.24,13.24,48300,10.174106
2011-12-14,13.22,13.39,13.22,13.38,42500,10.281688
2011-12-13,13.27,13.35,13.15,13.29,52900,10.212528
2011-12-12,13.23,13.30,13.23,13.30,31100,10.162579
2011-12-09,13.40,13.45,13.24,13.24,61900,10.116733
2011-12-08,13.36,13.40,13.36,13.40,25700,10.238989
2011-12-07,13.34,13.41,13.34,13.36,46200,10.208425
2011-12-06,13.27,13.39,13.27,13.37,52200,10.216067
2011-12-05,13.28,13.30,13.21,13.27,43300,10.139657
2011-12-02,13.21,13.27,13.21,13.26,13400,10.132015
2011-12-01,13.20,13.23,13.17,13.21,44700,10.09381
2011-11-30,13.10,13.20,13.05,13.20,51400,10.086169
2011-11-29,13.02,13.09,13.02,13.06,26600,9.979195
2011-11-28,13.04,13.10,13.00,13.04,22000,9.963912
2011-11-25,13.04,13.06,13.04,13.05,15000,9.971554
2011-11-23,13.20,13.20,13.00,13.01,74900,9.940989
2011-11-22,13.14,13.22,13.14,13.20,32400,10.086169
2011-11-21,13.17,13.20,13.10,13.10,51800,10.009759
2011-11-18,13.18,13.21,13.14,13.16,31600,10.055605
2011-11-17,13.11,13.18,13.10,13.13,44600,10.032682
2011-11-16,13.10,13.16,13.09,13.14,21700,10.040323
2011-11-15,13.23,13.23,13.12,13.13,30900,10.032682
2011-11-14,13.20,13.23,13.15,13.23,31900,10.109092
2011-11-11,13.18,13.20,13.11,13.20,33000,10.086169
2011-11-10,13.21,13.25,13.08,13.13,75500,10.032682
2011-11-09,13.17,13.23,13.15,13.23,40200,10.051784
2011-11-08,13.09,13.20,13.02,13.16,63000,9.9986
2011-11-07,13.00,13.05,12.95,13.04,38600,9.907428
2011-11-04,12.90,13.00,12.88,12.95,41000,9.839048
2011-11-03,12.82,12.95,12.82,12.92,65200,9.816255
2011-11-02,12.81,12.82,12.74,12.82,29300,9.740278
2011-11-01,12.73,12.80,12.68,12.75,47400,9.687094
2011-10-31,12.71,12.79,12.61,12.72,26900,9.664301
2011-10-28,12.66,12.69,12.61,12.68,26100,9.63391
2011-10-27,12.70,12.73,12.62,12.62,27400,9.588323
2011-10-26,12.46,12.68,12.46,12.66,38000,9.618714
2011-10-25,12.60,12.60,12.50,12.53,57800,9.519944
2011-10-24,12.63,12.63,12.53,12.57,46100,9.550335
2011-10-21,12.62,12.67,12.56,12.59,43300,9.56553
2011-10-20,12.66,12.68,12.59,12.66,38300,9.618714
2011-10-19,12.60,12.65,12.56,12.62,28700,9.588323
2011-10-18,12.78,12.80,12.58,12.59,58200,9.56553
2011-10-17,12.87,12.87,12.74,12.80,36300,9.725083
2011-10-14,12.83,12.88,12.79,12.85,31700,9.763071
2011-10-13,12.62,12.78,12.56,12.75,19700,9.687094
2011-10-12,12.53,12.58,12.46,12.58,25800,9.557932
2011-10-11,12.49,12.57,12.47,12.57,25800,9.493352
2011-10-10,12.56,12.59,12.48,12.49,32100,9.432933
2011-10-07,12.55,12.56,12.48,12.56,21800,9.4858
2011-10-06,12.51,12.58,12.46,12.51,48200,9.448038
2011-10-05,12.46,12.60,12.46,12.52,36000,9.455591
2011-10-04,12.73,12.77,12.44,12.44,55100,9.395171
2011-10-03,12.90,12.90,12.74,12.74,41800,9.621743
2011-09-30,12.78,12.86,12.78,12.86,16100,9.712371
2011-09-29,12.79,12.84,12.76,12.76,24700,9.636848
2011-09-28,12.76,12.77,12.73,12.75,9900,9.629295
2011-09-27,12.59,12.73,12.59,12.73,26100,9.61419
2011-09-26,12.68,12.70,12.61,12.64,15300,9.546219
2011-09-23,12.69,12.69,12.63,12.63,12000,9.538667
2011-09-22,12.55,12.65,12.55,12.65,40000,9.553771
2011-09-21,12.48,12.57,12.48,12.57,35300,9.493352
2011-09-20,12.48,12.56,12.48,12.52,20400,9.455591
2011-09-19,12.39,12.50,12.39,12.50,13800,9.440485
2011-09-16,12.42,12.49,12.39,12.39,24200,9.357409
2011-09-15,12.49,12.49,12.43,12.47,29400,9.417828
2011-09-14,12.57,12.57,12.50,12.50,11100,9.440485
2011-09-13,12.57,12.60,12.53,12.55,14400,9.478247
2011-09-12,12.57,12.61,12.57,12.60,34800,9.459367
2011-09-09,12.56,12.59,12.51,12.56,28100,9.429337
2011-09-08,12.56,12.59,12.51,12.52,21500,9.399308
2011-09-07,12.46,12.53,12.46,12.52,50500,9.399308
2011-09-06,12.40,12.49,12.39,12.48,81900,9.369277
2011-09-02,12.46,12.52,12.46,12.46,17200,9.354263
2011-09-01,12.45,12.56,12.45,12.46,31000,9.354263
2011-08-31,12.49,12.49,12.44,12.49,15400,9.376785
2011-08-30,12.41,12.50,12.41,12.44,32000,9.339247
2011-08-29,12.45,12.50,12.40,12.45,37900,9.346755
2011-08-26,12.39,12.45,12.39,12.44,13100,9.339247
2011-08-25,12.43,12.44,12.38,12.38,22400,9.294203
2011-08-24,12.51,12.54,12.43,12.43,12800,9.331741
2011-08-23,12.49,12.53,12.47,12.51,10800,9.3918
2011-08-22,12.44,12.48,12.44,12.45,16200,9.346755
2011-08-19,12.42,12.49,12.41,12.44,45900,9.339247
2011-08-18,12.56,12.56,12.42,12.54,20700,9.414322
2011-08-17,12.56,12.62,12.53,12.61,26800,9.466874
2011-08-16,12.42,12.55,12.42,12.51,28200,9.3918
2011-08-15,12.41,12.51,12.41,12.46,21200,9.354263
2011-08-12,12.25,12.47,12.25,12.46,36400,9.354263
2011-08-11,12.14,12.30,11.98,12.28,33300,9.219129
2011-08-10,12.00,12.30,11.98,12.23,44900,9.125285
2011-08-09,11.83,11.98,11.73,11.98,51400,8.93875
2011-08-08,12.07,12.38,11.69,11.78,115000,8.789523
2011-08-05,12.41,12.48,12.26,12.43,35400,9.274514
2011-08-04,12.54,12.59,12.39,12.39,33800,9.244668
2011-08-03,12.34,12.46,12.34,12.46,20400,9.296898
2011-08-02,12.35,12.45,12.33,12.38,10700,9.237207
2011-08-01,12.31,12.39,12.31,12.36,27700,9.222284
2011-07-29,12.21,12.21,12.06,12.20,20000,9.102901
2011-07-28,12.26,12.32,12.17,12.30,38700,9.177516
2011-07-27,12.44,12.45,12.26,12.28,29500,9.162592
2011-07-26,12.49,12.49,12.43,12.43,23000,9.274514
2011-07-25,12.56,12.56,12.42,12.42,20800,9.267052
2011-07-22,12.53,12.60,12.53,12.58,20700,9.386434
2011-07-21,12.56,12.61,12.55,12.56,22100,9.371512
2011-07-20,12.44,12.62,12.44,12.61,29800,9.408818
2011-07-19,12.51,12.51,12.43,12.47,22000,9.304359
2011-07-18,12.53,12.60,12.44,12.45,42800,9.289436
2011-07-15,12.75,12.79,12.61,12.61,39800,9.408818
2011-07-14,12.73,12.77,12.73,12.75,13200,9.513278
2011-07-13,12.77,12.87,12.73,12.73,25400,9.498355
2011-07-12,12.86,12.89,12.82,12.83,44000,9.517009
2011-07-11,12.79,12.86,12.79,12.86,27500,9.539262
2011-07-08,12.79,12.85,12.76,12.83,24500,9.517009
2011-07-07,12.79,12.79,12.72,12.75,17200,9.457667
2011-07-06,12.65,12.72,12.62,12.72,34200,9.435414
2011-07-05,12.67,12.67,12.61,12.61,18600,9.353818
2011-07-01,12.65,12.74,12.57,12.60,37600,9.3464
2011-06-30,12.64,12.64,12.57,12.60,17900,9.3464
2011-06-29,12.59,12.69,12.57,12.60,27200,9.3464
2011-06-28,12.51,12.61,12.50,12.61,31900,9.353818
2011-06-27,12.46,12.52,12.46,12.49,17900,9.264804
2011-06-24,12.39,12.47,12.39,12.47,13700,9.249969
2011-06-23,12.40,12.43,12.37,12.42,21100,9.21288
2011-06-22,12.38,12.44,12.37,12.37,30200,9.175791
2011-06-21,12.35,12.44,12.35,12.35,29200,9.160956
2011-06-20,12.48,12.48,12.36,12.38,36600,9.183209
2011-06-17,12.44,12.50,12.44,12.44,25800,9.227715
2011-06-16,12.45,12.52,12.42,12.48,14200,9.257386
2011-06-15,12.42,12.51,12.42,12.45,21900,9.235133
2011-06-14,12.38,12.51,12.38,12.44,36700,9.227715
2011-06-13,12.41,12.41,12.32,12.35,19200,9.160956
2011-06-10,12.42,12.46,12.37,12.45,29100,9.1795
2011-06-09,12.45,12.46,12.37,12.44,27100,9.172126
2011-06-08,12.40,12.48,12.36,12.46,23600,9.186873
2011-06-07,12.30,12.39,12.30,12.35,27400,9.105769
2011-06-06,12.22,12.30,12.22,12.30,32900,9.068904
2011-06-03,12.29,12.34,12.23,12.26,55700,9.039411
2011-06-02,12.25,12.32,12.24,12.26,33200,9.039411
2011-06-01,12.32,12.35,12.25,12.29,40600,9.06153
2011-05-31,12.22,12.30,12.22,12.29,36100,9.06153
2011-05-27,12.22,12.26,12.21,12.23,19800,9.017291
2011-05-26,12.04,12.22,12.04,12.22,52300,9.009919
2011-05-25,12.02,12.04,11.98,12.03,24700,8.86983
2011-05-24,11.95,12.04,11.95,12.00,61000,8.847711
2011-05-23,12.00,12.07,11.97,12.07,24100,8.899322
2011-05-20,11.93,11.99,11.93,11.99,17400,8.840337
2011-05-19,11.95,11.98,11.91,11.94,46800,8.803472
2011-05-18,11.93,11.99,11.93,11.95,20600,8.810845
2011-05-17,11.91,12.01,11.91,11.97,30300,8.825592
2011-05-16,11.93,12.23,11.93,11.93,29000,8.796099
2011-05-13,11.96,11.99,11.94,11.95,14700,8.810845
2011-05-12,11.89,12.00,11.89,11.98,36200,8.832964
2011-05-11,11.94,11.98,11.89,11.89,30300,8.766607
2011-05-10,11.91,12.02,11.91,12.02,34000,8.807159
2011-05-09,11.85,11.97,11.85,11.94,24900,8.748541
2011-05-06,11.80,11.93,11.80,11.88,41700,8.704579
2011-05-05,11.75,11.85,11.75,11.85,24800,8.682598
2011-05-04,11.71,11.79,11.71,11.77,24000,8.623982
2011-05-03,11.74,11.76,11.70,11.74,24300,8.602
2011-05-02,11.80,11.80,11.72,11.75,36000,8.609327
2011-04-29,11.63,11.74,11.63,11.74,31000,8.602
2011-04-28,11.64,11.70,11.64,11.64,18800,8.528729
2011-04-27,11.70,11.70,11.64,11.68,13600,8.558038
2011-04-26,11.61,11.67,11.61,11.67,17000,8.55071
2011-04-25,11.61,11.69,11.60,11.60,37500,8.499421
2011-04-21,11.65,11.69,11.63,11.63,29900,8.521402
2011-04-20,11.65,11.68,11.63,11.68,19800,8.558038
2011-04-19,11.59,11.64,11.59,11.61,25200,8.506748
2011-04-18,11.64,11.66,11.58,11.59,26500,8.492094
2011-04-15,11.62,11.66,11.61,11.62,20600,8.514075
2011-04-14,11.61,11.67,11.61,11.64,17300,8.528729
2011-04-13,11.71,11.74,11.65,11.67,22500,8.55071
2011-04-12,11.70,11.83,11.70,11.83,20000,8.612991
2011-04-11,11.76,11.81,11.70,11.75,14500,8.554746
2011-04-08,11.77,11.81,11.75,11.80,11900,8.591149
2011-04-07,11.74,11.81,11.74,11.81,18700,8.59843
2011-04-06,11.71,11.77,11.71,11.74,16400,8.547465
2011-04-05,11.70,11.77,11.70,11.72,21900,8.532904
2011-04-04,11.78,11.85,11.68,11.76,24100,8.562027
2011-04-01,11.73,11.81,11.73,11.79,27200,8.583868
2011-03-31,11.63,11.78,11.60,11.69,57600,8.511062
2011-03-30,11.71,11.71,11.61,11.61,21600,8.452817
2011-03-29,11.71,11.72,11.65,11.67,27700,8.496501
2011-03-28,11.66,11.77,11.66,11.70,52500,8.518342
2011-03-25,11.77,11.83,11.75,11.81,32800,8.59843
2011-03-24,11.78,11.81,11.77,11.77,29200,8.569307
2011-03-23,11.70,11.78,11.69,11.73,45800,8.540184
2011-03-22,11.69,11.70,11.62,11.67,38300,8.496501
2011-03-21,11.70,11.70,11.64,11.69,29600,8.511062
2011-03-18,11.63,11.67,11.62,11.66,18800,8.48922
2011-03-17,11.67,11.69,11.62,11.63,18300,8.467378
2011-03-16,11.63,11.72,11.61,11.65,36100,8.481939
2011-03-15,11.56,11.61,11.56,11.59,40900,8.438256
2011-03-14,11.61,11.63,11.58,11.58,43600,8.430975
2011-03-11,11.70,11.72,11.59,11.60,48700,8.445536
2011-03-10,11.66,11.79,11.61,11.77,47500,8.514702
2011-03-09,11.71,11.75,11.63,11.66,59800,8.435125
2011-03-08,11.68,11.78,11.68,11.77,26000,8.514702
2011-03-07,11.66,11.75,11.66,11.68,35000,8.449594
2011-03-04,11.69,11.75,11.66,11.69,44400,8.456828
2011-03-03,11.80,11.80,11.67,11.74,36500,8.492999
2011-03-02,11.75,11.75,11.70,11.72,30200,8.478531
2011-03-01,11.73,11.73,11.66,11.71,31400,8.471297
2011-02-28,11.64,11.67,11.60,11.67,28400,8.44236
2011-02-25,11.61,11.70,11.60,11.62,46400,8.406188
2011-02-24,11.70,11.76,11.68,11.68,26100,8.449594
2011-02-23,11.60,11.75,11.60,11.70,29100,8.464062
2011-02-22,11.70,11.74,11.60,11.64,20100,8.420657
2011-02-18,11.75,11.83,11.72,11.79,29700,8.529171
2011-02-17,11.61,11.76,11.61,11.73,45300,8.485765
2011-02-16,11.64,11.71,11.60,11.66,38200,8.435125
2011-02-15,11.73,11.77,11.56,11.56,48200,8.362783
2011-02-14,11.73,11.80,11.69,11.76,25300,8.507468
2011-02-11,11.59,11.80,11.59,11.77,35100,8.514702
2011-02-10,11.72,11.79,11.66,11.66,35800,8.380869
2011-02-09,11.70,11.76,11.65,11.72,33500,8.423995
2011-02-08,11.80,11.87,11.71,11.71,40500,8.416808
2011-02-07,11.85,11.88,11.76,11.76,23300,8.452746
2011-02-04,11.65,11.87,11.65,11.80,36700,8.481497
2011-02-03,11.87,11.93,11.81,11.82,23400,8.495872
2011-02-02,11.95,11.97,11.77,11.84,47100,8.510248
2011-02-01,11.75,11.95,11.75,11.91,25700,8.560562
2011-01-31,11.88,11.88,11.67,11.68,46600,8.395245
2011-01-28,11.92,11.94,11.79,11.83,32200,8.50306
2011-01-27,11.99,11.99,11.86,11.90,29800,8.553374
2011-01-26,11.93,12.01,11.87,11.95,23500,8.589312
2011-01-25,11.94,11.99,11.81,11.86,35500,8.524623
2011-01-24,11.67,11.90,11.56,11.90,59100,8.553374
2011-01-21,11.28,11.70,11.28,11.65,77600,8.373681
2011-01-20,11.15,11.38,11.15,11.35,63100,8.15805
2011-01-19,11.35,11.42,11.23,11.23,74000,8.071797
2011-01-18,11.25,11.41,11.24,11.35,76600,8.15805
2011-01-14,11.41,11.41,11.22,11.26,100400,8.093361
2011-01-13,11.51,11.53,11.40,11.41,66300,8.201176
2011-01-12,11.58,11.63,11.50,11.51,98800,8.273053
2011-01-11,11.67,11.69,11.62,11.69,32500,8.348524
2011-01-10,11.81,11.81,11.65,11.69,65200,8.348524
2011-01-07,11.92,11.96,11.74,11.81,63100,8.434224
2011-01-06,11.87,11.96,11.86,11.89,52400,8.491357
2011-01-05,11.90,11.96,11.85,11.88,54500,8.484215
2011-01-04,11.93,12.02,11.85,11.88,69300,8.484215
2011-01-03,11.94,12.04,11.83,11.90,45800,8.498498
2010-12-31,11.84,12.06,11.84,11.96,70200,8.541348
2010-12-30,11.71,11.82,11.63,11.81,75600,8.434224
2010-12-29,11.62,11.76,11.59,11.66,62100,8.3271
2010-12-28,11.79,11.89,11.61,11.66,88000,8.3271
2010-12-27,11.68,11.81,11.68,11.81,38100,8.434224
2010-12-23,11.58,11.72,11.58,11.68,42500,8.341383
2010-12-22,11.71,11.80,11.66,11.71,63800,8.362808
2010-12-21,11.74,11.74,11.62,11.67,57700,8.334241
2010-12-20,11.91,11.96,11.62,11.62,101900,8.298533
2010-12-17,11.97,12.04,11.93,11.96,62800,8.541348
2010-12-16,11.62,11.88,11.59,11.88,134400,8.484215
2010-12-15,11.36,11.61,11.36,11.60,75500,8.28425
2010-12-14,11.50,11.52,11.36,11.44,87700,8.169984
2010-12-13,11.78,11.78,11.50,11.59,108800,8.277109
2010-12-10,11.62,11.82,11.62,11.80,26700,8.37352
2010-12-09,11.67,11.85,11.58,11.75,78700,8.338038
2010-12-08,11.88,11.94,11.77,11.84,69100,8.401904
2010-12-07,12.27,12.27,11.71,11.95,152100,8.479962
2010-12-06,12.30,12.34,12.16,12.34,75200,8.756715
2010-12-03,12.26,12.37,12.20,12.30,63100,8.72833
2010-12-02,12.35,12.45,12.08,12.19,122600,8.650271
2010-12-01,12.75,12.75,12.33,12.33,58800,8.749618
2010-11-30,12.65,12.73,12.63,12.66,72800,8.983793
2010-11-29,12.79,12.81,12.70,12.72,43100,9.02637
2010-11-26,12.69,12.84,12.69,12.82,12300,9.097332
2010-11-24,12.62,12.70,12.62,12.69,47300,9.005081
2010-11-23,12.65,12.69,12.57,12.66,51700,8.983793
2010-11-22,12.31,12.62,12.31,12.61,62100,8.948312
2010-11-19,12.13,12.38,12.07,12.37,67800,8.778003
2010-11-18,12.22,12.22,11.96,12.07,100700,8.565117
2010-11-17,12.00,12.36,11.95,12.17,82800,8.636079
2010-11-16,11.89,12.00,11.42,11.92,289700,8.458674
2010-11-15,12.35,12.36,11.94,11.94,150700,8.472866
2010-11-12,12.25,12.44,12.24,12.35,149300,8.763811
2010-11-11,12.64,12.66,12.24,12.24,131000,8.685752
2010-11-10,12.75,12.79,12.49,12.64,195400,8.969601
2010-11-09,12.95,13.05,12.85,12.87,111700,9.079592
2010-11-08,13.13,13.18,13.07,13.07,53200,9.220689
2010-11-05,13.18,13.22,13.16,13.16,28200,9.284182
2010-11-04,13.15,13.20,13.12,13.15,32300,9.277127
2010-11-03,13.22,13.23,13.17,13.18,30900,9.298292
2010-11-02,13.29,13.29,13.22,13.22,26100,9.326512
2010-11-01,13.33,13.35,13.24,13.26,48900,9.354731
2010-10-29,13.19,13.28,13.19,13.28,23400,9.36884
2010-10-28,13.30,13.30,13.20,13.22,50400,9.326512
2010-10-27,13.26,13.30,13.22,13.30,62000,9.38295
2010-10-26,13.26,13.28,13.23,13.26,35600,9.354731
2010-10-25,13.22,13.26,13.15,13.26,65200,9.354731
2010-10-22,13.12,13.25,13.11,13.25,53300,9.347676
2010-10-21,13.16,13.19,13.11,13.14,55200,9.270073
2010-10-20,13.15,13.15,13.11,13.12,37500,9.255963
2010-10-19,13.20,13.22,13.10,13.11,69600,9.248908
2010-10-18,13.32,13.32,13.22,13.25,38900,9.347676
2010-10-15,13.37,13.37,13.22,13.26,59300,9.354731
2010-10-14,13.32,13.36,13.30,13.35,35700,9.418225
2010-10-13,13.42,13.42,13.34,13.34,42700,9.41117
2010-10-12,13.44,13.48,13.38,13.46,48800,9.442917
2010-10-11,13.38,13.44,13.38,13.40,21000,9.400823
2010-10-08,13.36,13.38,13.34,13.38,33400,9.386793
2010-10-07,13.37,13.37,13.30,13.36,24100,9.372761
2010-10-06,13.35,13.37,13.31,13.37,49800,9.379777
2010-10-05,13.45,13.45,13.30,13.30,33000,9.330668
2010-10-04,13.42,13.47,13.34,13.39,43900,9.393808
2010-10-01,13.49,13.50,13.32,13.44,56400,9.428885
2010-09-30,13.44,13.51,13.36,13.43,45000,9.42187
2010-09-29,13.34,13.47,13.34,13.47,25300,9.449933
2010-09-28,13.36,13.47,13.33,13.39,41100,9.393808
2010-09-27,13.39,13.44,13.34,13.34,18500,9.35873
2010-09-24,13.45,13.50,13.29,13.40,59400,9.400823
2010-09-23,13.42,13.50,13.37,13.48,26700,9.456948
2010-09-22,13.47,13.49,13.38,13.42,27200,9.414855
2010-09-21,13.47,13.47,13.39,13.40,23400,9.400823
2010-09-20,13.40,13.50,13.38,13.43,41200,9.42187
2010-09-17,13.30,13.43,13.30,13.34,27900,9.35873
2010-09-16,13.27,13.39,13.10,13.34,107400,9.35873
2010-09-15,13.58,13.58,13.31,13.35,50200,9.365746
2010-09-14,13.65,13.65,13.55,13.58,28500,9.527103
2010-09-13,13.59,13.69,13.50,13.67,67800,9.590243
2010-09-10,13.67,13.76,13.67,13.68,43700,9.544643
2010-09-09,13.71,13.75,13.68,13.70,55900,9.558596
2010-09-08,13.73,13.75,13.67,13.75,53300,9.593482
2010-09-07,13.68,13.74,13.65,13.70,45300,9.558596
2010-09-03,13.77,13.80,13.67,13.67,22100,9.537665
2010-09-02,13.68,13.84,13.66,13.80,31800,9.628367
2010-09-01,13.78,13.86,13.64,13.72,49700,9.572551
2010-08-31,13.54,13.69,13.54,13.69,22500,9.551619
2010-08-30,13.46,13.64,13.46,13.55,33800,9.45394
2010-08-27,13.55,13.60,13.46,13.52,33200,9.433009
2010-08-26,13.51,13.54,13.42,13.47,53400,9.398124
2010-08-25,13.43,13.56,13.43,13.51,43400,9.426032
2010-08-24,13.49,13.55,13.45,13.50,36600,9.419055
2010-08-23,13.55,13.55,13.46,13.53,24700,9.439986
2010-08-20,13.39,13.55,13.39,13.53,30100,9.439986
2010-08-19,13.46,13.55,13.43,13.43,45400,9.370216
2010-08-18,13.41,13.50,13.41,13.50,38900,9.419055
2010-08-17,13.46,13.56,13.43,13.43,58400,9.370216
2010-08-16,13.42,13.55,13.42,13.51,55500,9.426032
2010-08-13,13.44,13.46,13.35,13.46,27300,9.391147
2010-08-12,13.38,13.44,13.36,13.40,15000,9.349284
2010-08-11,13.37,13.46,13.36,13.40,38100,9.349284
2010-08-10,13.40,13.46,13.37,13.46,35900,9.338818
2010-08-09,13.37,13.44,13.35,13.35,45100,9.262498
2010-08-06,13.45,13.55,13.43,13.44,19800,9.324941
2010-08-05,13.43,13.77,13.43,13.47,29500,9.345756
2010-08-04,13.44,13.49,13.41,13.49,11600,9.359632
2010-08-03,13.36,13.45,13.36,13.43,28500,9.318004
2010-08-02,13.45,13.45,13.29,13.36,45600,9.269436
2010-07-30,13.21,13.34,13.21,13.33,33900,9.248621
2010-07-29,13.45,13.45,13.25,13.25,16800,9.193116
2010-07-28,13.27,13.34,13.25,13.26,29100,9.200054
2010-07-27,13.23,13.32,13.21,13.32,51600,9.241683
2010-07-26,13.25,13.32,13.25,13.25,24000,9.193116
2010-07-23,13.36,13.38,13.24,13.26,35000,9.200054
2010-07-22,13.34,13.34,13.29,13.30,37500,9.227807
2010-07-21,13.25,13.35,13.25,13.28,34900,9.21393
2010-07-20,13.26,13.35,13.26,13.30,24500,9.227807
2010-07-19,13.33,13.42,13.31,13.38,32800,9.283312
2010-07-16,13.37,13.42,13.36,13.37,25800,9.276374
2010-07-15,13.36,13.43,13.31,13.36,43700,9.269436
2010-07-14,13.32,13.43,13.30,13.42,30200,9.311065
2010-07-13,13.46,13.46,13.35,13.39,17200,9.290251
2010-07-12,13.46,13.49,13.41,13.48,17700,9.300658
2010-07-09,13.38,13.46,13.37,13.41,40500,9.252361
2010-07-08,13.42,13.45,13.31,13.45,68600,9.27996
2010-07-07,13.48,13.48,13.37,13.41,48500,9.252361
2010-07-06,13.50,13.55,13.38,13.48,40800,9.300658
2010-07-02,13.40,13.46,13.35,13.40,58600,9.245461
2010-07-01,13.42,13.42,13.28,13.31,44000,9.183366
2010-06-30,13.28,13.38,13.24,13.37,46100,9.224763
2010-06-29,13.21,13.37,13.21,13.35,19300,9.210964
2010-06-28,13.48,13.50,13.28,13.36,43800,9.217863
2010-06-25,13.46,13.47,13.33,13.44,69600,9.27306
2010-06-24,13.20,13.47,13.20,13.47,40500,9.293759
2010-06-23,13.17,13.23,13.15,13.23,23500,9.128168
2010-06-22,13.06,13.19,13.06,13.19,21200,9.10057
2010-06-21,13.12,13.17,13.11,13.11,27000,9.045373
2010-06-18,13.12,13.17,13.12,13.17,16800,9.086771
2010-06-17,13.10,13.13,13.05,13.08,15800,9.024674
2010-06-16,13.17,13.19,13.10,13.12,21200,9.052273
2010-06-15,13.16,13.24,13.15,13.19,32100,9.10057
2010-06-14,13.26,13.26,13.14,13.14,32800,9.066072
2010-06-11,13.23,13.23,13.15,13.22,18500,9.121269
2010-06-10,13.16,13.49,13.16,13.37,58800,9.173015
2010-06-09,13.16,13.23,13.16,13.23,12200,9.076962
2010-06-08,13.13,13.14,13.09,13.14,7500,9.015215
2010-06-07,13.06,13.16,13.04,13.16,21300,9.028936
2010-06-04,12.97,13.18,12.97,13.11,26200,8.994632
2010-06-03,13.20,13.20,13.07,13.07,14000,8.967188
2010-06-02,13.11,13.16,13.05,13.16,52800,9.028936
2010-06-01,12.97,13.14,12.97,13.10,18400,8.987771
2010-05-28,13.00,13.06,12.97,12.98,20700,8.90544
2010-05-27,13.00,13.01,12.97,12.97,10000,8.89858
2010-05-26,12.94,12.99,12.92,12.96,23300,8.891719
2010-05-25,12.78,12.95,12.78,12.90,39500,8.850553
2010-05-24,12.92,12.99,12.92,12.95,12300,8.884858
2010-05-21,12.69,12.97,12.69,12.92,27400,8.864275
2010-05-20,13.07,13.19,12.93,12.97,27300,8.89858
2010-05-19,13.02,13.26,13.02,13.19,31400,9.049519
2010-05-18,13.07,13.18,13.07,13.10,9700,8.987771
2010-05-17,13.07,13.16,13.04,13.07,34000,8.967188
2010-05-14,13.09,13.16,13.06,13.11,26800,8.994632
2010-05-13,13.15,13.21,13.08,13.18,15900,9.042658
2010-05-12,13.17,13.22,13.12,13.21,32600,9.063241
2010-05-11,13.17,13.25,13.13,13.24,12900,9.032367
2010-05-10,13.18,13.18,13.13,13.17,17900,8.984613
2010-05-07,13.14,13.19,13.04,13.08,23800,8.923214
2010-05-06,13.21,13.21,13.00,13.08,23800,8.923214
2010-05-05,13.09,13.22,13.09,13.21,19600,9.011901
2010-05-04,13.15,13.28,13.15,13.19,31500,8.998256
2010-05-03,13.12,13.24,13.12,13.19,28600,8.998256
2010-04-30,13.12,13.15,13.08,13.09,21500,8.930037
2010-04-29,12.92,13.13,12.70,13.11,35400,8.94368
2010-04-28,12.93,12.99,12.93,12.99,18900,8.861816
2010-04-27,12.89,12.98,12.89,12.96,24400,8.84135
2010-04-26,12.92,12.97,12.90,12.91,38500,8.80724
2010-04-23,12.84,12.91,12.83,12.91,25800,8.80724
2010-04-22,12.79,12.87,12.78,12.87,25600,8.779952
2010-04-21,12.81,12.88,12.75,12.79,33800,8.725376
2010-04-20,12.89,12.90,12.82,12.82,26300,8.745841
2010-04-19,12.77,12.85,12.77,12.79,6900,8.725376
2010-04-16,12.76,12.83,12.75,12.80,25800,8.732198
2010-04-15,12.76,12.83,12.61,12.83,40900,8.752664
2010-04-14,12.81,12.84,12.74,12.78,40100,8.718553
2010-04-13,12.76,12.82,12.75,12.78,13400,8.718553
2010-04-12,12.79,12.87,12.79,12.87,11800,8.728787
2010-04-09,12.82,12.87,12.77,12.79,37400,8.674529
2010-04-08,12.75,12.83,12.75,12.76,17900,8.654182
2010-04-07,12.82,12.91,12.75,12.75,52900,8.6474
2010-04-06,12.75,12.88,12.75,12.79,25300,8.674529
2010-04-05,12.75,12.84,12.69,12.81,87700,8.688094
2010-04-01,12.76,12.76,12.67,12.74,26800,8.640617
2010-03-31,12.63,12.70,12.63,12.70,24500,8.613488
2010-03-30,12.67,12.71,12.62,12.64,24400,8.572795
2010-03-29,12.73,12.75,12.65,12.70,36300,8.613488
2010-03-26,12.70,12.74,12.65,12.67,29000,8.593142
2010-03-25,12.70,12.75,12.70,12.72,25000,8.627053
2010-03-24,12.70,12.75,12.68,12.71,17500,8.620271
2010-03-23,12.70,12.74,12.69,12.73,28300,8.633835
2010-03-22,12.44,12.71,12.44,12.68,34900,8.599924
2010-03-19,12.53,12.57,12.52,12.53,26500,8.498189
2010-03-18,12.49,12.57,12.47,12.57,35000,8.525319
2010-03-17,12.61,12.62,12.42,12.53,52200,8.498189
2010-03-16,12.57,12.73,12.57,12.65,64500,8.579577
2010-03-15,12.72,12.75,12.61,12.62,43900,8.55923
2010-03-12,12.71,12.72,12.66,12.68,27800,8.599924
2010-03-11,12.75,12.76,12.66,12.76,21600,8.654182
2010-03-10,12.74,12.82,12.72,12.82,37400,8.644009
2010-03-09,12.75,12.77,12.69,12.75,27900,8.596811
2010-03-08,12.70,12.78,12.70,12.78,24700,8.617038
2010-03-05,12.69,12.72,12.65,12.70,11800,8.563098
2010-03-04,12.69,12.70,12.64,12.68,43400,8.549613
2010-03-03,12.73,12.76,12.71,12.72,18600,8.576583
2010-03-02,12.76,12.80,12.74,12.77,32400,8.610296
2010-03-01,12.75,12.80,12.67,12.80,41100,8.630524
2010-02-26,12.60,12.68,12.59,12.67,35300,8.54287
2010-02-25,12.52,12.66,12.52,12.64,22400,8.522642
2010-02-24,12.48,12.60,12.48,12.58,32700,8.482187
2010-02-23,12.53,12.55,12.48,12.54,20600,8.455216
2010-02-22,12.48,12.60,12.47,12.48,43700,8.41476
2010-02-19,12.51,12.63,12.48,12.58,39400,8.482187
2010-02-18,12.61,12.63,12.53,12.53,28400,8.448473
2010-02-17,12.57,12.73,12.57,12.62,61700,8.509157
2010-02-16,12.70,12.75,12.69,12.75,27200,8.596811
2010-02-12,12.67,12.75,12.67,12.75,28900,8.596811
2010-02-11,12.62,12.78,12.62,12.78,64400,8.617038
2010-02-10,12.58,12.70,12.58,12.70,36300,8.563098
2010-02-09,12.56,12.75,12.56,12.74,28600,8.539498
2010-02-08,12.55,12.66,12.55,12.64,28400,8.47247
2010-02-05,12.59,12.63,12.51,12.57,60100,8.425549
2010-02-04,12.59,12.68,12.59,12.68,21500,8.499281
2010-02-03,12.60,12.72,12.59,12.61,22500,8.45236
2010-02-02,12.75,12.75,12.64,12.71,16200,8.51939
2010-02-01,12.77,12.77,12.46,12.70,62400,8.512687
2010-01-29,12.64,12.72,12.59,12.72,41000,8.526093
2010-01-28,12.64,12.68,12.55,12.65,20900,8.479172
2010-01-27,12.64,12.65,12.59,12.65,30700,8.479172
2010-01-26,12.59,12.65,12.56,12.64,25300,8.47247
2010-01-25,12.39,12.61,12.39,12.57,17400,8.425549
2010-01-22,12.59,12.63,12.56,12.58,19300,8.432252
2010-01-21,12.55,12.68,12.50,12.61,46600,8.45236
2010-01-20,12.46,12.58,12.41,12.57,38500,8.425549
2010-01-19,12.49,12.60,12.47,12.54,31600,8.40544
2010-01-15,12.49,12.57,12.44,12.49,38400,8.371926
2010-01-14,12.42,12.47,12.41,12.47,29500,8.35852
2010-01-13,12.46,12.51,12.40,12.42,25300,8.325005
2010-01-12,12.49,12.56,12.45,12.54,37600,8.355169
2010-01-11,12.47,12.50,12.40,12.48,32300,8.315192
2010-01-08,12.48,12.50,12.42,12.50,20000,8.328518
2010-01-07,12.46,12.49,12.41,12.46,24700,8.301866
2010-01-06,12.39,12.44,12.33,12.42,21200,8.275215
2010-01-05,12.32,12.44,12.32,12.40,26500,8.261889
2010-01-04,12.44,12.44,12.30,12.35,38700,8.228576
2009-12-31,12.40,12.45,12.32,12.40,21100,8.261889
2009-12-30,12.30,12.45,12.30,12.33,29600,8.21525
2009-12-29,12.31,12.48,12.28,12.29,41000,8.188598
2009-12-28,12.35,12.36,12.23,12.32,34400,8.208587
2009-12-24,12.31,12.34,12.28,12.32,17500,8.208587
2009-12-23,12.32,12.37,12.28,12.36,20500,8.235238
2009-12-22,12.27,12.36,12.25,12.33,54500,8.21525
2009-12-21,12.25,12.26,12.20,12.25,24100,8.161947
2009-12-18,12.26,12.30,12.20,12.21,46100,8.135296
2009-12-17,12.22,12.30,12.22,12.27,19500,8.175273
2009-12-16,12.19,12.36,12.19,12.30,38800,8.195261
2009-12-15,12.24,12.29,12.15,12.15,41900,8.095319
2009-12-14,12.28,12.36,12.26,12.33,45100,8.21525
2009-12-11,12.30,12.30,12.25,12.28,20300,8.181935
2009-12-10,12.37,12.37,12.31,12.31,23500,8.151953
2009-12-09,12.29,12.36,12.26,12.30,58300,8.14533
2009-12-08,12.25,12.29,12.16,12.28,47800,8.132086
2009-12-07,12.23,12.27,12.05,12.24,49200,8.105597
2009-12-04,12.23,12.29,12.22,12.22,40300,8.092353
2009-12-03,12.13,12.22,12.10,12.22,35300,8.092353
2009-12-02,11.89,12.09,11.89,12.09,59800,8.006264
2009-12-01,12.05,12.05,11.87,11.89,85700,7.873819
2009-11-30,11.81,11.89,11.81,11.89,25000,7.873819
2009-11-27,11.87,11.90,11.81,11.88,5400,7.867197
2009-11-25,11.78,11.90,11.78,11.90,29300,7.880441
2009-11-24,11.89,11.89,11.79,11.87,24100,7.860575
2009-11-23,11.87,11.95,11.80,11.88,67600,7.867197
2009-11-20,11.90,11.94,11.81,11.87,20300,7.860575
2009-11-19,12.00,12.06,11.85,11.90,32900,7.880441
2009-11-18,11.97,12.06,11.95,12.04,12100,7.973152
2009-11-17,11.96,12.06,11.95,12.00,20600,7.946664
2009-11-16,11.90,12.04,11.90,12.02,21700,7.959908
2009-11-13,12.01,12.05,11.91,11.94,26000,7.90693
2009-11-12,12.10,12.14,12.00,12.04,23800,7.973152
2009-11-11,12.13,12.21,12.10,12.11,22100,8.019508
2009-11-10,12.13,12.21,12.10,12.21,32300,8.08573
2009-11-09,12.24,12.27,12.17,12.20,29100,8.032753
2009-11-06,12.20,12.25,12.13,12.23,33000,8.052505
2009-11-05,12.11,12.18,12.07,12.17,45100,8.013
2009-11-04,12.13,12.13,12.07,12.07,32300,7.947158
2009-11-03,12.10,12.13,12.03,12.05,34100,7.933989
2009-11-02,12.25,12.33,12.10,12.10,69800,7.966911
2009-10-30,12.45,12.50,12.07,12.13,53800,7.986663
2009-10-29,12.55,12.56,12.38,12.45,29400,8.197358
2009-10-28,12.45,12.56,12.45,12.49,27300,8.223695
2009-10-27,12.48,12.55,12.44,12.50,45200,8.230279
2009-10-26,12.65,12.69,12.55,12.58,41000,8.282953
2009-10-23,12.79,12.79,12.54,12.65,53000,8.329042
2009-10-22,12.73,12.80,12.68,12.79,27100,8.421222
2009-10-21,12.58,12.70,12.53,12.70,32300,8.361964
2009-10-20,12.60,12.70,12.38,12.57,39100,8.276369
2009-10-19,12.22,12.49,12.22,12.44,34800,8.190774
2009-10-16,12.28,12.44,12.14,12.28,47400,8.085426
2009-10-15,12.07,12.32,11.97,12.32,53400,8.111763
2009-10-14,12.70,12.76,12.02,12.22,99900,8.045921
2009-10-13,12.59,12.85,12.52,12.75,43700,8.394885
2009-10-12,12.78,12.85,12.66,12.78,59700,8.368548
2009-10-09,13.25,13.25,12.79,12.84,47800,8.407837
2009-10-08,13.17,13.25,13.17,13.25,11000,8.676312
2009-10-07,13.15,13.20,13.14,13.16,10500,8.617378
2009-10-06,13.11,13.20,13.08,13.16,23300,8.617378
2009-10-05,13.07,13.25,13.07,13.08,23400,8.564993
2009-10-02,13.03,13.18,13.03,13.03,15700,8.532252
2009-10-01,13.14,13.14,13.03,13.03,25000,8.532252
2009-09-30,13.06,13.06,12.99,13.00,17400,8.512608
2009-09-29,13.05,13.08,13.03,13.04,23700,8.5388
2009-09-28,12.89,13.02,12.89,13.01,18600,8.519156
2009-09-25,12.89,12.89,12.86,12.89,21100,8.440578
2009-09-24,12.81,12.89,12.79,12.89,17700,8.440578
2009-09-23,12.89,12.89,12.78,12.89,27800,8.440578
2009-09-22,12.86,12.89,12.79,12.86,24000,8.420933
2009-09-21,12.83,12.89,12.74,12.83,18900,8.401289
2009-09-18,12.73,12.80,12.73,12.79,29500,8.375096
2009-09-17,12.89,12.89,12.68,12.74,46100,8.342355
2009-09-16,12.66,12.82,12.65,12.82,41500,8.394741
2009-09-15,12.50,12.72,12.50,12.62,48000,8.263777
2009-09-14,12.54,12.63,12.47,12.55,28500,8.217941
2009-09-11,12.76,12.78,12.59,12.60,33200,8.250681
2009-09-10,12.63,12.82,12.61,12.78,38900,8.322711
2009-09-09,12.53,12.70,12.45,12.63,51900,8.225026
2009-09-08,12.30,12.47,12.29,12.47,30600,8.12083
2009-09-04,12.27,12.42,12.26,12.41,57400,8.081756
2009-09-03,12.22,12.23,12.16,12.23,26800,7.964534
2009-09-02,12.15,12.21,12.00,12.17,39600,7.925461
2009-09-01,12.20,12.24,11.96,12.16,53700,7.918948
2009-08-31,12.15,12.20,12.00,12.20,24300,7.944998
2009-08-28,12.18,12.18,12.10,12.13,22100,7.899412
2009-08-27,12.15,12.17,11.97,12.17,27900,7.925461
2009-08-26,12.05,12.19,12.05,12.16,31100,7.918948
2009-08-25,11.96,12.24,11.96,12.16,27400,7.918948
2009-08-24,12.26,12.26,11.65,12.15,56900,7.912436
2009-08-21,12.00,12.14,11.99,12.14,24000,7.905924
2009-08-20,11.92,12.00,11.87,12.00,15100,7.814752
2009-08-19,11.85,11.86,11.70,11.78,16900,7.671481
2009-08-18,11.76,11.88,11.76,11.77,13400,7.664969
2009-08-17,11.71,11.89,11.65,11.82,27300,7.69753
2009-08-14,11.60,11.76,11.58,11.75,27600,7.651945
2009-08-13,11.65,11.74,11.51,11.62,14500,7.567285
2009-08-12,12.14,12.14,11.45,11.65,44300,7.586821
2009-08-11,11.50,11.53,11.46,11.46,25900,7.418805
2009-08-10,11.39,11.59,11.39,11.49,31600,7.438225
2009-08-07,11.38,11.45,11.25,11.45,37600,7.412331
2009-08-06,11.43,11.44,11.37,11.39,20200,7.373489
2009-08-05,11.42,11.46,11.37,11.37,36700,7.360542
2009-08-04,11.27,11.46,11.25,11.42,38100,7.39291
2009-08-03,11.48,11.48,11.15,11.34,153600,7.341121
2009-07-31,11.19,11.35,11.18,11.35,29700,7.347595
2009-07-30,11.20,11.23,11.10,11.23,46400,7.26991
2009-07-29,11.20,11.25,11.17,11.21,20200,7.256963
2009-07-28,11.22,11.25,11.15,11.18,27700,7.237543
2009-07-27,11.15,11.22,11.06,11.20,45300,7.25049
2009-07-24,11.08,11.12,11.06,11.09,22400,7.17928
2009-07-23,11.11,11.14,11.08,11.09,23200,7.17928
2009-07-22,10.98,11.08,10.98,11.06,11600,7.159859
2009-07-21,11.05,11.05,10.97,11.00,27900,7.121017
2009-07-20,11.01,11.09,10.90,10.99,51100,7.114543
2009-07-17,10.84,11.00,10.82,10.95,40800,7.088648
2009-07-16,10.70,10.87,10.70,10.87,11000,7.036859
2009-07-15,10.79,10.83,10.78,10.83,15500,7.010965
2009-07-14,10.74,10.77,10.73,10.75,36500,6.959175
2009-07-13,10.59,10.78,10.59,10.66,29500,6.900912
2009-07-10,10.51,10.65,10.50,10.65,71200,6.850418
2009-07-09,10.45,10.52,10.45,10.52,12900,6.766798
2009-07-08,10.42,10.53,10.37,10.47,25100,6.734637
2009-07-07,10.35,10.43,10.28,10.42,33900,6.702475
2009-07-06,10.50,10.53,10.32,10.37,31500,6.670313
2009-07-02,10.50,10.55,10.37,10.53,24300,6.77323
2009-07-01,10.55,10.58,10.49,10.51,32700,6.760366
2009-06-30,10.39,10.47,10.38,10.44,26300,6.715339
2009-06-29,10.59,10.59,10.37,10.38,42500,6.676746
2009-06-26,10.48,10.54,10.46,10.46,22800,6.728204
2009-06-25,10.50,10.67,10.42,10.46,42300,6.728204
2009-06-24,10.46,10.52,10.36,10.49,24100,6.747501
2009-06-23,10.25,10.49,10.16,10.44,56600,6.715339
2009-06-22,10.70,10.78,10.28,10.37,37500,6.670313
2009-06-19,10.77,10.94,10.69,10.77,38700,6.927606
2009-06-18,10.56,10.80,10.55,10.72,22400,6.895445
2009-06-17,10.50,10.63,10.49,10.57,50200,6.798959
2009-06-16,10.49,10.59,10.46,10.49,56900,6.747501
2009-06-15,10.71,10.73,10.10,10.48,54400,6.741068
2009-06-12,11.00,11.00,10.66,10.72,63500,6.895445
2009-06-11,10.98,11.01,10.95,10.95,11800,7.043388
2009-06-10,11.08,11.14,11.04,11.10,15700,7.096133
2009-06-09,11.13,11.23,11.07,11.13,40200,7.115311
2009-06-08,11.12,11.30,11.11,11.12,14900,7.108918
2009-06-05,11.32,11.36,11.23,11.27,25400,7.204812
2009-06-04,11.35,11.42,11.28,11.32,24300,7.236776
2009-06-03,11.45,11.45,11.33,11.40,27500,7.28792
2009-06-02,11.45,11.45,11.30,11.43,22300,7.307099
2009-06-01,11.31,11.67,11.13,11.44,59900,7.313491
2009-05-29,11.24,11.37,11.24,11.37,21800,7.268741
2009-05-28,11.20,11.31,11.20,11.25,20700,7.192026
2009-05-27,11.26,11.35,11.24,11.25,24600,7.192026
2009-05-26,11.34,11.35,11.27,11.35,22700,7.255956
2009-05-22,11.31,11.39,11.30,11.34,60300,7.249563
2009-05-21,11.21,11.29,11.17,11.27,46000,7.204812
2009-05-20,11.35,11.38,11.21,11.21,17600,7.166455
2009-05-19,11.29,11.34,11.20,11.32,41900,7.236776
2009-05-18,11.18,11.24,11.04,11.24,29800,7.185633
2009-05-15,11.02,11.18,11.00,11.12,32000,7.108918
2009-05-14,11.15,11.15,11.03,11.10,43300,7.096133
2009-05-13,11.31,11.36,11.17,11.24,37000,7.185633
2009-05-12,11.38,11.47,11.37,11.43,26100,7.263627
2009-05-11,11.93,11.93,11.42,11.48,76900,7.295401
2009-05-08,11.15,11.38,11.12,11.38,50800,7.231853
2009-05-07,11.04,11.17,10.98,11.10,15200,7.053916
2009-05-06,10.96,11.04,10.96,11.04,44700,7.015787
2009-05-05,10.81,10.97,10.81,10.94,16400,6.952238
2009-05-04,10.93,11.13,10.88,10.92,90800,6.939528
2009-05-01,10.90,11.00,10.85,10.89,33600,6.920464
2009-04-30,10.71,10.88,10.67,10.88,20600,6.914109
2009-04-29,10.72,10.83,10.67,10.82,23900,6.875979
2009-04-28,10.65,10.80,10.61,10.71,29900,6.806076
2009-04-27,10.51,10.70,10.46,10.69,33100,6.793366
2009-04-24,10.75,10.84,10.70,10.71,42900,6.806076
2009-04-23,10.61,10.76,10.53,10.76,31500,6.83785
2009-04-22,10.31,10.51,10.31,10.51,45100,6.678978
2009-04-21,10.22,10.47,10.22,10.38,36400,6.596365
2009-04-20,10.29,10.34,10.21,10.34,16700,6.570945
2009-04-17,10.25,10.38,10.14,10.22,14400,6.494687
2009-04-16,10.05,10.25,10.05,10.20,32100,6.481977
2009-04-15,10.13,10.23,10.13,10.23,17800,6.501041
2009-04-14,10.01,10.17,10.01,10.13,10500,6.437493
2009-04-13,10.13,10.19,9.99,10.06,41900,6.393009
2009-04-09,10.25,10.25,10.19,10.20,10300,6.441305
2009-04-08,10.40,10.42,10.13,10.15,15700,6.40973
2009-04-07,10.20,10.34,10.19,10.27,26700,6.485511
2009-04-06,10.23,10.40,10.15,10.37,35700,6.548661
2009-04-03,10.23,10.25,10.08,10.23,19200,6.46025
2009-04-02,10.12,10.31,10.01,10.23,38500,6.46025
2009-04-01,10.21,10.21,9.97,10.21,36900,6.447621
2009-03-31,9.89,10.10,9.89,10.08,58900,6.365525
2009-03-30,10.18,10.24,10.14,10.14,32400,6.403416
2009-03-27,9.94,10.25,9.94,10.18,19500,6.428676
2009-03-26,9.90,9.97,9.75,9.94,28500,6.277115
2009-03-25,9.83,10.00,9.74,9.88,32500,6.239225
2009-03-24,9.76,9.89,9.74,9.81,30400,6.195021
2009-03-23,10.01,10.01,9.68,9.76,101000,6.163445
2009-03-20,9.67,9.92,9.67,9.86,21700,6.226595
2009-03-19,9.77,9.84,9.77,9.83,18400,6.20765
2009-03-18,9.95,10.01,9.59,9.75,71800,6.15713
2009-03-17,10.10,10.10,9.92,10.00,13400,6.315005
2009-03-16,10.05,10.10,9.83,10.10,17300,6.378156
2009-03-13,9.73,10.05,9.73,10.01,28800,6.321321
2009-03-12,9.76,10.00,9.76,9.94,12000,6.277115
2009-03-11,9.70,10.21,9.70,9.83,30800,6.20765
2009-03-10,9.27,9.68,9.27,9.65,40900,6.053564
2009-03-09,10.45,10.72,9.44,9.45,19200,5.928102
2009-03-06,10.08,10.08,9.51,9.60,34800,6.022199
2009-03-05,10.01,10.10,9.91,10.08,16600,6.323309
2009-03-04,10.25,10.27,10.01,10.05,27500,6.304489
2009-03-03,10.16,10.28,9.93,10.07,33500,6.317035
2009-03-02,10.42,10.60,10.15,10.23,41600,6.417405
2009-02-27,10.12,10.23,10.11,10.23,19200,6.417405
2009-02-26,10.10,10.17,9.50,10.12,56900,6.348401
2009-02-25,10.21,10.21,9.40,9.95,29400,6.241758
2009-02-24,9.17,9.60,9.16,9.45,79600,5.928102
2009-02-23,9.45,9.82,9.16,9.25,75200,5.802639
2009-02-20,10.01,10.16,9.45,9.45,34200,5.928102
2009-02-19,10.21,10.33,10.10,10.10,28500,6.335855
2009-02-18,10.30,10.52,10.25,10.30,54900,6.461317
2009-02-17,10.75,10.75,10.22,10.39,28600,6.517776
2009-02-13,10.59,10.80,10.59,10.72,13100,6.724789
2009-02-12,10.77,10.77,10.40,10.54,34500,6.611872
2009-02-11,10.63,10.84,10.63,10.66,11400,6.68715
2009-02-10,10.74,10.79,10.61,10.72,26200,6.685895
2009-02-09,10.75,10.75,10.48,10.64,28300,6.636
2009-02-06,10.41,10.58,10.41,10.48,30800,6.53621
2009-02-05,10.21,10.48,10.21,10.41,48100,6.492553
2009-02-04,10.35,10.52,10.26,10.26,50700,6.399
2009-02-03,10.24,10.39,10.15,10.25,36800,6.392763
2009-02-02,10.44,10.44,10.09,10.24,50200,6.386526
2009-01-30,10.25,10.36,10.25,10.36,26800,6.461368
2009-01-29,10.05,10.25,10.02,10.25,32600,6.392763
2009-01-28,9.94,10.17,9.81,10.15,40600,6.330395
2009-01-27,9.65,9.98,9.65,9.80,56100,6.112106
2009-01-26,9.61,9.78,9.61,9.65,99300,6.018553
2009-01-23,9.65,9.69,9.56,9.65,51500,6.018553
2009-01-22,10.06,10.06,9.61,9.65,44500,6.018553
2009-01-21,9.76,9.82,9.74,9.78,72100,6.099632
2009-01-20,9.73,9.81,9.69,9.75,28000,6.080921
2009-01-16,9.64,9.70,9.62,9.69,32700,6.0435
2009-01-15,9.73,9.80,9.63,9.66,72700,6.02479
2009-01-14,10.00,10.00,9.74,9.85,31800,6.14329
2009-01-13,10.40,10.40,9.99,10.04,42400,6.26179
2009-01-12,10.48,10.48,10.19,10.38,24500,6.435174
2009-01-09,10.49,10.49,10.00,10.44,116200,6.472371
2009-01-08,10.00,10.24,9.97,10.24,28300,6.348379
2009-01-07,10.80,10.80,9.68,9.89,36600,6.131394
2009-01-06,9.67,10.00,9.67,10.00,38500,6.199589
2009-01-05,9.45,9.75,9.45,9.62,47000,5.964005
2009-01-02,9.45,9.45,9.15,9.44,36500,5.852412
2008-12-31,8.64,9.01,8.40,8.86,91900,5.492836
2008-12-30,8.47,8.70,8.15,8.70,79000,5.393643
2008-12-29,8.45,8.80,8.24,8.24,202800,5.108462
2008-12-26,8.86,8.91,8.40,8.63,64300,5.350246
2008-12-24,8.97,8.97,8.53,8.68,17900,5.381244
2008-12-23,8.85,8.96,8.59,8.74,62400,5.418441
2008-12-22,8.76,8.83,8.50,8.71,76600,5.399842
2008-12-19,8.08,8.93,8.08,8.85,65500,5.486637
2008-12-18,8.85,8.85,8.02,8.32,124600,5.158058
2008-12-17,7.35,8.32,7.30,8.19,69700,5.077463
2008-12-16,7.27,7.47,7.05,7.27,72900,4.507101
2008-12-15,7.42,7.52,7.10,7.14,47600,4.426507
2008-12-12,7.28,7.52,7.10,7.38,99200,4.575297
2008-12-11,7.49,7.55,7.28,7.28,50600,4.513301
2008-12-10,7.74,7.83,7.55,7.56,105500,4.648452
2008-12-09,7.75,7.85,7.63,7.64,46900,4.697642
2008-12-08,8.15,8.34,7.81,7.88,60300,4.845212
2008-12-05,8.13,8.30,8.10,8.13,29700,4.998931
2008-12-04,8.70,8.81,8.31,8.37,78700,5.146501
2008-12-03,8.66,8.85,8.62,8.72,26600,5.361707
2008-12-02,9.08,9.34,8.58,8.66,93400,5.324814
2008-12-01,9.80,9.96,9.22,9.26,51800,5.69374
2008-11-28,9.64,9.98,9.46,9.80,9900,6.025772
2008-11-26,9.03,9.37,9.01,9.37,34700,5.761376
2008-11-25,9.58,9.58,9.00,9.11,39300,5.601508
2008-11-24,8.70,10.15,8.70,9.40,69100,5.779822
2008-11-21,9.01,9.01,8.52,8.62,30600,5.30022
2008-11-20,9.00,9.13,8.59,8.63,47300,5.306368
2008-11-19,9.09,9.15,8.94,9.00,42300,5.533872
2008-11-18,9.53,9.65,9.19,9.19,57800,5.650698
2008-11-17,9.74,9.85,9.59,9.67,20100,5.945838
2008-11-14,9.47,10.00,9.47,9.84,29500,6.050367
2008-11-13,9.67,10.07,9.61,9.77,50500,6.007326
2008-11-12,10.48,10.48,9.72,9.72,76200,5.976582
2008-11-11,11.00,11.00,10.51,10.56,28000,6.454954
2008-11-10,10.90,11.30,10.72,10.99,45200,6.717798
2008-11-07,10.99,11.34,10.84,10.90,24400,6.662784
2008-11-06,11.05,11.10,10.91,10.99,41300,6.717798
2008-11-05,11.49,11.49,10.82,11.00,26700,6.72391
2008-11-04,10.70,11.00,10.64,11.00,41100,6.72391
2008-11-03,10.50,11.00,10.45,10.69,26300,6.534418
2008-10-31,10.79,10.85,10.50,10.50,34200,6.418278
2008-10-30,10.90,10.90,10.50,10.76,22000,6.577207
2008-10-29,10.99,10.99,10.50,10.75,30600,6.571094
2008-10-28,10.87,10.90,10.56,10.70,28400,6.540531
2008-10-27,10.32,10.80,10.31,10.75,50500,6.571094
2008-10-24,10.60,10.60,10.20,10.40,18200,6.357151
2008-10-23,10.19,10.60,10.00,10.39,47700,6.351039
2008-10-22,9.82,9.99,9.73,9.99,44000,6.106533
2008-10-21,9.78,9.84,9.70,9.82,23100,6.002618
2008-10-20,9.51,9.92,9.01,9.92,59700,6.063745
2008-10-17,9.01,9.01,8.72,9.00,74700,5.501381
2008-10-16,9.01,9.01,8.46,8.88,45700,5.42803
2008-10-15,9.39,9.39,8.87,9.01,57900,5.507494
2008-10-14,8.68,9.39,8.52,9.39,46100,5.739775
2008-10-13,8.39,8.68,7.75,8.53,82100,5.214087
2008-10-10,7.29,7.99,6.94,7.75,110900,4.737301
2008-10-09,9.02,9.02,8.00,8.00,102800,4.852218
2008-10-08,8.81,9.35,8.35,8.96,113100,5.434484
2008-10-07,9.61,9.99,9.30,9.59,66900,5.816597
2008-10-06,10.32,10.40,9.02,9.51,242100,5.768074
2008-10-03,11.40,11.46,10.77,10.78,34600,6.538364
2008-10-02,11.30,11.70,11.17,11.40,29700,6.914411
2008-10-01,11.36,11.62,10.85,11.44,61100,6.938672
2008-09-30,11.11,11.11,10.54,10.81,50300,6.55656
2008-09-29,11.61,11.61,10.65,10.80,49900,6.550495
2008-09-26,12.38,12.38,11.55,11.60,27500,7.035717
2008-09-25,12.00,12.15,11.83,12.05,33200,7.308654
2008-09-24,12.00,12.21,11.68,12.10,36000,7.33898
2008-09-23,12.12,12.20,11.82,11.93,16900,7.235871
2008-09-22,13.34,13.34,11.96,11.96,28200,7.254066
2008-09-19,11.84,12.75,11.79,12.35,24500,7.490612
2008-09-18,12.42,12.42,11.07,11.80,85000,7.157022
2008-09-17,11.92,12.60,11.92,12.05,60500,7.308654
2008-09-16,13.10,13.10,12.43,12.54,79600,7.605852
2008-09-15,12.94,13.11,12.84,12.84,37600,7.78781
2008-09-12,12.90,12.95,12.86,12.86,19000,7.79994
2008-09-11,12.93,12.96,12.86,12.86,20000,7.79994
2008-09-10,13.00,13.11,12.93,12.99,31500,7.841185
2008-09-09,13.11,13.22,12.97,13.11,48900,7.91362
2008-09-08,13.05,13.20,13.00,13.11,59900,7.91362
2008-09-05,12.97,13.09,12.91,13.05,27000,7.877403
2008-09-04,12.92,13.05,12.85,13.05,23600,7.877403
2008-09-03,12.84,12.97,12.80,12.85,7600,7.756676
2008-09-02,12.96,12.97,12.73,12.76,14700,7.702349
2008-08-29,12.88,12.88,12.80,12.87,4300,7.768749
2008-08-28,12.90,12.97,12.68,12.87,43800,7.768749
2008-08-27,12.87,12.98,12.70,12.84,28800,7.75064
2008-08-26,12.67,12.75,12.60,12.70,14100,7.666131
2008-08-25,12.67,12.75,12.67,12.67,12200,7.648022
2008-08-22,12.76,12.90,12.54,12.72,36100,7.678204
2008-08-21,12.66,12.70,12.56,12.69,16600,7.660095
2008-08-20,12.48,12.69,12.48,12.66,40400,7.641986
2008-08-19,12.73,12.73,12.56,12.64,37100,7.629914
2008-08-18,12.87,12.94,12.60,12.71,72900,7.672168
2008-08-15,12.94,13.04,12.94,13.00,16800,7.847221
2008-08-14,12.80,12.94,12.64,12.94,12700,7.811003
2008-08-13,12.75,13.05,12.75,12.82,15700,7.738567
2008-08-12,12.80,12.88,12.67,12.82,22000,7.702952
2008-08-11,12.83,12.90,12.83,12.86,17900,7.726987
2008-08-08,12.68,12.98,12.66,12.89,13300,7.745013
2008-08-07,12.86,12.86,12.76,12.85,21900,7.720978
2008-08-06,13.00,13.00,12.66,12.86,62200,7.726987
2008-08-05,12.70,12.80,12.69,12.78,7200,7.678918
2008-08-04,12.58,12.80,12.58,12.76,35200,7.666901
2008-08-01,12.80,12.81,12.57,12.57,45000,7.552739
2008-07-31,12.61,12.75,12.61,12.75,45300,7.660893
2008-07-30,12.56,12.72,12.56,12.70,32000,7.63085
2008-07-29,12.60,12.68,12.59,12.68,15500,7.618833
2008-07-28,12.65,12.65,12.57,12.59,7900,7.564756
2008-07-25,12.56,12.60,12.44,12.57,45400,7.552739
2008-07-24,12.53,12.56,12.50,12.52,25500,7.522697
2008-07-23,12.55,12.64,12.52,12.52,21600,7.522697
2008-07-22,12.54,12.64,12.50,12.64,21600,7.594799
2008-07-21,12.58,12.62,12.46,12.50,26500,7.510679
2008-07-18,12.49,12.51,12.37,12.50,30500,7.510679
2008-07-17,12.44,12.54,12.39,12.52,18300,7.522697
2008-07-16,12.35,12.44,12.30,12.39,22700,7.444585
2008-07-15,12.54,12.55,12.25,12.36,37700,7.426559
2008-07-14,12.62,12.77,12.50,12.50,19900,7.510679
2008-07-11,12.80,12.85,12.69,12.69,12200,7.624841
2008-07-10,12.86,12.98,12.73,12.87,65400,7.697545
2008-07-09,12.68,12.86,12.67,12.86,23100,7.691564
2008-07-08,12.74,12.74,12.67,12.74,7400,7.619792
2008-07-07,12.86,12.86,12.63,12.66,57700,7.571944
2008-07-03,12.85,12.85,12.64,12.69,14600,7.589887
2008-07-02,12.52,12.68,12.52,12.68,26000,7.583906
2008-07-01,12.83,12.83,12.50,12.52,38600,7.48821
2008-06-30,12.63,12.66,12.49,12.49,26700,7.470267
2008-06-27,12.58,12.58,12.48,12.50,14300,7.476248
2008-06-26,12.54,12.73,12.49,12.58,19600,7.524096
2008-06-25,12.40,12.68,12.40,12.59,25000,7.530077
2008-06-24,12.59,12.60,12.48,12.54,12500,7.500172
2008-06-23,12.78,12.78,12.48,12.48,49500,7.464286
2008-06-20,12.78,12.84,12.62,12.63,38300,7.554001
2008-06-19,12.95,12.95,12.70,12.72,39900,7.60783
2008-06-18,12.89,13.12,12.75,12.82,53100,7.66764
2008-06-17,13.05,13.14,12.97,13.04,62100,7.799222
2008-06-16,13.12,13.15,13.04,13.09,24800,7.829127
2008-06-13,13.18,13.18,13.08,13.13,28300,7.853051
2008-06-12,13.23,13.23,13.10,13.17,44500,7.876975
2008-06-11,13.40,13.40,13.21,13.23,27200,7.91286
2008-06-10,13.45,13.50,13.30,13.36,29900,7.955326
2008-06-09,13.54,13.54,13.33,13.42,60800,7.991054
2008-06-06,13.45,13.49,13.38,13.44,21400,8.002963
2008-06-05,13.50,13.50,13.39,13.40,7800,7.979145
2008-06-04,13.35,13.51,13.35,13.37,45400,7.961281
2008-06-03,13.51,13.51,13.36,13.40,39900,7.979145
2008-06-02,13.47,13.50,13.38,13.39,36000,7.97319
2008-05-30,13.48,13.49,13.35,13.35,53800,7.949372
2008-05-29,13.50,13.51,13.38,13.38,59000,7.967236
2008-05-28,13.52,13.52,13.35,13.40,46400,7.979145
2008-05-27,13.29,13.54,13.29,13.36,88000,7.955326
2008-05-23,13.26,13.46,13.26,13.33,79100,7.937463
2008-05-22,13.32,13.37,13.28,13.35,34900,7.949372
2008-05-21,13.37,13.45,13.31,13.33,47300,7.937463
2008-05-20,13.37,13.38,13.28,13.31,11700,7.925554
2008-05-19,13.34,13.34,13.26,13.33,18300,7.937463
2008-05-16,13.20,13.37,13.20,13.28,46700,7.90769
2008-05-15,13.37,13.37,13.21,13.26,45400,7.895781
2008-05-14,13.20,13.30,13.20,13.25,26300,7.889826
2008-05-13,13.35,13.37,13.22,13.22,35400,7.871962
2008-05-12,13.49,13.49,13.28,13.33,39500,7.90233
2008-05-09,13.26,13.35,13.21,13.30,26200,7.884546
2008-05-08,13.29,13.33,13.21,13.24,30300,7.848976
2008-05-07,13.28,13.28,13.21,13.24,16500,7.848976
2008-05-06,13.17,13.31,13.17,13.23,31500,7.843048
2008-05-05,13.30,13.30,13.19,13.20,31100,7.825263
2008-05-02,13.34,13.34,13.26,13.27,30600,7.866761
2008-05-01,13.41,13.41,13.23,13.32,36200,7.896402
2008-04-30,13.22,13.25,13.18,13.25,23300,7.854904
2008-04-29,13.20,13.22,13.17,13.20,29700,7.825263
2008-04-28,13.26,13.26,13.15,13.16,18700,7.80155
2008-04-25,13.19,13.19,13.10,13.15,33000,7.795622
2008-04-24,13.29,13.29,13.12,13.12,43500,7.777837
2008-04-23,13.18,13.23,13.17,13.22,19800,7.83712
2008-04-22,13.19,13.21,13.12,13.13,30400,7.783766
2008-04-21,13.22,13.23,13.16,13.17,18200,7.807479
2008-04-18,13.22,13.23,13.14,13.18,40200,7.813407
2008-04-17,13.18,13.21,13.07,13.20,52100,7.825263
2008-04-16,13.14,13.14,13.06,13.07,25400,7.748196
2008-04-15,13.12,13.21,13.07,13.10,19900,7.765981
2008-04-14,13.14,13.17,13.10,13.17,37600,7.807479
2008-04-11,13.34,13.34,13.04,13.08,150200,7.754124
2008-04-10,13.13,13.29,13.09,13.28,38700,7.837713
2008-04-09,12.88,13.15,12.88,13.05,32700,7.701969
2008-04-08,13.15,13.15,12.98,12.98,27400,7.660656
2008-04-07,13.26,13.26,13.07,13.09,37400,7.725577
2008-04-04,12.82,13.22,12.82,13.08,44800,7.719675
2008-04-03,13.10,13.17,13.08,13.08,42500,7.719675
2008-04-02,13.17,13.17,13.08,13.14,46700,7.755087
2008-04-01,13.19,13.19,13.05,13.12,64300,7.743282
2008-03-31,13.04,13.07,12.97,12.98,22200,7.660656
2008-03-28,13.00,13.06,12.96,13.02,34200,7.684264
2008-03-27,12.91,13.06,12.89,12.96,46600,7.648852
2008-03-26,12.70,12.96,12.70,12.85,42600,7.583932
2008-03-25,12.72,12.84,12.72,12.82,28900,7.566226
2008-03-24,12.65,12.77,12.65,12.74,30300,7.519011
2008-03-20,12.95,12.95,12.58,12.66,45600,7.471795
2008-03-19,12.50,12.67,12.50,12.59,41600,7.430482
2008-03-18,12.41,12.63,12.41,12.54,32300,7.400973
2008-03-17,12.60,12.60,12.40,12.46,43800,7.353758
2008-03-14,12.75,12.75,12.58,12.62,32700,7.448188
2008-03-13,12.78,12.93,12.60,12.75,39200,7.524913
2008-03-12,12.71,12.96,12.70,12.75,35400,7.524913
2008-03-11,13.05,13.05,12.79,12.88,40600,7.566816
2008-03-10,13.05,13.05,12.76,12.77,43200,7.502192
2008-03-07,12.91,12.96,12.88,12.96,36300,7.613814
2008-03-06,13.08,13.08,12.85,12.90,42500,7.578565
2008-03-05,12.83,13.05,12.83,12.96,78700,7.613814
2008-03-04,12.81,12.85,12.59,12.68,63800,7.449318
2008-03-03,12.58,12.65,12.40,12.62,85800,7.414069
2008-02-29,12.32,12.56,12.26,12.40,98500,7.284822
2008-02-28,12.82,12.82,12.50,12.50,70600,7.343571
2008-02-27,12.91,12.91,12.73,12.75,55800,7.490442
2008-02-26,13.02,13.02,12.75,12.83,93900,7.537441
2008-02-25,12.84,12.97,12.82,12.97,39200,7.619689
2008-02-22,12.78,12.94,12.70,12.82,52400,7.531566
2008-02-21,13.10,13.10,12.81,12.86,68800,7.555066
2008-02-20,13.10,13.10,13.00,13.01,67200,7.643189
2008-02-19,12.91,13.09,12.91,13.09,53800,7.690188
2008-02-15,13.10,13.10,12.72,12.91,142200,7.58444
2008-02-14,13.49,13.49,12.96,12.98,159300,7.625564
2008-02-13,13.76,13.82,13.43,13.46,156100,7.907557
2008-02-12,13.99,13.99,13.78,13.85,37200,8.102015
2008-02-11,13.75,13.83,13.73,13.75,40600,8.043517
2008-02-08,13.78,13.79,13.71,13.71,25600,8.020118
2008-02-07,13.80,13.80,13.75,13.78,35300,8.061066
2008-02-06,13.78,13.80,13.70,13.80,60200,8.072766
2008-02-05,13.82,13.83,13.71,13.74,60400,8.037667
2008-02-04,13.75,13.84,13.71,13.81,42800,8.078616
2008-02-01,13.63,13.88,13.63,13.78,21700,8.061066
2008-01-31,13.94,13.94,13.69,13.82,57300,8.084466
2008-01-30,13.87,13.92,13.75,13.80,35500,8.072766
2008-01-29,13.93,13.93,13.66,13.79,58900,8.066916
2008-01-28,13.87,13.88,13.78,13.81,38800,8.078616
2008-01-25,13.92,13.92,13.78,13.78,31000,8.061066
2008-01-24,13.53,13.94,13.53,13.89,26500,8.125415
2008-01-23,13.52,13.81,13.52,13.80,43100,8.072766
2008-01-22,13.40,13.65,13.32,13.58,49900,7.94407
2008-01-18,13.87,13.87,13.56,13.62,52700,7.967469
2008-01-17,13.95,13.95,13.80,13.85,77200,8.102015
2008-01-16,14.06,14.06,13.82,13.85,40100,8.102015
2008-01-15,13.51,13.83,13.51,13.83,56000,8.090316
2008-01-14,13.71,13.84,13.68,13.78,54400,8.061066
2008-01-11,13.70,13.70,13.61,13.64,47000,7.979169
2008-01-10,13.68,13.73,13.60,13.71,46500,7.985603
2008-01-09,13.60,13.70,13.60,13.63,44500,7.939006
2008-01-08,13.58,13.66,13.49,13.66,68100,7.95648
2008-01-07,13.00,13.54,13.00,13.49,51000,7.857461
2008-01-04,13.06,13.48,13.06,13.48,55900,7.851636
2008-01-03,13.00,13.33,13.00,13.30,71900,7.746792
2008-01-02,12.85,13.00,12.80,13.00,40900,7.572053
2007-12-31,12.64,12.83,12.62,12.81,176100,7.461384
2007-12-28,12.50,12.65,12.50,12.64,106500,7.362365
2007-12-27,12.58,12.60,12.47,12.59,123000,7.333242
2007-12-26,12.46,12.60,12.45,12.51,181500,7.286645
2007-12-24,12.60,12.62,12.55,12.58,38200,7.327417
2007-12-21,12.46,12.63,12.46,12.51,147200,7.286645
2007-12-20,12.60,12.64,12.43,12.60,157100,7.339067
2007-12-19,12.68,12.90,12.55,12.60,113000,7.339067
2007-12-18,12.58,12.70,12.58,12.65,132600,7.368189
2007-12-17,12.75,12.75,12.58,12.64,42700,7.362365
2007-12-14,12.73,12.75,12.65,12.71,52500,7.403138
2007-12-13,12.96,12.96,12.69,12.70,117600,7.397313
2007-12-12,13.14,13.14,12.83,12.91,79400,7.519631
2007-12-11,13.14,13.15,13.01,13.01,45700,7.543512
2007-12-10,13.11,13.15,12.95,13.10,97200,7.595697
2007-12-07,13.22,13.22,13.08,13.09,54400,7.589898
2007-12-06,12.93,13.19,12.93,13.07,80200,7.578301
2007-12-05,13.08,13.08,12.86,13.05,76800,7.566705
2007-12-04,12.74,13.08,12.74,12.96,156000,7.514521
2007-12-03,12.99,12.99,12.88,12.94,50500,7.502924
2007-11-30,12.94,12.99,12.81,12.95,65400,7.508723
2007-11-29,12.91,13.00,12.80,12.88,36000,7.468135
2007-11-28,12.94,12.95,12.75,12.90,78800,7.479731
2007-11-27,12.95,12.99,12.80,12.86,51200,7.456538
2007-11-26,12.80,12.99,12.80,12.92,35400,7.491328
2007-11-23,12.85,12.99,12.82,12.91,12300,7.48553
2007-11-21,12.84,12.90,12.79,12.85,29600,7.450741
2007-11-20,12.81,12.90,12.78,12.85,45500,7.450741
2007-11-19,12.93,12.93,12.70,12.89,44400,7.473933
2007-11-16,12.92,13.00,12.73,12.87,53000,7.462337
2007-11-15,12.95,12.98,12.85,12.88,35800,7.468135
2007-11-14,12.98,13.08,12.86,12.87,54100,7.462337
2007-11-13,13.12,13.12,13.01,13.03,39700,7.555109
2007-11-12,13.24,13.24,13.15,13.15,15400,7.590478
2007-11-09,13.16,13.30,13.16,13.18,35600,7.607795
2007-11-08,13.30,13.39,13.25,13.31,80800,7.682834
2007-11-07,13.39,13.45,13.31,13.32,34900,7.688605
2007-11-06,13.39,13.41,13.35,13.41,15800,7.740556
2007-11-05,12.97,13.40,12.97,13.40,50400,7.734783
2007-11-02,13.35,13.40,13.34,13.39,26100,7.729011
2007-11-01,13.39,13.40,13.29,13.32,44300,7.688605
2007-10-31,13.38,13.40,13.34,13.34,16000,7.70015
2007-10-30,13.36,13.39,13.31,13.34,16600,7.70015
2007-10-29,13.39,13.39,13.30,13.32,24800,7.688605
2007-10-26,13.28,13.32,13.26,13.30,19900,7.677061
2007-10-25,13.30,13.33,13.25,13.29,24200,7.671289
2007-10-24,13.43,13.43,13.25,13.30,36900,7.677061
2007-10-23,13.45,13.47,13.38,13.42,24200,7.746328
2007-10-22,13.47,13.47,13.38,13.44,27900,7.757872
2007-10-19,13.40,13.42,13.35,13.42,22200,7.746328
2007-10-18,13.45,13.45,13.33,13.36,36400,7.711694
2007-10-17,13.43,13.43,13.35,13.37,30000,7.717467
2007-10-16,13.39,13.45,13.35,13.42,40600,7.746328
2007-10-15,13.50,13.50,13.34,13.41,50600,7.740556
2007-10-12,13.40,13.43,13.34,13.34,44900,7.70015
2007-10-11,13.42,13.47,13.38,13.39,26500,7.729011
2007-10-10,13.55,13.55,13.44,13.49,59400,7.752677
2007-10-09,13.58,13.60,13.48,13.52,33800,7.769918
2007-10-08,13.55,13.57,13.51,13.57,22700,7.798653
2007-10-05,13.61,13.61,13.53,13.55,21900,7.787159
2007-10-04,13.65,13.65,13.55,13.60,40300,7.815894
2007-10-03,13.55,13.67,13.46,13.67,40400,7.856123
2007-10-02,13.55,13.56,13.50,13.50,32700,7.758424
2007-10-01,13.62,13.62,13.48,13.51,21800,7.764171
2007-09-28,13.55,13.59,13.50,13.55,31600,7.787159
2007-09-27,13.52,13.57,13.50,13.53,33800,7.775665
2007-09-26,13.42,13.53,13.40,13.53,40500,7.775665
2007-09-25,13.42,13.45,13.38,13.45,31200,7.729689
2007-09-24,13.47,13.48,13.39,13.39,30600,7.695208
2007-09-21,13.45,13.52,13.30,13.38,31000,7.689461
2007-09-20,13.56,13.59,13.40,13.40,43000,7.700954
2007-09-19,13.57,13.67,13.49,13.54,35900,7.781412
2007-09-18,13.62,13.62,13.40,13.54,55400,7.781412
2007-09-17,13.75,13.75,13.55,13.55,57600,7.787159
2007-09-14,13.56,13.75,13.55,13.69,43700,7.867617
2007-09-13,13.97,13.97,13.73,13.73,19800,7.890605
2007-09-12,13.99,13.99,13.83,13.95,52000,8.017038
2007-09-11,13.83,13.95,13.77,13.95,47900,7.983131
2007-09-10,13.69,13.89,13.69,13.79,72600,7.891568
2007-09-07,13.68,13.69,13.60,13.68,38600,7.828619
2007-09-06,13.54,13.68,13.48,13.64,44900,7.805729
2007-09-05,13.50,13.58,13.26,13.57,51100,7.765669
2007-09-04,13.61,13.65,13.48,13.49,25500,7.719888
2007-08-31,13.50,13.55,13.45,13.52,18800,7.737056
2007-08-30,13.50,13.55,13.34,13.47,35300,7.708443
2007-08-29,13.45,13.55,13.42,13.46,17500,7.70272
2007-08-28,13.46,13.47,13.35,13.43,31700,7.685552
2007-08-27,13.45,13.49,13.39,13.41,22000,7.674107
2007-08-24,13.35,13.49,13.35,13.40,16700,7.668384
2007-08-23,13.50,13.56,13.40,13.40,37900,7.668384
2007-08-22,13.44,13.50,13.44,13.50,29700,7.725611
2007-08-21,13.23,13.39,13.12,13.39,31100,7.662662
2007-08-20,13.24,13.30,13.17,13.19,18900,7.548208
2007-08-17,13.00,13.19,12.98,13.19,34500,7.548208
2007-08-16,13.34,13.34,12.68,12.88,91700,7.370805
2007-08-15,13.58,13.58,13.24,13.24,53800,7.576821
2007-08-14,13.53,13.60,13.45,13.58,49900,7.771392
2007-08-13,13.45,13.58,13.45,13.57,16500,7.765669
2007-08-10,13.59,13.64,13.51,13.57,14000,7.731906
2007-08-09,13.67,13.71,13.64,13.64,27300,7.771791
2007-08-08,13.72,13.72,13.58,13.64,42400,7.771791
2007-08-07,13.72,13.72,13.66,13.70,5300,7.805978
2007-08-06,13.70,13.72,13.62,13.72,21600,7.817373
2007-08-03,13.74,13.74,13.61,13.65,23100,7.777489
2007-08-02,13.72,13.74,13.60,13.69,60500,7.80028
2007-08-01,13.72,13.72,13.60,13.71,23300,7.811676
2007-07-31,13.72,13.72,13.63,13.70,35200,7.805978
2007-07-30,13.55,13.69,13.54,13.68,22900,7.794582
2007-07-27,13.49,13.65,13.49,13.60,30800,7.749
2007-07-26,13.46,13.56,13.42,13.44,26400,7.657835
2007-07-25,13.64,13.68,13.50,13.50,54600,7.692022
2007-07-24,13.78,13.78,13.62,13.62,15500,7.760395
2007-07-23,13.62,13.71,13.62,13.68,30200,7.794582
2007-07-20,13.62,13.74,13.62,13.62,55800,7.760395
2007-07-19,13.67,13.67,13.56,13.63,16600,7.766093
2007-07-18,13.61,13.69,13.58,13.66,32500,7.783186
2007-07-17,13.67,13.67,13.63,13.66,30600,7.783186
2007-07-16,13.61,13.69,13.60,13.61,40700,7.754697
2007-07-13,13.75,13.80,13.61,13.70,33500,7.805978
2007-07-12,13.81,13.85,13.70,13.79,28400,7.857258
2007-07-11,13.88,13.90,13.84,13.87,23600,7.90284
2007-07-10,13.91,13.96,13.90,13.96,27600,7.920503
2007-07-09,13.90,13.98,13.89,13.90,28300,7.88646
2007-07-06,13.86,13.94,13.86,13.92,20400,7.897808
2007-07-05,14.03,14.04,13.91,13.93,42300,7.903482
2007-07-03,14.03,14.08,14.03,14.03,7600,7.960218
2007-07-02,13.95,14.04,13.95,14.04,17000,7.965892
2007-06-29,13.88,13.96,13.88,13.96,19000,7.920503
2007-06-28,14.08,14.08,13.84,13.87,30700,7.869439
2007-06-27,13.91,13.98,13.91,13.91,24800,7.892134
2007-06-26,13.92,14.00,13.91,13.91,15900,7.892134
2007-06-25,14.03,14.07,13.80,13.96,84600,7.920503
2007-06-22,14.04,14.08,13.97,14.03,39600,7.960218
2007-06-21,14.11,14.15,14.07,14.08,21000,7.988587
2007-06-20,14.20,14.21,14.07,14.11,32900,8.005608
2007-06-19,14.21,14.24,14.13,14.13,28200,8.016956
2007-06-18,14.15,14.25,14.13,14.20,17800,8.056672
2007-06-15,14.12,14.22,14.10,14.22,34400,8.068019
2007-06-14,14.15,14.19,14.11,14.12,20700,8.011282
2007-06-13,14.01,14.17,13.99,14.14,48100,8.02263
2007-06-12,14.22,14.33,14.02,14.02,86600,7.92107
2007-06-11,14.50,14.64,14.50,14.50,21900,8.192262
2007-06-08,14.75,14.80,14.52,14.56,31000,8.226162
2007-06-07,15.00,15.10,14.70,14.70,41800,8.305259
2007-06-06,15.10,15.18,15.00,15.00,18100,8.474754
2007-06-05,15.08,15.12,15.05,15.05,28400,8.503003
2007-06-04,15.19,15.19,15.07,15.10,32700,8.531253
2007-06-01,15.27,15.27,15.12,15.21,16300,8.593401
2007-05-31,15.11,15.21,15.11,15.20,13300,8.587751
2007-05-30,15.19,15.19,15.12,15.15,22800,8.559501
2007-05-29,15.15,15.24,15.10,15.15,25900,8.559501
2007-05-25,15.17,15.18,15.10,15.15,19400,8.559501
2007-05-24,15.22,15.23,15.14,15.14,42100,8.553852
2007-05-23,15.14,15.27,15.14,15.25,17900,8.616
2007-05-22,15.30,15.30,15.19,15.20,18700,8.587751
2007-05-21,15.27,15.30,15.21,15.30,17600,8.644249
2007-05-18,15.30,15.30,15.22,15.22,23900,8.599051
2007-05-17,15.29,15.48,15.25,15.30,42300,8.644249
2007-05-16,15.22,15.30,15.22,15.24,25500,8.61035
2007-05-15,15.36,15.37,15.22,15.22,43900,8.599051
2007-05-14,15.27,15.37,15.27,15.35,14800,8.672499
2007-05-11,15.25,15.37,15.25,15.36,24700,8.678148
2007-05-10,15.38,15.42,15.30,15.37,35000,8.648204
2007-05-09,15.34,15.35,15.29,15.35,12400,8.636951
2007-05-08,15.30,15.32,15.19,15.29,26300,8.60319
2007-05-07,15.20,15.35,15.20,15.30,24100,8.608817
2007-05-04,15.16,15.34,15.16,15.34,52400,8.631324
2007-05-03,15.20,15.30,15.15,15.20,27600,8.55255
2007-05-02,15.17,15.26,15.17,15.23,12600,8.56943
2007-05-01,15.27,15.30,15.16,15.20,38300,8.55255
2007-04-30,15.18,15.27,15.07,15.27,33400,8.591937
2007-04-27,15.05,15.19,15.05,15.19,11700,8.546923
2007-04-26,15.04,15.19,15.04,15.15,23100,8.524417
2007-04-25,15.07,15.16,15.03,15.14,22700,8.51879
2007-04-24,15.00,15.20,14.99,15.15,41200,8.524417
2007-04-23,15.17,15.28,15.05,15.18,33500,8.541297
2007-04-20,15.18,15.25,15.17,15.23,25500,8.56943
2007-04-19,15.17,15.17,15.15,15.17,10600,8.53567
2007-04-18,15.08,15.14,15.06,15.09,18900,8.490657
2007-04-17,15.20,15.20,15.05,15.14,22100,8.51879
2007-04-16,15.14,15.23,15.13,15.13,18100,8.513164
2007-04-13,15.24,15.25,15.15,15.15,29100,8.524417
2007-04-12,15.30,15.39,15.20,15.22,18000,8.563804
2007-04-11,15.40,15.48,15.21,15.25,34500,8.580684
2007-04-10,15.23,15.41,15.20,15.41,21800,8.635263
2007-04-09,15.31,15.33,15.24,15.30,12900,8.573622
2007-04-05,15.22,15.33,15.22,15.30,19400,8.573622
2007-04-04,15.30,15.42,15.30,15.30,23500,8.573622
2007-04-03,15.30,15.40,15.27,15.39,18600,8.624055
2007-04-02,15.40,15.40,15.23,15.29,30600,8.568019
2007-03-30,15.45,15.45,15.26,15.26,19700,8.551208
2007-03-29,15.26,15.33,15.23,15.30,6100,8.573622
2007-03-28,15.16,15.32,15.15,15.28,36800,8.562415
2007-03-27,15.22,15.30,15.08,15.27,45500,8.556811
2007-03-26,15.19,15.26,15.15,15.15,10000,8.489567
2007-03-23,15.25,15.28,15.15,15.19,16300,8.511982
2007-03-22,15.15,15.28,15.00,15.16,29800,8.495171
2007-03-21,15.21,15.23,15.14,15.15,15600,8.489567
2007-03-20,15.19,15.25,15.13,15.19,29500,8.511982
2007-03-19,15.15,15.19,15.12,15.13,19300,8.47836
2007-03-16,15.15,15.18,15.15,15.15,8600,8.489567
2007-03-15,15.17,15.20,15.12,15.15,27800,8.489567
2007-03-14,15.23,15.23,15.15,15.15,12000,8.489567
2007-03-13,15.20,15.28,15.17,15.19,12900,8.511982
2007-03-12,15.20,15.30,15.18,15.29,14500,8.532715
2007-03-09,15.15,15.23,15.15,15.23,10500,8.499232
2007-03-08,15.15,15.35,15.12,15.16,39700,8.460168
2007-03-07,15.15,15.20,15.12,15.13,20500,8.443426
2007-03-06,15.20,15.37,15.12,15.15,22000,8.454587
2007-03-05,15.15,15.23,15.12,15.13,28800,8.443426
2007-03-02,15.15,15.18,15.14,15.18,16900,8.471329
2007-03-01,15.25,15.25,15.09,15.15,24100,8.454587
2007-02-28,15.18,15.20,15.10,15.12,29700,8.437845
2007-02-27,15.06,15.15,15.03,15.15,23500,8.454587
2007-02-26,15.04,15.15,15.04,15.06,24800,8.404362
2007-02-23,15.00,15.15,15.00,15.05,20200,8.398781
2007-02-22,15.02,15.06,14.97,15.01,21200,8.376459
2007-02-21,15.01,15.08,15.01,15.03,21400,8.38762
2007-02-20,15.05,15.11,15.05,15.05,45400,8.398781
2007-02-16,15.10,15.14,15.05,15.05,22200,8.398781
2007-02-15,15.17,15.30,15.11,15.11,38000,8.432265
2007-02-14,15.15,15.24,15.10,15.17,35500,8.465748
2007-02-13,15.38,15.38,15.19,15.22,22200,8.493651
2007-02-12,15.31,15.47,15.27,15.42,8600,8.568432
2007-02-09,15.33,15.43,15.28,15.28,26700,8.490638
2007-02-08,15.30,15.62,15.22,15.41,37400,8.562875
2007-02-07,15.10,15.35,15.10,15.23,20800,8.462854
2007-02-06,15.24,15.48,15.16,15.24,27500,8.468411
2007-02-05,15.23,15.40,15.19,15.19,23100,8.440627
2007-02-02,14.93,15.34,14.93,15.23,16400,8.462854
2007-02-01,15.25,15.40,15.17,15.26,39300,8.479525
2007-01-31,15.16,15.20,15.08,15.16,23400,8.423957
2007-01-30,15.18,15.26,15.08,15.16,17900,8.423957
2007-01-29,15.15,15.32,15.08,15.17,28600,8.429514
2007-01-26,15.12,15.28,15.10,15.15,9200,8.418401
2007-01-25,15.24,15.50,15.05,15.20,34100,8.446184
2007-01-24,15.21,15.29,15.18,15.18,17500,8.435071
2007-01-23,15.20,15.24,15.20,15.21,14900,8.451741
2007-01-22,15.21,15.25,15.18,15.23,21900,8.462854
2007-01-19,15.25,15.25,15.16,15.21,17800,8.451741
2007-01-18,15.19,15.25,15.06,15.24,46400,8.468411
2007-01-17,15.19,15.25,15.18,15.20,17300,8.446184
2007-01-16,15.20,15.29,15.18,15.20,23500,8.446184
2007-01-12,15.15,15.26,15.15,15.25,24500,8.473968
2007-01-11,15.40,15.45,15.23,15.31,15200,8.507308
2007-01-10,15.40,15.40,15.22,15.27,31200,8.485082
2007-01-09,15.28,15.42,15.28,15.41,15200,8.526201
2007-01-08,15.40,15.40,15.34,15.38,5900,8.509602
2007-01-05,15.40,15.40,15.30,15.32,21700,8.476405
2007-01-04,15.40,15.40,15.32,15.40,31100,8.520668
2007-01-03,15.35,15.49,15.28,15.42,24400,8.531734
2006-12-29,15.34,15.50,15.21,15.50,25300,8.575997
2006-12-28,15.32,15.42,15.29,15.34,14600,8.487471
2006-12-27,15.25,15.41,15.25,15.32,10100,8.476405
2006-12-26,15.30,15.50,15.20,15.36,13100,8.498536
2006-12-22,15.20,15.25,15.13,15.25,21700,8.437674
2006-12-21,15.07,15.20,15.06,15.15,15900,8.382345
2006-12-20,15.02,15.23,15.02,15.10,41500,8.354681
2006-12-19,15.08,15.11,15.02,15.02,10600,8.310418
2006-12-18,15.00,15.11,14.99,15.09,28000,8.349148
2006-12-15,15.00,15.09,15.00,15.08,8400,8.343615
2006-12-14,15.00,15.05,14.97,15.05,50700,8.327017
2006-12-13,15.10,15.11,14.99,15.00,18500,8.299352
2006-12-12,15.11,15.17,15.07,15.11,18900,8.323696
2006-12-11,15.20,15.20,15.10,15.11,10700,8.323696
2006-12-08,15.24,15.24,15.09,15.15,23200,8.345731
2006-12-07,15.16,15.20,15.08,15.13,26500,8.334714
2006-12-06,15.18,15.25,15.16,15.20,25800,8.373275
2006-12-05,15.17,15.22,15.13,15.18,20300,8.362257
2006-12-04,15.15,15.18,15.12,15.17,24000,8.356749
2006-12-01,15.07,15.14,15.07,15.14,29800,8.340223
2006-11-30,15.00,15.14,15.00,15.14,26800,8.340223
2006-11-29,15.10,15.15,15.02,15.08,22600,8.30717
2006-11-28,15.15,15.15,15.07,15.15,22400,8.345731
2006-11-27,15.05,15.15,15.00,15.15,44800,8.345731
2006-11-24,15.09,15.12,15.02,15.10,9200,8.318188
2006-11-22,15.02,15.10,15.01,15.07,14900,8.301661
2006-11-21,15.01,15.10,15.00,15.00,33400,8.2631
2006-11-20,15.01,15.14,15.01,15.07,13700,8.301661
2006-11-17,15.16,15.19,15.00,15.07,42600,8.301661
2006-11-16,15.10,15.13,15.04,15.06,13600,8.296153
2006-11-15,15.10,15.14,15.10,15.10,30100,8.318188
2006-11-14,15.04,15.11,15.03,15.11,44800,8.323696
2006-11-13,15.03,15.09,14.91,15.09,72100,8.312679
2006-11-10,14.99,15.04,14.94,15.01,23400,8.232252
2006-11-09,14.90,15.00,14.90,14.96,18700,8.204829
2006-11-08,15.00,15.00,14.86,14.93,31500,8.188375
2006-11-07,14.94,14.95,14.92,14.92,22300,8.182891
2006-11-06,15.10,15.10,14.91,14.93,46000,8.188375
2006-11-03,15.02,15.07,14.98,14.98,24200,8.215798
2006-11-02,15.05,15.08,14.96,15.02,22900,8.237736
2006-11-01,15.01,15.05,14.97,15.05,22600,8.25419
2006-10-31,14.97,15.01,14.92,15.00,17400,8.226767
2006-10-30,14.96,15.03,14.88,14.90,22400,8.171922
2006-10-27,14.86,14.97,14.86,14.95,16800,8.199344
2006-10-26,14.95,14.96,14.87,14.90,31300,8.171922
2006-10-25,14.90,14.97,14.90,14.93,23100,8.188375
2006-10-24,14.91,14.95,14.90,14.90,13300,8.171922
2006-10-23,14.88,14.97,14.88,14.93,18500,8.188375
2006-10-20,14.88,14.99,14.88,14.92,26300,8.182891
2006-10-19,14.85,14.92,14.85,14.92,10500,8.182891
2006-10-18,14.86,14.90,14.80,14.90,16700,8.171922
2006-10-17,14.70,14.85,14.70,14.85,28600,8.144499
2006-10-16,14.70,14.78,14.70,14.71,26900,8.067716
2006-10-13,14.85,14.87,14.68,14.70,43300,8.062231
2006-10-12,14.86,14.90,14.80,14.90,35800,8.171922
2006-10-11,14.87,14.87,14.72,14.81,14100,8.122561
2006-10-10,14.99,14.99,14.85,14.90,46000,8.135724
2006-10-09,14.91,14.99,14.87,14.99,12000,8.184866
2006-10-06,14.92,14.96,14.86,14.96,34100,8.168486
2006-10-05,14.85,14.90,14.81,14.90,23300,8.135724
2006-10-04,14.90,14.95,14.82,14.92,36700,8.146645
2006-10-03,14.95,14.95,14.81,14.94,34000,8.157565
2006-10-02,14.85,14.90,14.80,14.83,20000,8.097503
2006-09-29,14.89,14.90,14.86,14.86,25200,8.113883
2006-09-28,14.92,14.92,14.85,14.85,29700,8.108423
2006-09-27,14.84,14.98,14.84,14.94,35500,8.157565
2006-09-26,14.81,14.99,14.81,14.99,25300,8.184866
2006-09-25,14.97,15.00,14.78,14.83,59200,8.097503
2006-09-22,14.80,14.99,14.80,14.94,20000,8.157565
2006-09-21,14.82,14.90,14.82,14.85,22800,8.108423
2006-09-20,14.80,14.95,14.80,14.90,17400,8.135724
2006-09-19,14.80,14.93,14.80,14.90,24900,8.135724
2006-09-18,14.83,14.85,14.74,14.75,18700,8.053821
2006-09-15,14.84,14.85,14.72,14.82,5400,8.092042
2006-09-14,14.86,14.86,14.73,14.74,18900,8.048361
2006-09-13,14.85,14.85,14.60,14.74,35200,8.048361
2006-09-12,14.80,14.94,14.74,14.85,24400,8.072385
2006-09-11,14.79,14.95,14.78,14.90,31700,8.099565
2006-09-08,14.79,14.99,14.79,14.93,35000,8.115873
2006-09-07,14.87,14.87,14.60,14.79,37000,8.039769
2006-09-06,14.80,14.85,14.75,14.75,38800,8.018026
2006-09-05,14.84,14.87,14.74,14.87,33200,8.083257
2006-09-01,14.84,14.84,14.75,14.78,30000,8.034333
2006-08-31,14.85,14.86,14.74,14.84,27000,8.066949
2006-08-30,14.82,14.85,14.75,14.82,17400,8.056077
2006-08-29,14.78,14.86,14.78,14.83,45800,8.061513
2006-08-28,14.73,14.75,14.69,14.74,25200,8.01259
2006-08-25,14.66,14.73,14.64,14.67,78600,7.974538
2006-08-24,14.60,14.65,14.59,14.64,16800,7.95823
2006-08-23,14.52,14.67,14.52,14.60,14400,7.936487
2006-08-22,14.52,14.66,14.52,14.58,29200,7.925614
2006-08-21,14.55,14.64,14.52,14.52,13900,7.892999
2006-08-18,14.58,14.60,14.53,14.60,26500,7.936487
2006-08-17,14.56,14.60,14.50,14.52,11100,7.892999
2006-08-16,14.60,14.60,14.46,14.52,25400,7.892999
2006-08-15,14.49,14.60,14.46,14.49,27300,7.876691
2006-08-14,14.55,14.58,14.39,14.39,24600,7.822332
2006-08-11,14.49,14.58,14.42,14.55,29700,7.909307
2006-08-10,14.67,14.68,14.50,14.58,31800,7.889737
2006-08-09,14.52,14.67,14.52,14.66,41300,7.933028
2006-08-08,14.65,14.65,14.51,14.56,26100,7.878915
2006-08-07,14.48,14.64,14.48,14.61,38200,7.905971
2006-08-04,14.45,14.59,14.45,14.54,22700,7.868092
2006-08-03,14.59,14.59,14.47,14.49,30400,7.841035
2006-08-02,14.48,14.62,14.48,14.56,30900,7.878915
2006-08-01,14.55,14.57,14.46,14.53,28700,7.86268
2006-07-31,14.50,14.55,14.42,14.50,15800,7.846446
2006-07-28,14.27,14.44,14.27,14.40,12800,7.792333
2006-07-27,14.38,14.38,14.31,14.31,11400,7.743631
2006-07-26,14.10,14.30,14.09,14.28,37200,7.727397
2006-07-25,14.34,14.41,14.21,14.21,29300,7.689518
2006-07-24,14.24,14.29,14.24,14.28,7400,7.727397
2006-07-21,14.18,14.33,14.17,14.22,18800,7.694929
2006-07-20,14.25,14.25,14.01,14.09,24800,7.624581
2006-07-19,14.16,14.22,14.16,14.20,5600,7.684106
2006-07-18,14.28,14.29,14.02,14.06,26700,7.608348
2006-07-17,14.07,14.22,14.04,14.08,35700,7.61917
2006-07-14,14.25,14.30,14.06,14.13,24600,7.646227
2006-07-13,14.17,14.22,14.01,14.08,18200,7.61917
2006-07-12,14.05,14.15,14.00,14.05,19800,7.602936
2006-07-11,14.10,14.17,14.09,14.09,11100,7.588867
2006-07-10,14.19,14.26,14.13,14.15,34100,7.621183
2006-07-07,14.27,14.28,14.12,14.16,32500,7.626569
2006-07-06,14.20,14.27,14.13,14.24,28900,7.669657
2006-07-05,14.17,14.28,14.16,14.20,17000,7.648113
2006-07-03,14.18,14.20,14.14,14.20,14800,7.648113
2006-06-30,14.17,14.18,14.00,14.11,30400,7.599639
2006-06-29,14.01,14.14,14.00,14.01,22800,7.545779
2006-06-28,14.15,14.15,14.00,14.05,45600,7.567323
2006-06-27,14.04,14.16,14.02,14.02,16200,7.551165
2006-06-26,14.10,14.10,14.02,14.02,34800,7.551165
2006-06-23,14.10,14.11,14.02,14.07,17200,7.578095
2006-06-22,14.23,14.23,14.05,14.05,11100,7.567323
2006-06-21,14.20,14.24,14.10,14.12,6800,7.605025
2006-06-20,14.15,14.26,14.13,14.26,31300,7.680429
2006-06-19,14.30,14.30,14.18,14.19,25400,7.642727
2006-06-16,14.15,14.27,14.15,14.22,18400,7.658885
2006-06-15,14.12,14.19,14.07,14.12,45300,7.605025
2006-06-14,14.05,14.20,14.05,14.10,37600,7.594253
2006-06-13,14.30,14.36,14.10,14.19,44300,7.642727
2006-06-12,14.50,14.50,14.37,14.50,19000,7.774145
2006-06-09,14.40,14.50,14.39,14.43,15000,7.736615
2006-06-08,14.54,14.54,14.38,14.46,14300,7.752699
2006-06-07,14.50,14.52,14.38,14.52,30800,7.784869
2006-06-06,14.33,14.52,14.33,14.50,17200,7.774145
2006-06-05,14.43,14.53,14.43,14.45,9600,7.747338
2006-06-02,14.50,14.55,14.47,14.52,20300,7.784869
2006-06-01,14.53,14.54,14.39,14.53,27100,7.79023
2006-05-31,14.50,14.50,14.31,14.43,34700,7.736615
2006-05-30,14.49,14.50,14.45,14.47,20700,7.758061
2006-05-26,14.35,14.45,14.33,14.45,13400,7.747338
2006-05-25,14.39,14.42,14.30,14.35,23000,7.693723
2006-05-24,14.26,14.34,14.20,14.24,16200,7.634747
2006-05-23,14.40,14.40,14.25,14.26,21300,7.64547
2006-05-22,14.28,14.38,14.23,14.35,43600,7.693723
2006-05-19,14.38,14.42,14.33,14.38,6700,7.709808
2006-05-18,14.40,14.40,14.23,14.33,12700,7.683
2006-05-17,14.30,14.39,14.18,14.18,44700,7.602578
2006-05-16,14.35,14.42,14.29,14.30,38200,7.666916
2006-05-15,14.33,14.42,14.30,14.42,26800,7.731254
2006-05-12,14.42,14.43,14.31,14.31,10400,7.672277
2006-05-11,14.50,14.50,14.35,14.36,16900,7.699084
2006-05-10,14.39,14.48,14.37,14.48,23900,7.726964
2006-05-09,14.46,14.49,14.39,14.45,14000,7.710955
2006-05-08,14.45,14.50,14.41,14.41,15800,7.68961
2006-05-05,14.35,14.45,14.35,14.39,10800,7.678938
2006-05-04,14.37,14.45,14.26,14.45,20100,7.710955
2006-05-03,14.41,14.44,14.20,14.24,28700,7.598893
2006-05-02,14.40,14.45,14.40,14.42,26200,7.694947
2006-05-01,14.39,14.41,14.30,14.40,20400,7.684274
2006-04-28,14.15,14.30,14.15,14.30,46000,7.630911
2006-04-27,14.15,14.20,14.08,14.20,18800,7.577548
2006-04-26,14.15,14.19,14.09,14.15,35800,7.550866
2006-04-25,14.30,14.30,14.09,14.11,27800,7.529521
2006-04-24,14.13,14.16,14.09,14.14,17200,7.54553
2006-04-21,14.04,14.24,14.04,14.11,5000,7.529521
2006-04-20,14.24,14.25,14.10,14.10,23100,7.524185
2006-04-19,14.15,14.22,14.03,14.22,31500,7.588221
2006-04-18,14.26,14.26,14.04,14.08,35900,7.513512
2006-04-17,14.30,14.30,14.01,14.01,31500,7.476158
2006-04-13,14.18,14.22,14.15,14.20,14600,7.577548
2006-04-12,14.37,14.37,14.18,14.19,10300,7.572211
2006-04-11,14.50,14.59,14.18,14.35,41600,7.657593
2006-04-10,14.60,14.60,14.30,14.43,34700,7.663996
2006-04-07,14.62,14.62,14.45,14.50,29300,7.701173
2006-04-06,14.45,14.55,14.30,14.55,41000,7.727729
2006-04-05,14.68,14.68,14.50,14.50,25400,7.701173
2006-04-04,14.55,14.62,14.50,14.50,51700,7.701173
2006-04-03,14.62,14.63,14.50,14.60,32200,7.754285
2006-03-31,14.60,14.65,14.50,14.50,16800,7.701173
2006-03-30,14.65,14.67,14.50,14.50,25000,7.701173
2006-03-29,14.40,14.59,14.40,14.50,34500,7.701173
2006-03-28,14.29,14.40,14.28,14.40,18700,7.648062
2006-03-27,14.45,14.47,14.22,14.39,39000,7.642751
2006-03-24,14.30,14.43,14.29,14.29,8600,7.589639
2006-03-23,14.20,14.38,14.20,14.38,31800,7.63744
2006-03-22,14.45,14.45,14.18,14.20,21500,7.541839
2006-03-21,14.25,14.37,14.22,14.23,37400,7.557772
2006-03-20,14.46,14.46,14.25,14.25,31600,7.568395
2006-03-17,14.30,14.41,14.27,14.41,20300,7.653373
2006-03-16,14.25,14.35,14.20,14.29,34700,7.589639
2006-03-15,14.40,14.46,14.10,14.21,49800,7.54715
2006-03-14,14.24,14.35,14.24,14.25,41200,7.568395
2006-03-13,14.43,14.45,14.23,14.30,65600,7.594951
2006-03-10,14.53,14.62,14.40,14.40,30700,7.611946
2006-03-09,14.52,14.53,14.39,14.40,18200,7.611946
2006-03-08,14.26,14.44,14.26,14.42,34100,7.622518
2006-03-07,14.50,14.50,14.34,14.43,51900,7.627804
2006-03-06,14.53,14.56,14.50,14.53,26300,7.680665
2006-03-03,14.78,14.82,14.56,14.56,28000,7.696524
2006-03-02,14.83,14.83,14.66,14.75,61000,7.796959
2006-03-01,14.85,14.85,14.65,14.71,28000,7.775814
2006-02-28,14.86,14.86,14.48,14.64,34700,7.738812
2006-02-27,14.45,14.55,14.45,14.50,18800,7.664807
2006-02-24,14.42,14.50,14.42,14.50,60300,7.664807
2006-02-23,14.50,14.50,14.45,14.46,15100,7.643663
2006-02-22,14.45,14.55,14.43,14.49,39000,7.659521
2006-02-21,14.56,14.56,14.44,14.55,37200,7.691237
2006-02-17,14.50,14.58,14.50,14.56,13300,7.696524
2006-02-16,14.42,14.57,14.42,14.56,51600,7.696524
2006-02-15,14.35,14.51,14.30,14.42,44000,7.622518
2006-02-14,14.47,14.47,14.30,14.30,20200,7.559085
2006-02-13,14.43,14.52,14.39,14.47,21400,7.648949
2006-02-10,14.70,14.73,14.47,14.57,27600,7.66375
2006-02-09,14.50,14.62,14.50,14.59,21500,7.67427
2006-02-08,14.49,14.56,14.49,14.50,32900,7.62693
2006-02-07,14.67,14.71,14.41,14.51,50400,7.63219
2006-02-06,14.90,14.90,14.53,14.65,33200,7.705829
2006-02-03,14.65,14.75,14.56,14.74,28600,7.753169
2006-02-02,14.63,14.65,14.50,14.65,42600,7.705829
2006-02-01,14.62,14.68,14.56,14.60,32300,7.67953
2006-01-31,14.69,14.75,14.54,14.54,38200,7.64797
2006-01-30,14.80,14.80,14.65,14.67,17000,7.71635
2006-01-27,14.65,14.86,14.65,14.77,48200,7.768949
2006-01-26,14.65,14.85,14.54,14.85,48900,7.811029
2006-01-25,14.68,14.68,14.47,14.65,44800,7.705829
2006-01-24,14.60,14.60,14.44,14.59,24000,7.67427
2006-01-23,14.59,14.64,14.49,14.53,43500,7.64271
2006-01-20,14.50,14.60,14.49,14.58,26900,7.66901
2006-01-19,14.55,14.56,14.46,14.54,40800,7.64797
2006-01-18,14.54,14.69,14.50,14.52,31500,7.63745
2006-01-17,14.68,14.68,14.54,14.58,20700,7.66901
2006-01-13,14.56,14.65,14.50,14.64,33900,7.70057
2006-01-12,14.66,14.69,14.46,14.57,39600,7.66375
2006-01-11,14.67,14.69,14.55,14.64,33200,7.70057
2006-01-10,14.60,14.73,14.60,14.71,32900,7.699518
2006-01-09,14.53,14.66,14.53,14.64,39000,7.662878
2006-01-06,14.51,14.67,14.51,14.66,46700,7.673346
2006-01-05,14.50,14.52,14.44,14.50,21800,7.589599
2006-01-04,14.48,14.49,14.38,14.49,11600,7.584365
2006-01-03,14.45,14.50,14.29,14.48,67500,7.579131
2005-12-30,14.40,14.49,14.29,14.45,35700,7.563428
2005-12-29,14.35,14.39,14.23,14.39,17900,7.532023
2005-12-28,14.18,14.49,14.18,14.20,22600,7.432573
2005-12-27,14.18,14.35,14.16,14.18,21200,7.422105
2005-12-23,14.11,14.22,14.11,14.13,28600,7.395934
2005-12-22,14.14,14.16,14.11,14.15,24000,7.406402
2005-12-21,13.98,14.17,13.98,14.08,14000,7.369762
2005-12-20,13.96,14.10,13.96,14.06,25100,7.359294
2005-12-19,14.03,14.05,13.90,13.90,26200,7.275547
2005-12-16,13.92,14.03,13.91,13.93,16400,7.29125
2005-12-15,14.08,14.08,13.88,14.02,41400,7.338357
2005-12-14,14.00,14.10,13.88,14.05,32700,7.35406
2005-12-13,13.95,14.46,13.84,13.95,74500,7.301718
2005-12-12,13.97,14.05,13.90,14.04,25700,7.31114
2005-12-09,14.00,14.00,13.92,13.95,27600,7.264273
2005-12-08,14.00,14.01,13.95,14.01,23800,7.295518
2005-12-07,14.00,14.05,13.90,14.05,27800,7.316347
2005-12-06,13.83,14.00,13.83,14.00,13400,7.29031
2005-12-05,13.85,13.86,13.76,13.83,21000,7.201785
2005-12-02,13.88,14.00,13.80,13.84,26100,7.206993
2005-12-01,14.00,14.05,13.86,13.88,34500,7.227822
2005-11-30,14.00,14.08,13.89,13.89,20500,7.23303
2005-11-29,13.83,14.03,13.83,14.03,31100,7.305932
2005-11-28,13.90,14.00,13.80,13.88,37700,7.227822
2005-11-25,13.76,13.85,13.76,13.85,8200,7.2122
2005-11-23,13.75,13.77,13.62,13.62,18800,7.09243
2005-11-22,13.62,13.76,13.56,13.66,21100,7.11326
2005-11-21,13.63,13.84,13.63,13.64,30500,7.102845
2005-11-18,13.84,13.85,13.70,13.71,24800,7.139297
2005-11-17,13.75,13.85,13.63,13.83,18000,7.201785
2005-11-16,13.79,13.79,13.63,13.67,20200,7.118467
2005-11-15,13.58,13.77,13.58,13.76,25100,7.165334
2005-11-14,13.57,13.67,13.57,13.65,42900,7.108052
2005-11-11,13.69,13.69,13.57,13.57,27000,7.066394
2005-11-10,13.56,13.71,13.56,13.66,60000,7.11326
2005-11-09,13.66,13.87,13.65,13.69,42100,7.091389
2005-11-08,13.96,14.00,13.77,13.80,48600,7.148369
2005-11-07,13.84,13.99,13.83,13.99,27100,7.246788
2005-11-04,13.85,13.98,13.78,13.78,29100,7.138009
2005-11-03,13.84,13.92,13.76,13.90,42900,7.200168
2005-11-02,13.82,13.97,13.80,13.84,33100,7.169089
2005-11-01,13.99,13.99,13.68,13.80,49300,7.148369
2005-10-31,13.79,13.83,13.68,13.74,39900,7.117289
2005-10-28,13.56,13.69,13.56,13.69,27200,7.091389
2005-10-27,13.60,13.65,13.60,13.61,20100,7.049949
2005-10-26,13.58,13.58,13.50,13.57,44200,7.029229
2005-10-25,13.72,13.74,13.58,13.58,48000,7.034409
2005-10-24,13.63,13.74,13.58,13.62,71800,7.055129
2005-10-21,13.74,13.74,13.64,13.73,40500,7.112109
2005-10-20,13.74,13.74,13.63,13.64,51000,7.065489
2005-10-19,13.71,13.74,13.65,13.73,41000,7.112109
2005-10-18,13.63,13.77,13.62,13.70,56700,7.096569
2005-10-17,13.83,13.84,13.63,13.69,61200,7.091389
2005-10-14,14.23,14.23,13.76,13.80,103300,7.148369
2005-10-13,13.78,13.81,13.62,13.66,34100,7.075849
2005-10-12,13.98,13.98,13.80,13.83,41300,7.163909
2005-10-11,14.04,14.08,13.87,13.95,56400,7.188772
2005-10-10,13.90,14.02,13.80,14.00,94200,7.214538
2005-10-07,13.81,13.90,13.81,13.90,20600,7.163006
2005-10-06,13.97,13.97,13.84,13.86,24600,7.142393
2005-10-05,14.01,14.03,13.88,13.89,78200,7.157853
2005-10-04,13.86,14.02,13.86,14.02,36100,7.224845
2005-10-03,13.98,14.05,13.90,14.00,69200,7.214538
2005-09-30,14.04,14.05,14.00,14.01,12200,7.219692
2005-09-29,14.01,14.04,13.88,14.04,58700,7.235151
2005-09-28,13.90,14.01,13.90,14.00,23500,7.214538
2005-09-27,14.01,14.14,13.70,13.86,135000,7.142393
2005-09-26,14.07,14.16,14.00,14.10,75400,7.266071
2005-09-23,14.17,14.20,14.01,14.08,68400,7.255764
2005-09-22,14.49,14.49,14.02,14.19,124200,7.31245
2005-09-21,14.59,14.59,14.45,14.45,49200,7.446434
2005-09-20,14.55,14.58,14.49,14.53,19400,7.48766
2005-09-19,14.40,14.55,14.40,14.53,20400,7.48766
2005-09-16,14.47,14.53,14.41,14.41,16100,7.425821
2005-09-15,14.65,14.70,14.46,14.46,46400,7.451588
2005-09-14,14.67,14.70,14.55,14.57,55500,7.508273
2005-09-13,14.79,14.79,14.67,14.67,49100,7.559806
2005-09-12,14.84,14.84,14.68,14.71,24800,7.543316
2005-09-09,14.71,14.84,14.70,14.75,35500,7.563828
2005-09-08,15.00,15.00,14.69,14.73,34100,7.553572
2005-09-07,14.65,14.77,14.57,14.72,48100,7.548444
2005-09-06,14.64,14.65,14.55,14.65,25700,7.512547
2005-09-02,14.52,14.64,14.50,14.64,38700,7.50742
2005-09-01,14.50,14.52,14.50,14.50,31300,7.435627
2005-08-31,14.41,14.49,14.40,14.49,56800,7.430499
2005-08-30,14.48,14.48,14.39,14.44,23000,7.404859
2005-08-29,14.40,14.46,14.39,14.41,18700,7.389475
2005-08-26,14.38,14.43,14.35,14.35,5900,7.358707
2005-08-25,14.40,14.45,14.36,14.36,58800,7.363835
2005-08-24,14.38,14.42,14.32,14.38,41700,7.374091
2005-08-23,14.34,14.40,14.32,14.33,63500,7.348451
2005-08-22,14.34,14.40,14.30,14.37,34100,7.368963
2005-08-19,14.25,14.40,14.25,14.34,35500,7.353579
2005-08-18,14.40,14.40,14.28,14.35,44500,7.358707
2005-08-17,14.40,14.44,14.35,14.40,26400,7.384347
2005-08-16,14.44,14.49,14.30,14.40,57900,7.384347
2005-08-15,14.37,14.44,14.34,14.38,54400,7.374091
2005-08-12,14.44,14.44,14.23,14.32,44100,7.343323
2005-08-11,14.40,14.46,14.20,14.34,54100,7.353579
2005-08-10,14.15,14.50,14.15,14.50,55300,7.398705
2005-08-09,14.32,14.49,14.26,14.40,76300,7.347679
2005-08-08,14.35,14.49,14.31,14.42,39800,7.357885
2005-08-05,14.54,14.54,14.28,14.38,44100,7.337474
2005-08-04,14.51,14.54,14.40,14.47,22900,7.383397
2005-08-03,14.35,14.46,14.34,14.41,46500,7.352782
2005-08-02,14.31,14.39,14.29,14.39,56800,7.342577
2005-08-01,14.24,14.31,14.11,14.26,94600,7.276244
2005-07-29,14.24,14.25,14.11,14.15,33600,7.220115
2005-07-28,14.17,14.24,14.14,14.14,36400,7.215013
2005-07-27,14.08,14.17,14.08,14.16,32200,7.225218
2005-07-26,14.14,14.18,13.97,14.01,79700,7.14868
2005-07-25,14.00,14.14,14.00,14.12,23300,7.204808
2005-07-22,14.03,14.08,13.99,14.08,32500,7.184398
2005-07-21,14.04,14.04,13.93,13.95,41900,7.118064
2005-07-20,14.02,14.06,14.02,14.03,63800,7.158885
2005-07-19,13.93,14.01,13.93,14.01,20600,7.14868
2005-07-18,14.05,14.05,13.93,13.93,70500,7.107859
2005-07-15,14.01,14.08,13.94,13.96,46700,7.123167
2005-07-14,14.04,14.15,14.01,14.04,42900,7.163987
2005-07-13,14.12,14.18,14.05,14.12,52300,7.204808
2005-07-12,14.19,14.25,14.14,14.16,78100,7.188479
2005-07-11,14.14,14.20,14.12,14.13,40800,7.17325
2005-07-08,14.10,14.18,14.06,14.17,32900,7.193556
2005-07-07,14.03,14.14,14.03,14.06,72300,7.137714
2005-07-06,14.05,14.11,14.02,14.03,43600,7.122483
2005-07-05,14.07,14.10,14.02,14.08,36400,7.147867
2005-07-01,14.05,14.12,14.00,14.07,63900,7.14279
2005-06-30,14.07,14.12,14.03,14.03,24300,7.122483
2005-06-29,13.99,14.09,13.99,14.01,27500,7.112331
2005-06-28,14.02,14.11,13.99,14.02,32800,7.117407
2005-06-27,13.95,14.05,13.95,14.05,41700,7.132637
2005-06-24,13.95,14.02,13.92,13.96,56500,7.086947
2005-06-23,13.88,13.95,13.88,13.90,37500,7.056487
2005-06-22,13.94,13.96,13.88,13.90,95300,7.056487
2005-06-21,13.95,13.99,13.93,13.99,53600,7.102177
2005-06-20,13.98,14.01,13.93,13.99,29100,7.102177
2005-06-17,13.96,14.00,13.92,13.98,34400,7.0971
2005-06-16,13.86,13.99,13.86,13.96,29200,7.086947
2005-06-15,13.91,13.96,13.85,13.88,17700,7.046335
2005-06-14,13.96,13.98,13.86,13.91,29300,7.061564
2005-06-13,13.93,13.99,13.88,13.95,35300,7.081871
2005-06-10,13.95,14.06,13.95,14.05,26600,7.096086
2005-06-09,13.95,14.09,13.95,14.02,19100,7.080934
2005-06-08,14.07,14.12,14.01,14.01,49400,7.075883
2005-06-07,13.94,14.10,13.94,14.08,52200,7.111237
2005-06-06,13.99,14.02,13.85,13.95,32700,7.04558
2005-06-03,14.08,14.13,13.99,14.02,19300,7.080934
2005-06-02,13.95,14.10,13.95,14.00,30900,7.070833
2005-06-01,14.06,14.10,13.99,13.99,35100,7.065782
2005-05-31,14.00,14.03,13.95,13.96,42300,7.05063
2005-05-27,13.90,14.00,13.90,13.91,11200,7.025377
2005-05-26,13.92,14.00,13.90,13.90,21200,7.020327
2005-05-25,13.91,13.99,13.86,13.92,55500,7.030428
2005-05-24,13.92,13.95,13.90,13.95,23700,7.04558
2005-05-23,13.86,13.93,13.81,13.92,42900,7.030428
2005-05-20,13.82,13.86,13.81,13.86,24200,7.000124
2005-05-19,13.78,13.86,13.77,13.86,21500,7.000124
2005-05-18,13.86,13.94,13.78,13.80,35300,6.969821
2005-05-17,13.82,13.87,13.80,13.81,20500,6.974872
2005-05-16,13.80,13.85,13.72,13.82,29200,6.979922
2005-05-13,13.70,13.82,13.70,13.80,28200,6.969821
2005-05-12,13.70,13.76,13.65,13.70,32500,6.919315
2005-05-11,13.75,13.77,13.66,13.77,26300,6.954669
2005-05-10,13.69,13.75,13.68,13.74,28900,6.903153
2005-05-09,13.65,13.67,13.55,13.59,44600,6.827791
2005-05-06,13.65,13.65,13.55,13.56,48100,6.812719
2005-05-05,13.70,13.78,13.68,13.68,23500,6.873008
2005-05-04,13.57,13.78,13.57,13.76,34600,6.913201
2005-05-03,13.55,13.67,13.55,13.62,38900,6.842863
2005-05-02,13.63,13.63,13.54,13.62,42500,6.842863
2005-04-29,13.57,13.58,13.53,13.54,48600,6.80267
2005-04-28,13.50,13.50,13.42,13.43,27400,6.747405
2005-04-27,13.34,13.44,13.34,13.44,23100,6.752429
2005-04-26,13.44,13.44,13.32,13.34,60500,6.702188
2005-04-25,13.43,13.45,13.42,13.43,18500,6.747405
2005-04-22,13.44,13.46,13.37,13.43,14200,6.747405
2005-04-21,13.38,13.43,13.36,13.43,27000,6.747405
2005-04-20,13.40,13.49,13.36,13.47,20200,6.767501
2005-04-19,13.48,13.54,13.43,13.45,19400,6.757453
2005-04-18,13.44,13.50,13.44,13.46,8900,6.762477
2005-04-15,13.32,13.42,13.32,13.42,22500,6.742381
2005-04-14,13.40,13.42,13.32,13.32,37500,6.692139
2005-04-13,13.40,13.46,13.40,13.40,26100,6.732332
2005-04-12,13.38,13.50,12.46,13.38,31500,6.686111
2005-04-11,13.11,13.44,13.11,13.41,70000,6.701102
2005-04-08,13.37,13.44,13.37,13.37,12700,6.681113
2005-04-07,13.37,13.46,13.37,13.41,14900,6.701102
2005-04-06,13.41,13.44,13.35,13.44,21500,6.716093
2005-04-05,13.42,13.42,13.37,13.40,10400,6.696105
2005-04-04,13.36,13.37,13.35,13.37,11800,6.681113
2005-04-01,13.44,13.45,13.30,13.33,24500,6.661125
2005-03-31,13.20,13.33,13.20,13.31,26300,6.651131
2005-03-30,13.22,13.33,13.22,13.23,21600,6.611154
2005-03-29,13.10,13.22,13.10,13.17,32200,6.581172
2005-03-28,13.18,13.22,13.06,13.07,30200,6.531201
2005-03-24,13.19,13.38,13.19,13.20,33100,6.596163
2005-03-23,13.42,13.42,13.16,13.16,55500,6.576174
2005-03-22,13.40,13.46,13.39,13.44,32800,6.716093
2005-03-21,13.44,13.45,13.39,13.45,21500,6.72109
2005-03-18,13.37,13.45,13.37,13.43,19300,6.711096
2005-03-17,13.38,13.47,13.35,13.41,40300,6.701102
2005-03-16,13.37,13.54,13.30,13.31,41200,6.651131
2005-03-15,13.41,13.48,13.37,13.37,30900,6.681113
2005-03-14,13.46,13.47,13.40,13.41,24300,6.701102
2005-03-11,13.38,13.46,13.32,13.46,40000,6.726087
2005-03-10,13.55,13.68,13.50,13.53,78100,6.725088
2005-03-09,13.78,13.79,13.59,13.59,36100,6.754911
2005-03-08,13.82,13.86,13.75,13.76,21200,6.83941
2005-03-07,13.78,13.81,13.72,13.81,28300,6.864262
2005-03-04,13.65,13.79,13.65,13.72,46100,6.819528
2005-03-03,13.67,13.69,13.60,13.65,70900,6.784734
2005-03-02,13.65,13.67,13.60,13.65,25800,6.784734
2005-03-01,13.69,13.69,13.59,13.65,38400,6.784734
2005-02-28,13.68,13.68,13.58,13.65,31100,6.784734
2005-02-25,13.57,13.64,13.54,13.63,45400,6.774793
2005-02-24,13.53,13.57,13.51,13.53,28500,6.725088
2005-02-23,13.46,13.52,13.45,13.50,39400,6.710176
2005-02-22,13.51,13.51,13.42,13.45,30700,6.685324
2005-02-18,13.62,13.66,13.48,13.50,50200,6.710176
2005-02-17,13.78,13.78,13.64,13.67,57800,6.794675
2005-02-16,13.82,13.82,13.69,13.72,35400,6.819528
2005-02-15,13.80,13.85,13.72,13.79,62000,6.854321
2005-02-14,13.83,13.85,13.80,13.84,34600,6.879174
2005-02-11,13.80,13.84,13.76,13.79,37600,6.854321
2005-02-10,13.88,13.90,13.86,13.87,23000,6.858297
2005-02-09,13.89,13.91,13.84,13.84,59200,6.843463
2005-02-08,13.89,13.90,13.82,13.88,37000,6.863242
2005-02-07,13.82,13.90,13.82,13.89,34600,6.868187
2005-02-04,13.73,13.83,13.73,13.76,65000,6.803906
2005-02-03,13.80,13.82,13.78,13.80,18300,6.823684
2005-02-02,13.80,13.82,13.70,13.80,47000,6.823684
2005-02-01,13.76,13.84,13.73,13.78,53600,6.813795
2005-01-31,13.74,13.75,13.66,13.74,42600,6.794016
2005-01-28,13.65,13.71,13.58,13.70,33500,6.774237
2005-01-27,13.67,13.67,13.56,13.65,42000,6.749514
2005-01-26,13.45,13.69,13.45,13.62,66700,6.73468
2005-01-25,13.58,13.58,13.44,13.46,43700,6.655565
2005-01-24,13.43,13.54,13.43,13.50,29400,6.675343
2005-01-21,13.44,13.50,13.39,13.50,53400,6.675343
2005-01-20,13.42,13.43,13.38,13.40,24700,6.625896
2005-01-19,13.43,13.45,13.35,13.42,37100,6.635786
2005-01-18,13.25,13.42,13.25,13.37,29100,6.611062
2005-01-14,13.36,13.36,13.29,13.31,26300,6.581394
2005-01-13,13.40,13.40,13.31,13.35,25400,6.601173
2005-01-12,13.38,13.38,13.25,13.34,52400,6.596228
2005-01-11,13.37,13.43,13.36,13.42,43500,6.600184
2005-01-10,13.40,13.40,13.31,13.36,30900,6.570675
2005-01-07,13.26,13.38,13.25,13.32,31800,6.551002
2005-01-06,13.16,13.30,13.16,13.23,78700,6.506739
2005-01-05,13.23,13.23,13.15,13.17,25200,6.47723
2005-01-04,13.19,13.23,13.14,13.15,29900,6.467393
2005-01-03,13.19,13.20,13.15,13.18,22400,6.482148
2004-12-31,13.18,13.19,13.14,13.14,48500,6.462476
2004-12-30,13.18,13.18,13.07,13.14,91000,6.462476
2004-12-29,13.03,13.06,13.01,13.05,58600,6.418212
2004-12-28,13.01,13.07,13.00,13.05,49700,6.418212
2004-12-27,13.06,13.09,13.01,13.02,77700,6.403458
2004-12-23,13.14,13.15,13.09,13.09,29600,6.437885
2004-12-22,13.18,13.18,13.07,13.10,49300,6.442803
2004-12-21,13.30,13.30,13.11,13.12,40000,6.452639
2004-12-20,13.26,13.26,13.11,13.15,25700,6.467393
2004-12-17,13.11,13.20,13.10,13.17,52300,6.47723
2004-12-16,13.22,13.25,13.15,13.15,36500,6.467393
2004-12-15,13.28,13.29,13.19,13.27,39700,6.526412
2004-12-14,13.12,13.20,13.12,13.19,32800,6.487066
2004-12-13,13.20,13.29,13.19,13.19,88500,6.487066
2004-12-10,13.26,13.35,13.25,13.34,52000,6.525428
2004-12-09,13.40,13.40,13.23,13.23,39800,6.47162
2004-12-08,13.17,13.35,13.17,13.35,82000,6.53032
2004-12-07,13.23,13.25,13.15,13.25,56200,6.481403
2004-12-06,13.18,13.23,13.14,13.23,60200,6.47162
2004-12-03,13.07,13.23,13.07,13.18,62500,6.447162
2004-12-02,13.12,13.18,13.04,13.04,53400,6.378679
2004-12-01,13.28,13.29,13.15,13.15,46900,6.432487
2004-11-30,13.27,13.27,13.18,13.21,40600,6.461837
2004-11-29,13.23,13.24,13.18,13.20,56200,6.456945
2004-11-26,13.25,13.25,13.24,13.25,6000,6.481403
2004-11-24,13.27,13.30,13.24,13.26,24800,6.486295
2004-11-23,13.31,13.34,13.26,13.27,50600,6.491187
2004-11-22,13.40,13.41,13.31,13.34,24600,6.525428
2004-11-19,13.40,13.53,13.33,13.44,60700,6.574344
2004-11-18,13.49,13.56,13.41,13.44,46900,6.574344
2004-11-17,13.35,13.45,13.30,13.42,42400,6.564561
2004-11-16,13.32,13.39,13.32,13.35,41800,6.53032
2004-11-15,13.36,13.40,13.33,13.35,21500,6.53032
2004-11-12,13.29,13.36,13.25,13.36,37100,6.535211
2004-11-11,13.20,13.37,13.20,13.31,47700,6.510753
2004-11-10,13.33,13.34,13.22,13.26,48800,6.486295
2004-11-09,13.30,13.34,13.21,13.33,19600,6.485317
2004-11-08,13.40,13.40,13.17,13.30,76700,6.470721
2004-11-05,13.70,13.71,13.46,13.47,58600,6.55343
2004-11-04,13.78,13.78,13.71,13.78,26600,6.704251
2004-11-03,13.82,13.82,13.70,13.74,44200,6.68479
2004-11-02,13.83,13.83,13.75,13.83,23100,6.728577
2004-11-01,13.74,13.77,13.68,13.75,51100,6.689655
2004-10-29,13.62,13.68,13.55,13.68,30400,6.655599
2004-10-28,13.55,13.60,13.51,13.59,19600,6.611812
2004-10-27,13.54,13.59,13.51,13.51,40300,6.57289
2004-10-26,13.56,13.58,13.51,13.58,26500,6.606947
2004-10-25,13.56,13.56,13.49,13.55,25800,6.592351
2004-10-22,13.51,13.53,13.48,13.48,18900,6.558294
2004-10-21,13.50,13.52,13.46,13.50,23400,6.568025
2004-10-20,13.41,13.51,13.41,13.50,39300,6.568025
2004-10-19,13.45,13.49,13.41,13.41,50800,6.524238
2004-10-18,13.40,13.51,13.40,13.43,37800,6.533969
2004-10-15,13.40,13.47,13.40,13.46,19000,6.548564
2004-10-14,13.40,13.45,13.37,13.42,41300,6.529104
2004-10-13,13.42,13.42,13.35,13.37,44800,6.504777
2004-10-12,13.55,13.56,13.42,13.44,65800,6.503804
2004-10-11,13.51,13.54,13.45,13.54,20600,6.552196
2004-10-08,13.50,13.54,13.50,13.51,17300,6.537678
2004-10-07,13.48,13.48,13.43,13.47,3500,6.518322
2004-10-06,13.48,13.51,13.39,13.40,34600,6.484448
2004-10-05,13.43,13.47,13.39,13.46,38400,6.513483
2004-10-04,13.40,13.43,13.33,13.43,25100,6.498965
2004-10-01,13.50,13.50,13.34,13.40,17600,6.484448
2004-09-30,13.51,13.51,13.39,13.42,28500,6.494126
2004-09-29,13.49,13.57,13.45,13.51,58200,6.537678
2004-09-28,13.50,13.59,13.49,13.50,57400,6.532839
2004-09-27,13.52,13.55,13.50,13.50,45000,6.532839
2004-09-24,13.51,13.60,13.45,13.50,45600,6.532839
2004-09-23,13.47,13.56,13.47,13.55,46800,6.557035
2004-09-22,13.50,13.54,13.45,13.45,40900,6.508643
2004-09-21,13.48,13.51,13.45,13.51,18200,6.537678
2004-09-20,13.36,13.48,13.36,13.48,35500,6.523161
2004-09-17,13.43,13.43,13.35,13.40,23400,6.484448
2004-09-16,13.29,13.40,13.29,13.40,37200,6.484448
2004-09-15,13.22,13.30,13.22,13.27,36700,6.421539
2004-09-14,13.34,13.34,13.22,13.25,20100,6.411861
2004-09-13,13.32,13.32,13.23,13.25,30900,6.411861
2004-09-10,13.29,13.37,13.27,13.35,49700,6.42541
2004-09-09,13.35,13.35,13.25,13.25,49400,6.37728
2004-09-08,13.37,13.44,13.31,13.35,41200,6.42541
2004-09-07,13.35,13.40,13.34,13.34,38600,6.420597
2004-09-03,13.34,13.35,13.29,13.34,20700,6.420597
2004-09-02,13.40,13.43,13.29,13.35,34300,6.42541
2004-09-01,13.39,13.40,13.32,13.40,38000,6.449475
2004-08-31,13.31,13.39,13.31,13.33,29100,6.415784
2004-08-30,13.23,13.34,13.23,13.31,47700,6.406158
2004-08-27,13.23,13.27,13.22,13.27,21800,6.386906
2004-08-26,13.15,13.22,13.15,13.22,28500,6.362841
2004-08-25,13.18,13.18,13.12,13.17,28000,6.338776
2004-08-24,13.12,13.16,13.12,13.15,21000,6.329149
2004-08-23,13.16,13.16,13.10,13.15,27900,6.329149
2004-08-20,13.07,13.17,13.07,13.16,46200,6.333962
2004-08-19,13.10,13.15,13.05,13.14,17900,6.324337
2004-08-18,13.10,13.10,13.01,13.10,19600,6.305084
2004-08-17,13.02,13.06,12.99,13.06,35600,6.285832
2004-08-16,13.00,13.04,12.96,13.02,22000,6.26658
2004-08-13,12.97,13.02,12.92,13.01,38300,6.261767
2004-08-12,12.96,12.96,12.90,12.91,15100,6.213636
2004-08-11,12.98,12.98,12.93,12.96,36400,6.237702
2004-08-10,13.10,13.14,12.98,13.06,94600,6.251178
2004-08-09,13.06,13.11,13.05,13.05,26500,6.246392
2004-08-06,12.98,13.07,12.97,13.07,48400,6.255964
2004-08-05,12.90,12.97,12.87,12.95,36100,6.198526
2004-08-04,12.86,12.92,12.86,12.87,19000,6.160234
2004-08-03,12.87,12.91,12.82,12.90,26500,6.174594
2004-08-02,12.80,12.88,12.80,12.87,32700,6.160234
2004-07-30,12.76,12.79,12.73,12.77,21400,6.11237
2004-07-29,12.70,12.75,12.69,12.69,28600,6.074077
2004-07-28,12.57,12.69,12.57,12.68,29300,6.069291
2004-07-27,12.74,12.75,12.61,12.66,48600,6.059718
2004-07-26,12.71,12.75,12.69,12.70,34200,6.078864
2004-07-23,12.70,12.70,12.63,12.69,21700,6.074077
2004-07-22,12.57,12.70,12.57,12.67,25700,6.064504
2004-07-21,12.61,12.62,12.56,12.62,94500,6.040572
2004-07-20,12.67,12.70,12.61,12.61,41800,6.035785
2004-07-19,12.63,12.74,12.62,12.70,36000,6.078864
2004-07-16,12.60,12.67,12.60,12.66,28300,6.059718
2004-07-15,12.61,12.65,12.57,12.57,27800,6.016639
2004-07-14,12.66,12.68,12.59,12.66,31500,6.059718
2004-07-13,12.61,12.69,12.60,12.67,26300,6.064504
2004-07-12,12.68,12.78,12.65,12.76,25800,6.07312
2004-07-09,12.65,12.71,12.63,12.65,28300,6.020765
2004-07-08,12.74,12.74,12.64,12.66,37800,6.025525
2004-07-07,12.60,12.71,12.60,12.64,32700,6.016006
2004-07-06,12.59,12.73,12.59,12.62,51100,6.006487
2004-07-02,12.65,12.70,12.59,12.65,51900,6.020765
2004-07-01,12.57,12.60,12.45,12.55,29300,5.973171
2004-06-30,12.42,12.52,12.38,12.38,45400,5.892259
2004-06-29,12.39,12.41,12.32,12.41,27600,5.906538
2004-06-28,12.35,12.45,12.28,12.36,56000,5.88274
2004-06-25,12.40,12.49,12.32,12.46,31700,5.930335
2004-06-24,12.28,12.42,12.28,12.35,22100,5.877981
2004-06-23,12.35,12.35,12.27,12.27,16400,5.839905
2004-06-22,12.32,12.38,12.25,12.27,33600,5.839905
2004-06-21,12.34,12.37,12.21,12.32,46500,5.863702
2004-06-18,12.35,12.39,12.22,12.26,62900,5.835145
2004-06-17,12.40,12.48,12.20,12.30,62800,5.854183
2004-06-16,12.53,12.57,12.46,12.46,34100,5.930335
2004-06-15,12.41,12.59,12.41,12.51,51800,5.954133
2004-06-14,12.32,12.51,12.26,12.51,154100,5.954133
2004-06-10,12.40,12.40,12.23,12.30,47100,5.819915
2004-06-09,12.41,12.45,12.35,12.41,41600,5.871963
2004-06-08,12.44,12.45,12.31,12.41,32000,5.871963
2004-06-07,12.40,12.40,12.29,12.34,65700,5.838842
2004-06-04,12.45,12.45,12.33,12.33,62700,5.83411
2004-06-03,12.38,12.47,12.37,12.42,66100,5.876695
2004-06-02,12.45,12.52,12.38,12.41,51500,5.871963
2004-06-01,12.55,12.55,12.44,12.47,36400,5.900353
2004-05-28,12.56,12.57,12.40,12.44,94000,5.886158
2004-05-27,12.44,12.57,12.44,12.56,53900,5.942938
2004-05-26,12.35,12.50,12.32,12.49,67300,5.909816
2004-05-25,12.29,12.43,12.29,12.41,56900,5.871963
2004-05-24,12.30,12.38,12.28,12.38,17600,5.857768
2004-05-21,12.22,12.31,12.22,12.25,52900,5.796257
2004-05-20,12.15,12.22,12.15,12.18,23500,5.763135
2004-05-19,12.10,12.11,12.03,12.11,34700,5.730014
2004-05-18,12.00,12.08,11.97,12.05,57300,5.701624
2004-05-17,12.00,12.06,11.91,11.97,37800,5.663771
2004-05-14,11.89,12.04,11.89,12.04,31700,5.696892
2004-05-13,11.92,11.95,11.80,11.88,40900,5.621186
2004-05-12,11.99,12.00,11.91,11.98,53700,5.668502
2004-05-11,11.95,12.07,11.95,12.07,82400,5.677019
2004-05-10,12.08,12.09,11.85,11.95,152500,5.620578
2004-05-07,12.26,12.26,12.09,12.09,60400,5.686426
2004-05-06,12.47,12.47,12.29,12.29,73700,5.780494
2004-05-05,12.42,12.49,12.39,12.41,31900,5.836935
2004-05-04,12.48,12.50,12.40,12.49,31800,5.874563
2004-05-03,12.60,12.60,12.43,12.43,59000,5.846342
2004-04-30,12.38,12.53,12.38,12.53,42200,5.893376
2004-04-29,12.53,12.53,12.43,12.43,19900,5.846342
2004-04-28,12.54,12.56,12.47,12.53,60100,5.893376
2004-04-27,12.42,12.55,12.34,12.52,89500,5.888673
2004-04-26,12.45,12.55,12.43,12.49,72200,5.874563
2004-04-23,12.63,12.64,12.51,12.51,35400,5.88397
2004-04-22,12.67,12.72,12.63,12.63,48500,5.940411
2004-04-21,12.76,12.76,12.70,12.71,45000,5.978038
2004-04-20,12.80,12.87,12.75,12.79,68300,6.015665
2004-04-19,12.86,12.87,12.77,12.77,28900,6.006259
2004-04-16,12.77,12.92,12.75,12.86,51600,6.048589
2004-04-15,12.87,12.88,12.70,12.77,90100,6.006259
2004-04-14,12.94,12.94,12.86,12.90,55000,6.067403
2004-04-13,13.10,13.10,12.97,13.00,59500,6.114437
2004-04-12,13.26,13.26,13.14,13.19,34800,6.169937
2004-04-08,13.40,13.40,13.15,13.26,40000,6.202681
2004-04-07,13.28,13.36,13.26,13.35,45200,6.244781
2004-04-06,13.19,13.29,13.19,13.25,66200,6.198004
2004-04-05,13.48,13.49,13.26,13.29,76300,6.216715
2004-04-02,13.72,13.74,13.51,13.58,84500,6.352369
2004-04-01,13.84,13.85,13.74,13.82,52300,6.464635
2004-03-31,13.74,13.83,13.74,13.78,19400,6.445924
2004-03-30,13.77,13.81,13.73,13.75,29100,6.431891
2004-03-29,13.92,13.92,13.77,13.79,45700,6.450601
2004-03-26,13.98,13.98,13.86,13.93,25000,6.51609
2004-03-25,14.01,14.01,13.92,13.92,12800,6.511412
2004-03-24,13.99,14.01,13.95,14.01,37500,6.553512
2004-03-23,13.90,13.98,13.90,13.96,24300,6.530123
2004-03-22,13.98,14.05,13.80,13.95,77400,6.525445
2004-03-19,13.91,13.98,13.87,13.87,35900,6.488023
2004-03-18,13.96,13.98,13.88,13.88,47900,6.492701
2004-03-17,14.04,14.04,13.90,13.97,54600,6.534801
2004-03-16,13.92,14.00,13.87,13.95,39800,6.525445
2004-03-15,13.89,13.99,13.89,13.97,32500,6.534801
2004-03-12,13.91,13.97,13.88,13.90,52200,6.502056
2004-03-11,13.95,13.95,13.87,13.92,36400,6.511412
2004-03-10,13.86,13.95,13.86,13.95,47400,6.491765
2004-03-09,13.82,13.92,13.82,13.90,62100,6.468497
2004-03-08,13.82,13.85,13.75,13.84,67700,6.440576
2004-03-05,13.75,13.85,13.72,13.77,97100,6.408001
2004-03-04,13.74,13.74,13.68,13.71,36200,6.380079
2004-03-03,13.70,13.79,13.70,13.74,38700,6.39404
2004-03-02,13.76,13.80,13.69,13.69,37000,6.370771
2004-03-01,13.73,13.75,13.66,13.68,32300,6.366118
2004-02-27,13.68,13.73,13.63,13.70,25000,6.375425
2004-02-26,13.60,13.68,13.58,13.68,28400,6.366118
2004-02-25,13.69,13.70,13.57,13.60,32300,6.328889
2004-02-24,13.56,13.67,13.56,13.61,27900,6.333543
2004-02-23,13.63,13.68,13.53,13.58,51500,6.319582
2004-02-20,13.69,13.69,13.55,13.61,27000,6.333543
2004-02-19,13.73,13.73,13.60,13.61,39900,6.333543
2004-02-18,13.77,13.80,13.65,13.65,41900,6.352157
2004-02-17,13.81,13.81,13.74,13.76,22600,6.403347
2004-02-13,13.75,13.81,13.68,13.81,21800,6.426615
2004-02-12,13.65,13.71,13.65,13.71,7900,6.380079
2004-02-11,13.65,13.73,13.61,13.64,27700,6.347504
2004-02-10,13.75,13.78,13.70,13.71,41800,6.346573
2004-02-09,13.69,13.75,13.66,13.75,30700,6.36509
2004-02-06,13.57,13.74,13.57,13.69,36900,6.337315
2004-02-05,13.63,13.69,13.63,13.69,17900,6.337315
2004-02-04,13.66,13.72,13.50,13.57,55700,6.281765
2004-02-03,13.65,13.68,13.57,13.68,43400,6.332686
2004-02-02,13.55,13.64,13.51,13.64,33400,6.314169
2004-01-30,13.53,13.58,13.50,13.51,29800,6.25399
2004-01-29,13.50,13.58,13.44,13.52,41600,6.25862
2004-01-28,13.53,13.65,13.50,13.50,50800,6.249361
2004-01-27,13.72,13.72,13.51,13.57,25300,6.281765
2004-01-26,13.72,13.72,13.64,13.66,20200,6.323427
2004-01-23,13.76,13.78,13.65,13.71,53900,6.346573
2004-01-22,13.69,13.77,13.64,13.76,38200,6.369719
2004-01-21,13.75,13.78,13.64,13.70,42500,6.341944
2004-01-20,13.64,13.77,13.64,13.70,43200,6.341944
2004-01-16,13.68,13.76,13.63,13.74,29300,6.360461
2004-01-15,13.64,13.68,13.58,13.62,38100,6.304911
2004-01-14,13.50,13.65,13.48,13.62,27100,6.304911
2004-01-13,13.48,13.54,13.45,13.52,61800,6.25862
2004-01-12,13.42,13.59,13.42,13.56,17300,6.243806
2004-01-09,13.49,13.55,13.45,13.50,45900,6.216178
2004-01-08,13.41,13.66,13.41,13.55,37300,6.239201
2004-01-07,13.42,13.48,13.38,13.39,23600,6.165528
2004-01-06,13.36,13.43,13.30,13.43,33900,6.183946
2004-01-05,13.36,13.37,13.31,13.31,12200,6.128692
2004-01-02,13.28,13.38,13.28,13.31,13800,6.128692
2003-12-31,13.30,13.39,13.28,13.39,73600,6.165528
2003-12-30,13.40,13.46,13.30,13.31,62700,6.128692
2003-12-29,13.35,13.41,13.29,13.37,27200,6.156319
2003-12-26,13.35,13.35,13.30,13.32,9500,6.133296
2003-12-24,13.46,13.46,13.28,13.35,29100,6.14711
2003-12-23,13.45,13.46,13.34,13.35,44500,6.14711
2003-12-22,13.45,13.46,13.38,13.46,26700,6.19776
2003-12-19,13.44,13.44,13.37,13.43,23900,6.183946
2003-12-18,13.38,13.44,13.32,13.44,53300,6.188551
2003-12-17,13.32,13.37,13.30,13.36,34300,6.151714
2003-12-16,13.34,13.45,13.25,13.33,70400,6.1379
2003-12-15,13.45,13.45,13.37,13.43,35800,6.183946
2003-12-12,13.39,13.55,13.33,13.55,73300,6.239201
2003-12-11,13.42,13.42,13.26,13.40,32000,6.170132
2003-12-10,13.47,13.53,13.41,13.43,20300,6.150794
2003-12-09,13.53,13.59,13.50,13.50,20300,6.182853
2003-12-08,13.53,13.67,13.47,13.51,61400,6.187433
2003-12-05,13.74,13.74,13.52,13.62,45200,6.237811
2003-12-04,13.55,13.72,13.53,13.72,25000,6.283611
2003-12-03,13.47,13.60,13.47,13.55,36900,6.205752
2003-12-02,13.54,13.58,13.47,13.47,28700,6.169113
2003-12-01,13.51,13.57,13.39,13.47,29200,6.169113
2003-11-28,13.49,13.53,13.40,13.40,27100,6.137054
2003-11-26,13.44,13.48,13.35,13.42,26200,6.146214
2003-11-25,13.53,13.54,13.30,13.36,39400,6.118734
2003-11-24,13.54,13.54,13.46,13.46,12800,6.164533
2003-11-21,13.53,13.55,13.45,13.54,22100,6.201172
2003-11-20,13.53,13.54,13.39,13.51,33500,6.187433
2003-11-19,13.54,13.54,13.38,13.41,35700,6.141634
2003-11-18,13.45,13.54,13.42,13.48,58400,6.173693
2003-11-17,13.35,13.45,13.35,13.41,19300,6.141634
2003-11-14,13.35,13.42,13.30,13.41,36000,6.141634
2003-11-13,13.33,13.40,13.26,13.40,25500,6.137054
2003-11-12,13.33,13.34,13.25,13.30,33600,6.091255
2003-11-11,13.34,13.36,13.32,13.35,10900,6.081179
2003-11-10,13.26,13.33,13.26,13.32,22000,6.067514
2003-11-07,13.34,13.36,13.28,13.29,26800,6.053848
2003-11-06,13.27,13.40,13.27,13.33,43500,6.072069
2003-11-05,13.23,13.30,13.23,13.29,49800,6.053848
2003-11-04,13.24,13.25,13.12,13.22,24700,6.021962
2003-11-03,13.19,13.23,13.19,13.22,23500,6.021962
2003-10-31,13.11,13.14,13.06,13.13,35100,5.980965
2003-10-30,13.05,13.11,13.01,13.10,27100,5.9673
2003-10-29,13.14,13.15,13.00,13.06,26800,5.949079
2003-10-28,13.10,13.14,13.08,13.14,12500,5.98552
2003-10-27,13.07,13.11,13.03,13.09,17000,5.962744
2003-10-24,13.15,13.15,13.03,13.12,44300,5.97641
2003-10-23,13.07,13.21,13.07,13.08,24000,5.958189
2003-10-22,13.08,13.15,13.03,13.15,31600,5.990075
2003-10-21,13.06,13.10,13.00,13.01,20100,5.926303
2003-10-20,13.10,13.16,13.06,13.07,21700,5.953634
2003-10-17,13.08,13.12,13.08,13.10,18900,5.9673
2003-10-16,13.10,13.10,13.00,13.06,37800,5.949079
2003-10-15,13.07,13.10,13.05,13.06,20600,5.949079
2003-10-14,13.15,13.22,13.09,13.17,43700,5.999186
2003-10-13,13.16,13.24,13.15,13.24,17300,6.031072
2003-10-10,13.34,13.34,13.17,13.17,17900,5.999186
2003-10-09,13.33,13.36,13.30,13.30,23200,6.025606
2003-10-08,13.29,13.35,13.26,13.33,37900,6.039197
2003-10-07,13.34,13.35,13.30,13.30,31700,6.025606
2003-10-06,13.35,13.36,13.31,13.32,10600,6.034667
2003-10-03,13.40,13.85,13.27,13.35,30200,6.048258
2003-10-02,13.44,13.44,13.37,13.40,70100,6.070911
2003-10-01,13.24,13.40,13.24,13.40,35000,6.070911
2003-09-30,13.26,13.30,13.25,13.25,15400,6.002953
2003-09-29,13.15,13.25,13.12,13.12,17700,5.944056
2003-09-26,13.16,13.20,13.06,13.20,50600,5.9803
2003-09-25,13.10,13.16,13.00,13.13,41400,5.948587
2003-09-24,13.07,13.07,13.04,13.04,32200,5.907812
2003-09-23,13.10,13.16,13.04,13.07,27300,5.921403
2003-09-22,13.10,13.11,13.05,13.07,21900,5.921403
2003-09-19,13.04,13.16,13.04,13.11,41400,5.939525
2003-09-18,13.01,13.11,13.01,13.01,31500,5.89422
2003-09-17,12.95,13.06,12.95,13.01,40200,5.89422
2003-09-16,12.90,12.96,12.87,12.95,44000,5.867037
2003-09-15,12.87,12.98,12.87,12.90,27200,5.844384
2003-09-12,12.90,12.96,12.85,12.85,37800,5.821732
2003-09-11,12.88,12.94,12.83,12.85,27800,5.821732
2003-09-10,12.95,13.00,12.91,12.94,27800,5.829887
2003-09-09,12.86,12.99,12.86,12.89,46300,5.807361
2003-09-08,12.87,12.98,12.87,12.95,37500,5.834392
2003-09-05,12.78,12.88,12.78,12.87,29700,5.79835
2003-09-04,12.64,12.85,12.64,12.85,22600,5.789339
2003-09-03,12.79,12.79,12.64,12.70,57500,5.721759
2003-09-02,12.83,12.83,12.66,12.69,43200,5.717254
2003-08-29,12.70,12.86,12.70,12.71,19300,5.726265
2003-08-28,12.71,12.84,12.71,12.77,36500,5.753297
2003-08-27,12.67,12.80,12.67,12.77,22100,5.753297
2003-08-26,12.66,12.73,12.55,12.64,38600,5.694728
2003-08-25,12.77,12.77,12.58,12.61,52500,5.681211
2003-08-22,12.67,12.71,12.60,12.71,20400,5.726265
2003-08-21,12.71,12.72,12.60,12.68,48900,5.712749
2003-08-20,12.69,12.76,12.62,12.71,31000,5.726265
2003-08-19,12.75,12.79,12.55,12.70,66600,5.721759
2003-08-18,12.68,12.70,12.66,12.67,34700,5.708243
2003-08-15,12.68,12.68,12.68,12.68,8100,5.712749
2003-08-14,12.90,12.99,12.70,12.71,61900,5.726265
2003-08-13,12.91,13.00,12.91,12.95,28600,5.834392
2003-08-12,13.06,13.12,13.05,13.12,7200,5.878544
2003-08-11,13.17,13.18,12.95,13.15,37200,5.891986
2003-08-08,13.13,13.17,13.05,13.16,19500,5.896467
2003-08-07,13.07,13.15,13.06,13.11,21500,5.874064
2003-08-06,12.99,13.10,12.98,13.10,18700,5.869584
2003-08-05,12.80,12.99,12.79,12.99,33600,5.820297
2003-08-04,12.90,12.94,12.76,12.86,34600,5.762049
2003-08-01,12.85,12.90,12.74,12.89,43100,5.775491
2003-07-31,13.11,13.11,12.84,12.84,68900,5.753088
2003-07-30,13.23,13.23,12.99,13.07,47100,5.856141
2003-07-29,13.25,13.25,13.02,13.10,28900,5.869584
2003-07-28,13.35,13.35,13.22,13.25,24400,5.936792
2003-07-25,13.40,13.40,13.30,13.35,9700,5.981598
2003-07-24,13.40,13.46,13.31,13.31,36900,5.963676
2003-07-23,13.31,13.39,13.29,13.31,19600,5.963676
2003-07-22,13.44,13.45,13.26,13.31,54600,5.963676
2003-07-21,13.55,13.55,13.44,13.45,12500,6.026404
2003-07-18,13.55,13.62,13.36,13.42,49300,6.012963
2003-07-17,13.78,13.86,13.54,13.56,68200,6.075691
2003-07-16,14.05,14.05,13.67,13.78,46200,6.174264
2003-07-15,14.05,14.11,14.01,14.05,25700,6.29524
2003-07-14,14.10,14.14,13.96,14.13,42900,6.331085
2003-07-11,14.15,14.23,14.10,14.15,32000,6.340046
2003-07-10,14.12,14.25,14.11,14.20,42200,6.330189
2003-07-09,14.35,14.35,14.13,14.19,42700,6.325731
2003-07-08,14.20,14.34,14.15,14.34,38900,6.392599
2003-07-07,14.25,14.34,14.15,14.26,29800,6.356936
2003-07-03,14.31,14.31,14.20,14.20,31000,6.330189
2003-07-02,14.25,14.32,14.20,14.31,48100,6.379226
2003-07-01,14.23,14.25,14.15,14.24,32600,6.34802
2003-06-30,14.12,14.23,14.10,14.19,41900,6.325731
2003-06-27,14.05,14.14,14.02,14.02,32300,6.249947
2003-06-26,14.00,14.10,13.91,14.01,73700,6.245489
2003-06-25,13.93,14.10,13.91,13.91,67800,6.20091
2003-06-24,14.03,14.20,13.97,13.98,70400,6.232115
2003-06-23,14.00,14.13,13.90,14.10,42600,6.28561
2003-06-20,13.99,14.02,13.92,13.92,48000,6.205368
2003-06-19,14.20,14.20,13.82,13.98,108800,6.232115
2003-06-18,14.24,14.30,14.15,14.20,48500,6.330189
2003-06-17,14.35,14.35,14.21,14.30,56100,6.374768
2003-06-16,14.39,14.39,14.21,14.33,54800,6.388141
2003-06-13,14.35,14.39,14.23,14.39,41000,6.414889
2003-06-12,14.27,14.33,14.23,14.33,44800,6.388141
2003-06-11,14.30,14.39,14.24,14.39,64300,6.414889
2003-06-10,14.33,14.35,14.26,14.35,33900,6.36496
2003-06-09,14.31,14.32,14.17,14.32,35400,6.351653
2003-06-06,14.17,14.25,14.12,14.24,28200,6.316169
2003-06-05,14.20,14.25,14.18,14.22,58100,6.307298
2003-06-04,14.05,14.20,14.05,14.20,45800,6.298427
2003-06-03,14.04,14.15,14.00,14.04,68400,6.227459
2003-06-02,13.99,14.09,13.95,14.03,52300,6.223023
2003-05-30,13.99,13.99,13.86,13.97,63700,6.196411
2003-05-29,14.07,14.07,13.91,13.96,42600,6.191975
2003-05-28,14.08,14.13,13.96,14.07,40600,6.240765
2003-05-27,14.09,14.09,13.96,14.07,32900,6.240765
2003-05-23,14.00,14.09,13.99,14.05,40800,6.231895
2003-05-22,13.96,14.00,13.91,14.00,32000,6.209717
2003-05-21,13.78,13.99,13.78,13.91,54600,6.169797
2003-05-20,13.76,13.90,13.74,13.79,63900,6.116571
2003-05-19,13.75,13.75,13.68,13.73,30300,6.089958
2003-05-16,13.60,13.75,13.58,13.74,54500,6.094394
2003-05-15,13.64,13.65,13.56,13.64,25100,6.050039
2003-05-14,13.64,13.64,13.55,13.64,32000,6.050039
2003-05-13,13.66,13.71,13.61,13.61,59400,6.036732
2003-05-12,13.70,13.74,13.51,13.65,72500,6.022538
2003-05-09,13.72,13.75,13.70,13.70,30100,6.044599
2003-05-08,13.64,13.70,13.56,13.70,30100,6.044599
2003-05-07,13.58,13.65,13.48,13.65,39300,6.022538
2003-05-06,13.53,13.63,13.52,13.52,28700,5.965181
2003-05-05,13.63,13.63,13.51,13.51,18800,5.960769
2003-05-02,13.52,13.63,13.51,13.63,47400,6.013714
2003-05-01,13.50,13.52,13.42,13.51,43900,5.960769
2003-04-30,13.40,13.49,13.34,13.45,47300,5.934296
2003-04-29,13.34,13.43,13.28,13.32,28600,5.876939
2003-04-28,13.35,13.39,13.29,13.39,30900,5.907824
2003-04-25,13.30,13.34,13.23,13.30,11500,5.868115
2003-04-24,13.29,13.30,13.20,13.30,15500,5.868115
2003-04-23,13.25,13.30,13.22,13.29,20600,5.863702
2003-04-22,13.30,13.30,13.21,13.22,32500,5.832818
2003-04-21,13.28,13.30,13.25,13.29,17900,5.863702
2003-04-17,13.29,13.30,13.23,13.23,19000,5.837229
2003-04-16,13.22,13.28,13.12,13.28,19500,5.85929
2003-04-15,13.21,13.25,13.15,13.22,15500,5.832818
2003-04-14,13.19,13.22,13.14,13.22,18900,5.832818
2003-04-11,13.23,13.23,13.06,13.12,19700,5.788696
2003-04-10,13.20,13.25,13.10,13.25,59300,5.814286
2003-04-09,13.17,13.22,13.06,13.22,65100,5.801122
2003-04-08,13.17,13.21,13.06,13.21,50800,5.796734
2003-04-07,13.20,13.21,13.11,13.11,28300,5.752852
2003-04-04,13.17,13.22,13.10,13.21,33800,5.796734
2003-04-03,13.15,13.22,13.12,13.12,22000,5.757241
2003-04-02,13.24,13.24,13.09,13.22,41300,5.801122
2003-04-01,13.29,13.29,13.10,13.24,38600,5.809898
2003-03-31,13.24,13.25,13.12,13.21,28600,5.796734
2003-03-28,13.06,13.20,13.05,13.20,32200,5.792346
2003-03-27,13.05,13.08,12.93,13.02,34300,5.713359
2003-03-26,13.04,13.07,12.94,13.04,34100,5.722136
2003-03-25,13.00,13.07,12.95,13.00,25600,5.704583
2003-03-24,12.99,13.01,12.87,12.95,38500,5.682642
2003-03-21,13.03,13.10,13.00,13.00,23400,5.704583
2003-03-20,13.02,13.13,13.01,13.11,23000,5.752852
2003-03-19,13.10,13.16,13.00,13.16,32000,5.774793
2003-03-18,13.06,13.12,13.04,13.12,13800,5.757241
2003-03-17,13.17,13.18,13.07,13.13,47900,5.761629
2003-03-14,13.15,13.27,13.13,13.18,21100,5.78357
2003-03-13,13.32,13.32,13.15,13.24,26700,5.809898
2003-03-12,13.16,13.33,13.15,13.33,45900,5.849392
2003-03-11,13.24,13.28,13.12,13.25,56900,5.782692
2003-03-10,13.14,13.24,13.07,13.24,37100,5.778328
2003-03-07,13.11,13.20,13.05,13.07,36800,5.704135
2003-03-06,13.16,13.20,13.05,13.17,42800,5.747778
2003-03-05,13.15,13.25,13.15,13.15,26800,5.739049
2003-03-04,13.25,13.28,13.15,13.15,15400,5.739049
2003-03-03,13.25,13.25,13.13,13.24,23600,5.778328
2003-02-28,13.13,13.23,13.07,13.14,36500,5.734685
2003-02-27,12.98,13.08,12.96,13.08,19400,5.708499
2003-02-26,13.05,13.14,12.97,12.98,21100,5.664856
2003-02-25,12.94,13.06,12.94,13.00,28500,5.673585
2003-02-24,13.06,13.09,12.92,13.00,41300,5.673585
2003-02-21,12.95,13.04,12.91,13.04,53900,5.691042
2003-02-20,13.02,13.02,12.91,12.96,42100,5.656128
2003-02-19,13.05,13.15,12.97,13.00,32400,5.673585
2003-02-18,12.97,13.10,12.93,13.05,30200,5.695406
2003-02-14,12.96,13.04,12.92,13.00,30500,5.673585
2003-02-13,13.12,13.20,12.96,12.96,37400,5.656128
2003-02-12,13.17,13.23,13.10,13.13,12200,5.730321
2003-02-11,13.17,13.25,13.12,13.15,17000,5.707626
2003-02-10,13.24,13.30,13.09,13.17,25100,5.716307
2003-02-07,13.37,13.37,13.11,13.15,28800,5.707626
2003-02-06,13.25,13.38,13.18,13.18,35300,5.720647
2003-02-05,13.32,13.38,13.25,13.25,12800,5.75103
2003-02-04,13.28,13.37,13.15,13.33,33200,5.785753
2003-02-03,13.32,13.40,13.10,13.15,61200,5.707626
2003-01-31,13.20,13.31,13.11,13.20,25100,5.729328
2003-01-30,13.16,13.17,13.10,13.16,18200,5.711966
2003-01-29,13.14,13.14,13.06,13.09,14200,5.681584
2003-01-28,13.09,13.17,13.02,13.14,42200,5.703286
2003-01-27,13.08,13.17,13.03,13.09,44600,5.681584
2003-01-24,12.95,13.07,12.94,13.07,33000,5.672903
2003-01-23,13.09,13.09,12.95,12.95,45700,5.620818
2003-01-22,12.93,13.09,12.88,13.09,71100,5.681584
2003-01-21,13.05,13.09,12.92,12.92,43000,5.607797
2003-01-17,12.93,13.09,12.93,13.05,47900,5.664222
2003-01-16,13.05,13.08,12.93,12.93,44300,5.612137
2003-01-15,12.95,13.13,12.95,13.00,48700,5.64252
2003-01-14,13.04,13.05,12.96,13.05,36000,5.664222
2003-01-13,13.04,13.14,13.01,13.03,32400,5.655541
2003-01-10,13.21,13.29,13.14,13.14,20100,5.672035
2003-01-09,13.30,13.30,13.05,13.22,39500,5.706568
2003-01-08,13.21,13.32,13.19,13.31,34200,5.745418
2003-01-07,13.25,13.35,13.20,13.33,55600,5.754051
2003-01-06,13.50,13.51,13.35,13.36,14100,5.767
2003-01-03,13.35,13.51,13.35,13.50,24000,5.827433
2003-01-02,13.31,13.35,13.31,13.35,10200,5.762684
2002-12-31,13.29,13.31,13.16,13.31,64600,5.745418
2002-12-30,13.30,13.34,13.12,13.20,124000,5.697935
2002-12-27,13.01,13.30,13.00,13.12,74000,5.663402
2002-12-26,13.01,13.16,13.01,13.03,34100,5.624552
2002-12-24,13.13,13.18,13.00,13.00,32400,5.611602
2002-12-23,13.10,13.11,13.00,13.00,28800,5.611602
2002-12-20,13.05,13.10,12.99,13.10,20000,5.654769
2002-12-19,13.03,13.10,12.99,13.00,60700,5.611602
2002-12-18,13.08,13.11,12.99,13.10,61200,5.654769
2002-12-17,13.05,13.10,13.00,13.04,65000,5.628869
2002-12-16,13.02,13.06,13.01,13.02,41200,5.620236
2002-12-13,13.04,13.19,13.01,13.02,91100,5.620236
2002-12-12,13.07,13.22,13.05,13.20,51900,5.697935
2002-12-11,13.17,13.30,13.06,13.30,48300,5.741101
2002-12-10,13.23,13.33,13.20,13.21,82700,5.671172
2002-12-09,13.38,13.49,13.29,13.38,36700,5.744154
2002-12-06,13.50,13.53,13.24,13.37,41000,5.739861
2002-12-05,13.31,13.51,13.17,13.51,30500,5.799964
2002-12-04,13.41,13.43,13.24,13.27,36800,5.69693
2002-12-03,13.37,13.40,13.29,13.39,28200,5.748447
2002-12-02,13.34,13.35,13.20,13.33,46400,5.722689
2002-11-29,13.32,13.32,13.30,13.30,9000,5.70981
2002-11-27,13.25,13.30,13.25,13.30,21000,5.70981
2002-11-26,13.28,13.36,13.20,13.25,32600,5.688344
2002-11-25,13.32,13.34,13.15,13.20,34500,5.666878
2002-11-22,13.25,13.32,13.12,13.26,20400,5.692637
2002-11-21,13.22,13.32,13.12,13.25,58500,5.688344
2002-11-20,13.25,13.28,13.20,13.22,25800,5.675465
2002-11-19,13.19,13.39,13.19,13.25,55100,5.688344
2002-11-18,13.48,13.48,13.18,13.27,33300,5.69693
2002-11-15,13.38,13.38,13.24,13.35,59400,5.731275
2002-11-14,13.64,13.64,13.20,13.34,60200,5.726982
2002-11-13,13.60,13.62,13.46,13.59,20600,5.834309
2002-11-12,13.60,13.64,13.50,13.64,39900,5.824865
2002-11-11,13.64,13.65,13.52,13.65,80100,5.829135
2002-11-08,13.66,13.77,13.56,13.64,22200,5.824865
2002-11-07,13.65,13.77,13.53,13.68,37200,5.841946
2002-11-06,13.75,13.75,13.66,13.67,22300,5.837676
2002-11-05,13.75,13.77,13.67,13.75,10500,5.871839
2002-11-04,13.74,13.82,13.41,13.75,40300,5.871839
2002-11-01,13.75,13.75,13.61,13.70,14300,5.850487
2002-10-31,13.50,13.65,13.50,13.62,8100,5.816323
2002-10-30,13.44,13.53,13.44,13.51,9600,5.769349
2002-10-29,13.43,13.53,13.40,13.50,31600,5.765078
2002-10-28,13.35,13.45,13.30,13.37,21200,5.709563
2002-10-25,13.20,13.44,13.20,13.31,38300,5.68394
2002-10-24,13.30,13.43,13.20,13.42,15800,5.730915
2002-10-23,13.39,13.50,13.11,13.41,37200,5.726644
2002-10-22,13.45,13.45,13.31,13.38,33700,5.713833
2002-10-21,13.45,13.49,13.33,13.45,17000,5.743726
2002-10-18,13.45,13.53,13.41,13.45,10900,5.743726
2002-10-17,13.75,13.80,13.44,13.50,51600,5.765078
2002-10-16,13.81,13.85,13.77,13.77,22800,5.88038
2002-10-15,13.89,13.92,13.80,13.80,32000,5.893191
2002-10-14,13.90,13.93,13.82,13.89,25200,5.931625
2002-10-11,13.89,13.99,13.82,13.94,39300,5.952977
2002-10-10,14.00,14.10,13.95,14.00,61500,5.9786
2002-10-09,14.20,14.35,14.06,14.06,16700,5.973475
2002-10-08,14.29,14.35,14.07,14.29,27500,6.071192
2002-10-07,14.25,14.39,14.20,14.29,45700,6.071192
2002-10-04,14.42,14.42,14.25,14.25,23100,6.054198
2002-10-03,14.50,14.50,14.25,14.40,54900,6.117926
2002-10-02,14.24,14.25,14.09,14.25,30200,6.054198
2002-10-01,14.18,14.24,14.11,14.15,45700,6.011712
2002-09-30,14.02,14.20,13.93,14.04,39800,5.964978
2002-09-27,13.94,14.00,13.92,14.00,41300,5.947984
2002-09-26,13.98,14.05,13.93,13.93,42500,5.918244
2002-09-25,14.04,14.12,13.94,14.00,81200,5.947984
2002-09-24,14.11,14.18,14.01,14.04,61400,5.964978
2002-09-23,14.06,14.19,14.01,14.11,49200,5.994718
2002-09-20,14.10,14.12,14.01,14.08,21000,5.981972
2002-09-19,14.19,14.20,14.03,14.05,35300,5.969227
2002-09-18,14.13,14.24,14.02,14.16,30200,6.015961
2002-09-17,14.15,14.25,14.10,14.16,38400,6.015961
2002-09-16,14.22,14.24,14.15,14.20,48400,6.032955
2002-09-13,14.20,14.23,14.11,14.23,24900,6.0457
2002-09-12,14.15,14.19,14.01,14.18,21500,6.024458
2002-09-11,14.07,14.19,14.02,14.19,59300,6.028706
2002-09-10,14.15,14.15,14.01,14.09,47700,5.955631
2002-09-09,14.14,14.22,14.06,14.10,37400,5.959858
2002-09-06,14.10,14.15,13.97,14.13,21700,5.972539
2002-09-05,14.00,14.07,14.00,14.06,33500,5.942951
2002-09-04,13.99,14.05,13.97,14.00,31400,5.91759
2002-09-03,14.00,14.00,13.87,13.96,65200,5.900682
2002-08-30,13.99,14.00,13.92,14.00,8200,5.91759
2002-08-29,13.88,13.95,13.85,13.94,30000,5.892228
2002-08-28,13.88,13.93,13.70,13.93,35000,5.888002
2002-08-27,13.85,13.89,13.75,13.80,6200,5.833053
2002-08-26,13.85,13.85,13.75,13.75,5300,5.811918
2002-08-23,13.75,13.89,13.75,13.79,17300,5.828826
2002-08-22,13.77,13.78,13.65,13.75,57200,5.811918
2002-08-21,13.95,13.98,13.68,13.77,49000,5.820372
2002-08-20,14.00,14.05,13.88,13.92,20200,5.883775
2002-08-19,13.84,14.05,13.84,14.00,31700,5.91759
2002-08-16,13.95,13.95,13.84,13.91,18500,5.879548
2002-08-15,14.00,14.05,13.92,14.01,5700,5.921816
2002-08-14,14.05,14.05,14.00,14.00,11000,5.91759
2002-08-13,13.88,14.10,13.84,14.05,22900,5.938724
2002-08-12,13.95,14.05,13.88,14.05,26100,5.908291
2002-08-09,13.91,13.98,13.85,13.98,14300,5.878854
2002-08-08,14.00,14.06,13.82,13.90,36200,5.845213
2002-08-07,13.95,14.00,13.87,14.00,27600,5.887265
2002-08-06,13.85,13.99,13.85,13.94,47600,5.862033
2002-08-05,14.00,14.05,13.81,14.00,37400,5.887265
2002-08-02,13.92,14.00,13.81,14.00,31100,5.887265
2002-08-01,13.93,13.94,13.84,13.90,27800,5.845213
2002-07-31,13.87,13.95,13.80,13.90,33800,5.845213
2002-07-30,13.95,13.98,13.81,13.86,26700,5.828392
2002-07-29,13.91,13.98,13.71,13.97,27600,5.874649
2002-07-26,13.85,13.94,13.83,13.93,13800,5.857828
2002-07-25,13.62,13.90,13.62,13.90,44500,5.845213
2002-07-24,13.90,13.90,13.62,13.66,23700,5.744288
2002-07-23,13.90,13.95,13.67,13.83,39900,5.815776
2002-07-22,14.08,14.08,13.85,13.85,35500,5.824187
2002-07-19,14.10,14.12,14.05,14.05,18500,5.908291
2002-07-18,14.08,14.12,13.91,14.12,18300,5.937727
2002-07-17,14.09,14.15,14.00,14.15,35000,5.950342
2002-07-16,14.09,14.09,13.90,14.09,43200,5.925111
2002-07-15,14.02,14.10,13.95,14.09,22300,5.925111
2002-07-12,14.05,14.15,13.89,13.90,45000,5.845213
2002-07-11,13.95,14.10,13.82,14.10,53700,5.929317
2002-07-10,13.98,14.10,13.98,14.07,30100,5.886423
2002-07-09,13.98,14.00,13.95,14.00,36700,5.857138
2002-07-08,13.94,13.98,13.90,13.98,35700,5.84877
2002-07-05,13.85,13.95,13.85,13.95,3900,5.836219
2002-07-03,13.87,13.91,13.75,13.80,34400,5.773464
2002-07-02,13.76,13.85,13.72,13.75,20000,5.752546
2002-07-01,13.72,13.80,13.55,13.62,48800,5.698158
2002-06-28,13.55,13.70,13.50,13.58,36400,5.681423
2002-06-27,13.60,13.60,13.50,13.53,17900,5.660505
2002-06-26,13.58,13.65,13.56,13.64,27100,5.706526
2002-06-25,13.41,13.60,13.41,13.50,18600,5.647954
2002-06-24,13.65,13.72,13.35,13.41,83700,5.610301
2002-06-21,13.53,13.70,13.50,13.65,50000,5.710709
2002-06-20,13.53,13.68,13.50,13.68,32000,5.72326
2002-06-19,13.55,13.55,13.41,13.50,25100,5.647954
2002-06-18,13.54,13.63,13.38,13.55,54000,5.668873
2002-06-17,13.51,13.58,13.38,13.50,26400,5.647954
2002-06-14,13.70,13.70,13.49,13.51,36800,5.652138
2002-06-13,13.56,13.68,13.50,13.68,20600,5.72326
2002-06-12,13.76,13.76,13.55,13.66,15200,5.714893
2002-06-11,13.72,13.85,13.69,13.79,25600,5.739158
2002-06-10,13.77,13.81,13.58,13.81,28300,5.747482
2002-06-07,13.77,13.80,13.66,13.66,11000,5.685054
2002-06-06,13.73,13.77,13.58,13.77,26900,5.730835
2002-06-05,13.70,13.78,13.67,13.78,24900,5.734996
2002-06-04,13.59,13.70,13.56,13.70,26200,5.701702
2002-06-03,13.81,13.81,13.41,13.54,57300,5.635112
2002-05-31,13.77,13.81,13.62,13.76,21600,5.726673
2002-05-30,13.60,13.79,13.60,13.75,39300,5.722511
2002-05-29,13.73,13.77,13.55,13.60,44200,5.660084
2002-05-28,13.65,13.76,13.58,13.73,32900,5.714187
2002-05-24,13.59,13.71,13.51,13.60,32100,5.660084
2002-05-23,13.88,13.88,13.40,13.57,91500,5.647598
2002-05-22,13.98,13.98,13.68,13.81,34200,5.747482
2002-05-21,13.87,13.99,13.84,13.99,19500,5.822395
2002-05-20,13.94,13.94,13.67,13.84,19000,5.759967
2002-05-17,13.85,13.92,13.79,13.84,16500,5.759967
2002-05-16,13.77,14.00,13.60,13.85,40200,5.764129
2002-05-15,13.77,13.77,13.47,13.74,35000,5.718349
2002-05-14,13.68,13.75,13.48,13.75,44000,5.722511
2002-05-13,13.59,13.75,13.48,13.59,41900,5.655922
2002-05-10,13.59,13.78,13.52,13.75,28800,5.69213
2002-05-09,13.70,13.79,13.55,13.70,28100,5.671431
2002-05-08,13.70,13.70,13.48,13.70,39000,5.671431
2002-05-07,13.54,13.70,13.47,13.70,27100,5.671431
2002-05-06,13.80,13.80,13.55,13.55,60500,5.609335
2002-05-03,13.93,13.99,13.74,13.75,22000,5.69213
2002-05-02,13.91,13.91,13.72,13.90,18100,5.754225
2002-05-01,13.89,13.91,13.80,13.82,20100,5.721108
2002-04-30,13.81,13.85,13.60,13.83,34400,5.725247
2002-04-29,13.58,13.74,13.55,13.74,23300,5.68799
2002-04-26,13.69,13.74,13.57,13.60,21700,5.630034
2002-04-25,13.69,13.77,13.57,13.57,24300,5.617614
2002-04-24,13.73,13.75,13.55,13.69,31100,5.667291
2002-04-23,13.55,13.75,13.51,13.75,29000,5.69213
2002-04-22,13.86,13.86,13.43,13.61,45600,5.634173
2002-04-19,13.53,13.82,13.49,13.82,16700,5.721108
2002-04-18,13.50,13.64,13.47,13.60,14800,5.630034
2002-04-17,13.50,13.56,13.45,13.45,30900,5.567938
2002-04-16,13.39,13.60,13.39,13.60,8100,5.630034
2002-04-15,13.45,13.60,13.36,13.36,43700,5.53068
2002-04-12,13.45,13.60,13.45,13.50,17500,5.588636
2002-04-11,13.48,13.52,13.36,13.50,15600,5.588636
2002-04-10,13.43,13.50,13.35,13.50,26500,5.55883
2002-04-09,13.53,13.53,13.30,13.30,31400,5.476477
2002-04-08,13.65,13.70,13.54,13.54,17700,5.575301
2002-04-05,13.46,13.68,13.39,13.65,23200,5.620595
2002-04-04,13.63,13.66,13.50,13.65,10900,5.620595
2002-04-03,13.60,13.60,13.42,13.50,9700,5.55883
2002-04-02,13.50,13.62,13.38,13.62,12400,5.608242
2002-04-01,13.53,13.56,13.45,13.50,61100,5.55883
2002-03-28,13.54,13.54,13.30,13.49,33200,5.554713
2002-03-27,13.25,13.42,13.25,13.42,12100,5.525889
2002-03-26,12.96,13.28,12.95,13.28,38200,5.468242
2002-03-25,13.00,13.27,12.91,13.05,48200,5.373536
2002-03-22,13.25,13.37,13.01,13.10,39200,5.394125
2002-03-21,13.35,13.51,13.20,13.26,32000,5.460007
2002-03-20,13.57,13.57,13.20,13.46,41200,5.54236
2002-03-19,13.60,13.69,13.51,13.51,21800,5.562948
2002-03-18,13.87,13.98,13.54,13.54,69000,5.575301
2002-03-15,13.85,13.90,13.67,13.85,27100,5.702948
2002-03-14,13.92,14.09,13.86,13.86,33400,5.707066
2002-03-13,13.96,14.05,13.86,13.96,28000,5.748242
2002-03-12,14.05,14.05,13.86,14.04,23800,5.751537
2002-03-11,13.90,14.18,13.85,13.94,61300,5.710571
2002-03-08,13.93,14.10,13.86,13.95,42000,5.714668
2002-03-07,14.03,14.07,13.88,13.95,46100,5.714668
2002-03-06,14.05,14.05,13.91,14.04,23100,5.751537
2002-03-05,14.16,14.16,13.92,14.02,19200,5.743344
2002-03-04,14.01,14.17,13.92,14.14,21900,5.792502
2002-03-01,13.85,13.95,13.77,13.95,44700,5.714668
2002-02-28,13.99,13.99,13.83,13.84,60800,5.669606
2002-02-27,13.90,13.99,13.83,13.90,82400,5.694185
2002-02-26,13.98,14.05,13.87,13.90,86600,5.694185
2002-02-25,14.24,14.31,13.97,13.98,37600,5.726957
2002-02-22,14.20,14.24,14.12,14.15,10600,5.796598
2002-02-21,14.15,14.22,14.10,14.20,38200,5.817081
2002-02-20,14.20,14.20,14.14,14.19,10200,5.812984
2002-02-19,14.00,14.22,14.00,14.15,41200,5.796598
2002-02-15,14.16,14.20,13.97,13.97,20400,5.722861
2002-02-14,14.13,14.16,13.98,14.06,34700,5.75973
2002-02-13,14.19,14.22,14.02,14.16,16400,5.800695
2002-02-12,14.48,14.48,14.21,14.25,19200,5.808069
2002-02-11,14.48,14.50,14.40,14.40,16600,5.869206
2002-02-08,14.34,14.50,14.25,14.40,19600,5.869206
2002-02-07,14.31,14.36,14.06,14.23,31900,5.799917
2002-02-06,14.25,14.31,14.18,14.31,26900,5.832524
2002-02-05,14.12,14.23,14.10,14.23,10100,5.799917
2002-02-04,14.22,14.27,14.10,14.10,27100,5.746931
2002-02-01,14.23,14.29,14.07,14.15,24700,5.76731
2002-01-31,14.19,14.20,14.10,14.17,24200,5.775462
2002-01-30,14.15,14.18,14.07,14.13,19400,5.759159
2002-01-29,14.04,14.15,14.04,14.07,17400,5.734704
2002-01-28,14.09,14.15,14.01,14.15,30000,5.76731
2002-01-25,14.18,14.18,13.95,14.07,30000,5.734704
2002-01-24,14.25,14.25,14.09,14.09,51000,5.742855
2002-01-23,14.17,14.34,14.10,14.21,29800,5.791765
2002-01-22,14.10,14.20,14.09,14.20,27100,5.78769
2002-01-18,14.13,14.20,14.07,14.16,13600,5.771386
2002-01-17,14.01,14.22,14.01,14.19,33900,5.783614
2002-01-16,14.28,14.28,14.05,14.06,33100,5.730628
2002-01-15,14.09,14.28,14.05,14.28,29600,5.820296
2002-01-14,14.16,14.20,14.08,14.17,48000,5.775462
2002-01-11,14.04,14.18,14.03,14.06,31200,5.730628
2002-01-10,14.03,14.17,14.03,14.17,24300,5.746116
2002-01-09,13.99,14.17,13.95,14.16,63000,5.742061
2002-01-08,13.90,13.99,13.88,13.93,24800,5.648793
2002-01-07,13.84,13.95,13.77,13.95,35700,5.656903
2002-01-04,13.79,13.88,13.71,13.87,42500,5.624462
2002-01-03,13.48,13.81,13.48,13.80,78100,5.596076
2002-01-02,13.29,13.47,13.07,13.47,46100,5.462257
2001-12-31,13.36,13.38,13.06,13.23,137700,5.364934
2001-12-28,13.50,13.62,13.05,13.14,141900,5.328438
2001-12-27,13.37,13.42,13.15,13.42,89500,5.441982
2001-12-26,13.67,13.67,13.15,13.27,87100,5.381155
2001-12-24,13.82,13.82,13.52,13.65,13600,5.535249
2001-12-21,13.60,13.82,13.50,13.78,59400,5.587966
2001-12-20,13.75,13.90,13.51,13.55,92100,5.494698
2001-12-19,14.20,14.20,13.75,13.80,82600,5.596076
2001-12-18,14.10,14.35,14.00,14.24,57700,5.774502
2001-12-17,14.33,14.41,14.07,14.07,56600,5.705565
2001-12-14,14.35,14.49,14.28,14.33,24600,5.810998
2001-12-13,14.20,14.31,14.07,14.31,58700,5.802888
2001-12-12,14.21,14.31,14.06,14.31,21900,5.802888
2001-12-11,14.24,14.31,14.20,14.31,46300,5.773691
2001-12-10,14.39,14.41,14.24,14.30,43200,5.769656
2001-12-07,14.45,14.49,14.35,14.42,11200,5.818073
2001-12-06,14.57,14.57,14.45,14.45,3300,5.830177
2001-12-05,14.71,14.75,14.51,14.51,18900,5.854385
2001-12-04,14.52,14.74,14.52,14.61,17400,5.894732
2001-12-03,14.54,14.68,14.39,14.49,19500,5.846316
2001-11-30,14.38,14.50,14.38,14.50,25400,5.850351
2001-11-29,14.40,14.49,14.25,14.27,25800,5.757552
2001-11-28,14.17,14.40,14.17,14.40,14500,5.810003
2001-11-27,14.10,14.50,14.10,14.11,61500,5.692996
2001-11-26,14.36,14.36,14.02,14.05,62200,5.668788
2001-11-23,14.33,14.33,14.29,14.29,5000,5.765621
2001-11-21,14.50,14.62,14.22,14.29,34000,5.765621
2001-11-20,14.74,14.80,14.49,14.60,24300,5.890698
2001-11-19,14.90,14.90,14.77,14.77,9200,5.959288
2001-11-16,14.87,14.98,14.81,14.84,28600,5.987531
2001-11-15,14.92,15.00,14.73,15.00,18800,6.052087
2001-11-14,15.00,15.00,14.88,14.99,17200,6.019002
2001-11-13,14.98,15.02,14.92,14.99,18700,6.019002
2001-11-12,14.95,14.96,14.83,14.96,3900,6.006956
2001-11-09,14.85,14.95,14.75,14.95,17000,6.002941
2001-11-08,14.89,15.00,14.76,15.00,39600,6.023017
2001-11-07,14.73,14.85,14.70,14.71,11900,5.906572
2001-11-06,14.75,14.79,14.56,14.75,27600,5.922634
2001-11-05,14.89,14.89,14.70,14.80,16600,5.942711
2001-11-02,14.82,14.93,14.71,14.83,16800,5.954757
2001-11-01,14.89,14.95,14.85,14.85,14100,5.962787
2001-10-31,14.85,14.87,14.66,14.86,17100,5.966802
2001-10-30,14.82,14.84,14.69,14.84,12600,5.958772
2001-10-29,14.95,15.00,14.79,14.85,23000,5.962787
2001-10-26,15.00,15.01,15.00,15.01,18700,6.027033
2001-10-25,15.00,15.00,15.00,15.00,24000,6.023017
2001-10-24,15.00,15.01,15.00,15.01,11100,6.027033
2001-10-23,15.02,15.02,15.00,15.00,95200,6.023017
2001-10-22,15.00,15.02,15.00,15.00,44700,6.023017
2001-10-19,15.00,15.01,15.00,15.01,5800,6.027033
2001-10-18,15.02,15.02,15.00,15.01,30400,6.027033
2001-10-17,15.01,15.02,15.00,15.02,28400,6.031048
2001-10-16,15.00,15.02,15.00,15.01,3100,6.027033
2001-10-15,15.00,15.00,15.00,15.00,9100,6.023017
2001-10-12,15.00,15.02,15.00,15.02,57700,6.031048
2001-10-11,15.03,15.03,15.00,15.03,76600,6.035063
2001-10-10,15.03,15.03,15.00,15.02,12200,6.031048
2001-10-09,15.05,15.05,15.00,15.00,7200,6.023017
2001-10-08,15.05,15.05,15.00,15.05,19200,6.043094
2001-10-05,15.00,15.03,15.00,15.03,20900,6.035063
2001-10-04,15.00,15.10,15.00,15.00,40500,6.023017
2001-10-03,15.00,15.09,15.00,15.06,39100,6.04711
