Date,Open,High,Low,Close,Volume,Adj Close
2016-03-11,10.41,10.51,10.36,10.51,276200,10.51
2016-03-10,10.41,10.49,10.16,10.31,140900,10.31
2016-03-09,10.40,10.55,10.30,10.36,186100,10.36
2016-03-08,10.41,10.50,10.35,10.36,211400,10.36
2016-03-07,10.33,10.57,10.31,10.51,240700,10.51
2016-03-04,10.27,10.41,10.18,10.41,267000,10.41
2016-03-03,10.17,10.32,10.13,10.23,208500,10.23
2016-03-02,10.02,10.21,9.90,10.21,302600,10.21
2016-03-01,9.92,10.18,9.85,10.05,260400,10.05
2016-02-29,10.04,10.11,9.82,9.84,343000,9.84
2016-02-26,10.08,10.18,10.01,10.08,411600,10.08
2016-02-25,9.80,10.02,9.75,9.99,255700,9.99
2016-02-24,9.57,9.83,9.40,9.82,347900,9.82
2016-02-23,9.81,9.84,9.57,9.70,317400,9.70
2016-02-22,9.80,9.92,9.68,9.83,532300,9.83
2016-02-19,9.63,9.90,9.60,9.70,217200,9.70
2016-02-18,9.90,9.90,9.57,9.65,302900,9.65
2016-02-17,10.09,10.12,9.81,9.87,435300,9.87
2016-02-16,9.94,10.06,9.78,10.02,491800,10.02
2016-02-12,9.75,9.88,9.68,9.80,706700,9.80
2016-02-11,9.80,9.88,9.48,9.56,694600,9.56
2016-02-10,10.13,10.35,9.97,9.98,356100,9.98
2016-02-09,9.92,10.16,9.86,10.07,242600,10.07
2016-02-08,9.97,10.12,9.81,10.07,368300,10.07
2016-02-05,10.27,10.42,10.08,10.09,375600,10.09
2016-02-04,10.27,10.47,10.19,10.31,354200,10.31
2016-02-03,10.40,10.46,10.02,10.29,236400,10.29
2016-02-02,10.46,10.46,10.17,10.30,419200,10.30
2016-02-01,10.52,10.66,10.37,10.59,374600,10.59
2016-01-29,10.41,10.59,10.32,10.59,569600,10.59
2016-01-28,10.35,10.54,10.16,10.40,673900,10.40
2016-01-27,10.01,10.23,9.83,9.98,476300,9.98
2016-01-26,9.91,10.20,9.84,10.06,434300,10.06
2016-01-25,10.10,10.18,9.78,9.79,416000,9.79
2016-01-22,10.04,10.17,9.92,10.14,445000,10.14
2016-01-21,10.18,10.28,9.92,9.96,487400,9.96
2016-01-20,10.08,10.30,9.83,10.18,822100,10.18
2016-01-19,10.44,10.68,10.14,10.29,889000,10.29
2016-01-15,10.29,10.52,10.24,10.52,906300,10.52
2016-01-14,10.47,10.72,10.33,10.49,777100,10.49
2016-01-13,10.76,10.77,10.33,10.39,413200,10.39
2016-01-12,10.85,10.85,10.53,10.69,754700,10.69
2016-01-11,10.64,10.88,10.64,10.73,486800,10.73
2016-01-08,11.02,11.04,10.62,10.64,755600,10.64
2016-01-07,11.10,11.21,10.95,10.95,558000,10.95
2016-01-06,11.10,11.43,11.09,11.35,487400,11.35
2016-01-05,11.26,11.43,11.13,11.33,487600,11.33
2016-01-04,11.32,11.45,11.16,11.26,705000,11.26
2015-12-31,11.87,11.93,11.55,11.55,892400,11.55
2015-12-30,12.14,12.18,11.88,11.90,466000,11.90
2015-12-29,12.32,12.47,12.10,12.12,772200,12.12
2015-12-28,12.19,12.40,12.11,12.30,658600,12.24
2015-12-24,12.16,12.41,12.16,12.28,303200,12.220097
2015-12-23,11.95,12.28,11.85,12.25,837700,12.190244
2015-12-22,11.95,11.95,11.54,11.90,587100,11.841951
2015-12-21,11.67,12.30,11.52,11.88,992200,11.822049
2015-12-18,11.74,11.74,10.98,11.22,7372000,11.165269
2015-12-17,11.50,11.75,11.43,11.68,1000500,11.623025
2015-12-16,11.47,11.47,11.03,11.45,881100,11.394146
2015-12-15,11.31,11.56,11.11,11.38,1005700,11.324488
2015-12-14,11.15,11.37,10.87,11.20,1664800,11.145366
2015-12-11,11.81,12.13,11.07,11.22,1739000,11.165269
2015-12-10,11.80,12.42,11.70,12.07,952200,12.011122
2015-12-09,12.39,12.49,11.77,11.83,1120400,11.772293
2015-12-08,12.42,12.59,12.23,12.36,1435200,12.299707
2015-12-07,11.92,12.63,11.77,12.34,2536700,12.279805
2015-12-04,11.75,11.88,11.56,11.77,521300,11.712586
2015-12-03,12.08,12.14,11.60,11.68,704900,11.623025
2015-12-02,12.40,12.50,12.01,12.01,712200,11.951415
2015-12-01,12.41,12.43,12.07,12.40,558200,12.339512
2015-11-30,12.28,12.42,12.20,12.34,399700,12.279805
2015-11-27,12.21,12.28,12.09,12.23,172700,12.170341
2015-11-25,12.11,12.25,11.90,12.21,368900,12.150439
2015-11-24,11.64,12.15,11.61,12.09,982600,12.031025
2015-11-23,11.44,11.68,11.43,11.64,321500,11.58322
2015-11-20,11.30,11.53,11.26,11.47,297500,11.414049
2015-11-19,11.22,11.33,11.17,11.28,203200,11.224975
2015-11-18,11.18,11.29,11.03,11.29,385700,11.234927
2015-11-17,11.12,11.35,11.03,11.13,319800,11.075707
2015-11-16,10.93,11.06,10.82,11.06,245300,11.006049
2015-11-13,11.06,11.14,10.91,10.92,411900,10.866732
2015-11-12,11.30,11.35,11.07,11.15,341400,11.095609
2015-11-11,11.40,11.53,11.29,11.31,323500,11.25483
2015-11-10,11.41,11.53,11.26,11.34,364000,11.284683
2015-11-09,11.62,11.69,11.32,11.40,458800,11.34439
2015-11-06,11.35,11.90,11.35,11.59,813400,11.533464
2015-11-05,11.09,11.39,11.09,11.27,410700,11.215025
2015-11-04,11.10,11.17,11.01,11.07,350300,11.016
2015-11-03,10.85,11.10,10.77,11.07,458500,11.016
2015-11-02,10.65,10.88,10.58,10.84,514500,10.787122
2015-10-30,11.07,11.08,10.64,10.69,466600,10.637853
2015-10-29,11.18,11.41,11.08,11.09,392500,11.035903
2015-10-28,10.61,11.22,10.61,11.18,747400,11.125464
2015-10-27,10.66,10.80,10.63,10.63,588400,10.578147
2015-10-26,10.76,11.02,10.66,10.75,414900,10.697561
2015-10-23,10.61,10.82,10.59,10.78,609700,10.727414
2015-10-22,10.38,10.72,10.32,10.51,629200,10.458732
2015-10-21,10.50,10.56,10.29,10.29,682100,10.239805
2015-10-20,10.95,10.99,10.48,10.56,851800,10.508488
2015-10-19,11.03,11.26,10.89,11.11,308000,11.055805
2015-10-16,11.01,11.06,10.86,11.05,227500,10.996098
2015-10-15,10.79,11.02,10.68,11.02,339300,10.966244
2015-10-14,11.06,11.07,10.67,10.70,412800,10.647805
2015-10-13,11.14,11.25,11.02,11.07,237200,11.016
2015-10-12,11.17,11.27,11.05,11.17,327300,11.115512
2015-10-09,11.32,11.38,11.06,11.16,378600,11.105561
2015-10-08,11.00,11.29,10.96,11.29,412300,11.234927
2015-10-07,10.89,11.05,10.80,11.05,377000,10.996098
2015-10-06,10.83,10.96,10.74,10.82,363800,10.767219
2015-10-05,10.58,10.87,10.52,10.81,352100,10.757269
2015-10-02,10.52,10.57,10.07,10.50,779900,10.448781
2015-10-01,10.47,10.68,10.36,10.66,484400,10.608
2015-09-30,10.52,10.60,10.37,10.51,518700,10.458732
2015-09-29,10.61,10.62,10.31,10.41,423500,10.359219
2015-09-28,10.72,10.79,10.56,10.59,375200,10.538342
2015-09-25,10.96,11.06,10.85,10.90,495700,10.787122
2015-09-24,10.49,10.87,10.47,10.82,466700,10.70795
2015-09-23,10.51,10.67,10.44,10.56,253000,10.450643
2015-09-22,10.48,10.66,10.42,10.48,274700,10.371471
2015-09-21,10.34,10.75,10.24,10.62,623900,10.510022
2015-09-18,10.55,10.56,10.10,10.26,3009100,10.15375
2015-09-17,10.91,11.13,10.60,10.68,479100,10.569401
2015-09-16,11.00,11.00,10.83,10.91,388300,10.797018
2015-09-15,10.98,11.08,10.91,11.00,329000,10.886087
2015-09-14,10.92,11.07,10.85,10.96,285700,10.846501
2015-09-11,10.78,10.96,10.72,10.93,287900,10.816812
2015-09-10,10.67,10.97,10.66,10.84,458500,10.727744
2015-09-09,10.75,10.84,10.62,10.67,307000,10.559504
2015-09-08,10.53,10.72,10.49,10.67,315100,10.559504
2015-09-04,10.30,10.45,10.26,10.39,223700,10.282404
2015-09-03,10.36,10.52,10.31,10.41,316800,10.302196
2015-09-02,10.37,10.44,10.19,10.38,279700,10.272507
2015-09-01,10.51,10.66,10.16,10.19,494200,10.084474
2015-08-31,10.41,10.75,10.38,10.68,461800,10.569401
2015-08-28,10.38,10.55,10.35,10.46,378900,10.351679
2015-08-27,10.40,10.50,10.25,10.44,587300,10.331885
2015-08-26,10.16,10.30,9.97,10.30,583500,10.193336
2015-08-25,10.32,10.49,9.90,9.94,872300,9.837063
2015-08-24,10.53,10.66,10.00,10.09,914100,9.98551
2015-08-21,10.57,10.86,10.53,10.71,560900,10.59909
2015-08-20,10.97,10.98,10.75,10.76,346100,10.648572
2015-08-19,11.18,11.26,11.01,11.04,313800,10.925672
2015-08-18,11.37,11.39,11.16,11.19,314700,11.074119
2015-08-17,11.28,11.39,11.15,11.36,302800,11.242358
2015-08-14,11.16,11.35,11.15,11.35,175200,11.232462
2015-08-13,11.16,11.31,11.08,11.18,177500,11.064223
2015-08-12,11.26,11.32,10.90,11.17,527100,11.054326
2015-08-11,11.51,11.54,11.24,11.32,419400,11.202772
2015-08-10,11.42,11.56,11.37,11.56,506300,11.440288
2015-08-07,11.50,11.59,11.27,11.38,387900,11.262151
2015-08-06,11.64,11.71,11.44,11.54,376000,11.420494
2015-08-05,11.59,11.79,11.50,11.58,332800,11.46008
2015-08-04,11.54,11.70,11.54,11.59,254500,11.469977
2015-08-03,11.55,11.66,11.39,11.56,434500,11.440288
2015-07-31,11.57,11.71,11.47,11.62,464800,11.499666
2015-07-30,11.51,11.61,11.47,11.57,422100,11.450183
2015-07-29,11.70,11.71,11.44,11.53,593300,11.410598
2015-07-28,11.84,11.87,11.64,11.68,552500,11.559045
2015-07-27,11.88,11.88,11.67,11.79,677800,11.667905
2015-07-24,12.18,12.18,11.90,11.92,461900,11.796559
2015-07-23,12.49,12.53,12.03,12.11,902800,11.984591
2015-07-22,12.00,12.55,11.95,12.50,1112900,12.370553
2015-07-21,12.40,12.46,11.86,12.09,1186500,11.964799
2015-07-20,12.63,12.75,12.62,12.73,309400,12.598171
2015-07-17,12.76,12.76,12.45,12.63,295200,12.499207
2015-07-16,12.90,13.02,12.69,12.73,455800,12.598171
2015-07-15,12.69,12.86,12.59,12.76,386300,12.627861
2015-07-14,12.73,12.73,12.61,12.65,312700,12.518999
2015-07-13,12.50,12.76,12.48,12.74,580700,12.608067
2015-07-10,12.41,12.64,12.24,12.41,899100,12.281485
2015-07-09,12.23,12.43,12.22,12.42,428000,12.291381
2015-07-08,11.99,12.17,11.84,12.10,704800,11.974696
2015-07-07,12.38,12.39,12.08,12.23,409900,12.103348
2015-07-06,12.29,12.45,12.18,12.42,416800,12.291381
2015-07-02,12.49,12.54,12.16,12.40,647500,12.271588
2015-07-01,12.81,12.83,12.64,12.74,421500,12.608067
2015-06-30,12.77,12.83,12.58,12.63,594100,12.499207
2015-06-29,12.91,12.91,12.58,12.62,616200,12.48931
2015-06-26,12.90,12.97,12.78,12.95,929200,12.815893
2015-06-25,12.77,12.92,12.64,12.89,520100,12.697135
2015-06-24,12.67,12.73,12.55,12.68,382400,12.490277
2015-06-23,12.50,12.69,12.50,12.69,374700,12.500127
2015-06-22,12.28,12.47,12.16,12.46,407600,12.273569
2015-06-19,12.18,12.30,12.06,12.20,755400,12.017459
2015-06-18,12.10,12.21,11.95,12.17,319400,11.987908
2015-06-17,12.35,12.39,12.01,12.04,325900,11.859853
2015-06-16,12.06,12.35,12.00,12.30,520900,12.115963
2015-06-15,12.17,12.24,12.01,12.06,388200,11.879554
2015-06-12,12.14,12.21,12.03,12.21,406100,12.027309
2015-06-11,12.19,12.20,11.97,12.11,374700,11.928805
2015-06-10,12.00,12.23,11.91,12.13,437400,11.948507
2015-06-09,11.81,11.96,11.70,11.91,290800,11.731798
2015-06-08,11.69,11.80,11.60,11.78,506900,11.603743
2015-06-05,11.47,11.68,11.43,11.66,405400,11.485539
2015-06-04,11.42,11.48,11.34,11.42,404000,11.24913
2015-06-03,11.30,11.50,11.11,11.48,367500,11.308231
2015-06-02,11.06,11.30,11.04,11.25,558300,11.081673
2015-06-01,11.08,11.18,10.93,11.07,282800,10.904366
2015-05-29,11.15,11.15,10.95,11.04,403200,10.874815
2015-05-28,11.09,11.15,10.96,11.10,209500,10.933918
2015-05-27,11.04,11.11,10.93,11.11,264800,10.943768
2015-05-26,11.01,11.14,10.87,11.01,315200,10.845264
2015-05-22,11.07,11.14,11.03,11.07,419200,10.904366
2015-05-21,11.10,11.20,11.01,11.10,384300,10.933918
2015-05-20,11.10,11.16,10.90,11.13,348600,10.963469
2015-05-19,11.00,11.10,10.88,11.09,432000,10.924067
2015-05-18,10.82,11.04,10.68,11.00,422500,10.835414
2015-05-15,10.94,10.98,10.72,10.85,421800,10.687659
2015-05-14,10.94,11.00,10.87,10.92,248100,10.756611
2015-05-13,10.77,10.90,10.70,10.88,260300,10.717209
2015-05-12,10.81,10.88,10.65,10.78,354400,10.618705
2015-05-11,10.71,10.89,10.68,10.87,378900,10.707359
2015-05-08,10.75,10.75,10.57,10.70,368300,10.539902
2015-05-07,10.66,10.72,10.56,10.63,497500,10.47095
2015-05-06,10.60,10.65,10.45,10.65,635400,10.49065
2015-05-05,10.45,10.55,10.31,10.55,542500,10.392147
2015-05-04,10.50,10.50,10.41,10.44,616400,10.283792
2015-05-01,10.57,10.60,10.42,10.51,636100,10.352746
2015-04-30,10.50,10.57,10.38,10.55,832700,10.392147
2015-04-29,10.46,10.57,10.39,10.50,719400,10.342895
2015-04-28,10.36,10.51,10.28,10.50,598600,10.342895
2015-04-27,10.48,10.50,10.23,10.34,536900,10.185289
2015-04-24,10.42,10.44,10.33,10.42,313700,10.264092
2015-04-23,10.39,10.41,10.26,10.38,419200,10.224691
2015-04-22,10.20,10.46,10.15,10.40,589200,10.244391
2015-04-21,10.29,10.43,10.13,10.41,691700,10.254242
2015-04-20,10.03,10.28,10.01,10.13,267400,9.978431
2015-04-17,10.20,10.20,9.99,9.99,237900,9.840526
2015-04-16,10.23,10.29,10.09,10.25,186800,10.096636
2015-04-15,10.16,10.27,10.02,10.27,312300,10.116337
2015-04-14,10.18,10.18,9.96,10.12,262600,9.968581
2015-04-13,10.09,10.20,9.96,10.19,254200,10.037533
2015-04-10,9.98,10.11,9.98,10.06,232200,9.909479
2015-04-09,10.15,10.15,9.93,10.05,263800,9.899628
2015-04-08,10.09,10.15,10.07,10.14,344700,9.988282
2015-04-07,10.02,10.13,9.97,10.06,245200,9.909479
2015-04-06,9.96,10.03,9.81,10.01,241400,9.860227
2015-04-02,9.97,10.08,9.89,10.03,265000,9.879927
2015-04-01,9.94,9.98,9.83,9.95,202600,9.801124
2015-03-31,9.93,10.00,9.90,9.97,274000,9.820825
2015-03-30,9.90,10.11,9.87,10.00,393500,9.850376
2015-03-27,9.86,9.86,9.72,9.85,209500,9.702621
2015-03-26,9.88,9.93,9.70,9.90,217200,9.702621
2015-03-25,10.01,10.13,9.85,9.90,364000,9.702621
2015-03-24,10.06,10.06,9.94,9.99,250700,9.790826
2015-03-23,10.18,10.25,10.01,10.02,215000,9.820229
2015-03-20,10.09,10.22,10.01,10.17,427100,9.967238
2015-03-19,10.08,10.10,9.91,10.05,251000,9.849631
2015-03-18,10.14,10.25,9.95,10.10,567400,9.898634
2015-03-17,9.99,10.14,9.86,10.13,304900,9.928035
2015-03-16,10.15,10.15,10.00,10.05,351900,9.849631
2015-03-13,10.13,10.15,9.88,10.12,388600,9.918235
2015-03-12,9.94,10.11,9.85,10.11,519500,9.908434
2015-03-11,9.80,9.89,9.68,9.85,366900,9.653618
2015-03-10,9.91,9.96,9.73,9.76,266400,9.565412
2015-03-09,9.91,10.03,9.84,9.98,480700,9.781026
2015-03-06,9.68,9.94,9.68,9.88,382000,9.68302
2015-03-05,9.71,9.73,9.48,9.71,247900,9.516409
2015-03-04,9.64,9.67,9.59,9.66,207100,9.467406
2015-03-03,9.75,9.76,9.63,9.66,209800,9.467406
2015-03-02,9.50,9.77,9.50,9.75,200500,9.555612
2015-02-27,9.50,9.61,9.47,9.51,230100,9.320397
2015-02-26,9.55,9.62,9.50,9.54,384200,9.349798
2015-02-25,9.65,9.69,9.54,9.57,246200,9.3792
2015-02-24,9.68,9.83,9.62,9.65,353700,9.457605
2015-02-23,9.72,9.79,9.62,9.66,154800,9.467406
2015-02-20,9.83,9.84,9.56,9.78,217400,9.585013
2015-02-19,9.80,9.98,9.76,9.80,186500,9.604615
2015-02-18,9.94,10.00,9.79,9.84,279500,9.643817
2015-02-17,9.82,10.00,9.72,10.00,268800,9.800627
2015-02-13,9.79,9.85,9.69,9.82,236100,9.624216
2015-02-12,9.63,9.80,9.57,9.76,361300,9.565412
2015-02-11,9.54,9.64,9.44,9.57,341800,9.3792
2015-02-10,9.69,9.70,9.47,9.56,295600,9.3694
2015-02-09,9.85,9.86,9.59,9.60,239300,9.408603
2015-02-06,9.71,9.97,9.71,9.87,549500,9.673219
2015-02-05,9.51,9.69,9.51,9.66,306200,9.467406
2015-02-04,9.56,9.67,9.46,9.46,329400,9.271393
2015-02-03,9.42,9.71,9.23,9.64,392900,9.447805
2015-02-02,9.15,9.45,9.08,9.44,300900,9.251792
2015-01-30,9.20,9.34,9.09,9.10,370900,8.918571
2015-01-29,9.12,9.28,9.02,9.28,433200,9.094982
2015-01-28,9.41,9.50,9.08,9.13,522400,8.947973
2015-01-27,9.39,9.60,9.28,9.39,294900,9.202789
2015-01-26,9.33,9.58,9.23,9.45,289100,9.261593
2015-01-23,9.36,9.39,9.19,9.36,373400,9.173387
2015-01-22,9.13,9.37,9.08,9.35,526900,9.163587
2015-01-21,9.20,9.25,9.05,9.06,261500,8.879369
2015-01-20,9.43,9.44,9.14,9.20,332600,9.016577
2015-01-16,9.17,9.38,9.15,9.38,457500,9.192988
2015-01-15,9.20,9.26,9.06,9.17,361400,8.987175
2015-01-14,9.27,9.28,9.07,9.20,310400,9.016577
2015-01-13,9.30,9.49,9.28,9.34,503800,9.153786
2015-01-12,9.34,9.45,9.24,9.26,404100,9.075381
2015-01-09,9.51,9.53,9.35,9.37,231700,9.183188
2015-01-08,9.54,9.66,9.50,9.55,245200,9.359599
2015-01-07,9.51,9.62,9.37,9.44,281800,9.251792
2015-01-06,9.67,9.76,9.39,9.43,345900,9.241992
2015-01-05,9.91,9.99,9.64,9.65,279300,9.457605
2015-01-02,10.15,10.21,9.80,9.96,304800,9.761425
2014-12-31,10.29,10.29,10.12,10.13,210300,9.928035
2014-12-30,10.18,10.31,10.09,10.23,195500,10.026041
2014-12-29,10.10,10.30,10.10,10.19,330900,9.986839
2014-12-26,10.10,10.20,10.05,10.13,133400,9.879032
2014-12-24,10.05,10.12,9.95,10.06,104500,9.810767
2014-12-23,10.08,10.22,9.91,10.05,289600,9.801014
2014-12-22,9.96,10.09,9.87,10.09,304100,9.840023
2014-12-19,9.78,10.00,9.70,9.93,2060400,9.683987
2014-12-18,9.78,9.89,9.74,9.80,407300,9.557208
2014-12-17,9.57,9.77,9.50,9.73,575300,9.488941
2014-12-16,9.47,9.73,9.47,9.54,280400,9.303649
2014-12-15,9.69,9.80,9.49,9.54,324800,9.303649
2014-12-12,9.74,9.85,9.59,9.70,235200,9.459685
2014-12-11,9.83,10.01,9.83,9.88,219900,9.635226
2014-12-10,10.09,10.15,9.77,9.81,291800,9.56696
2014-12-09,9.78,10.13,9.73,10.13,301300,9.879032
2014-12-08,9.87,10.04,9.78,9.86,226000,9.615721
2014-12-05,9.71,10.04,9.71,9.87,276800,9.625473
2014-12-04,9.66,9.71,9.54,9.70,229200,9.459685
2014-12-03,9.44,9.67,9.41,9.65,236800,9.410923
2014-12-02,9.30,9.57,9.30,9.45,194000,9.215879
2014-12-01,9.57,9.58,9.28,9.29,388400,9.059843
2014-11-28,9.93,9.93,9.57,9.58,128200,9.342658
2014-11-26,9.86,9.96,9.05,9.90,249300,9.65473
2014-11-25,9.83,9.90,9.81,9.88,102600,9.635226
2014-11-24,9.70,9.84,9.68,9.84,133600,9.596217
2014-11-21,9.93,9.99,9.66,9.67,329200,9.430428
2014-11-20,9.79,9.86,9.78,9.83,154800,9.586464
2014-11-19,10.02,10.02,9.76,9.86,263400,9.615721
2014-11-18,10.03,10.12,9.85,10.02,165500,9.771758
2014-11-17,10.04,10.04,9.90,10.00,185700,9.752253
2014-11-14,10.10,10.17,10.02,10.08,147400,9.830271
2014-11-13,10.30,10.30,10.07,10.08,255300,9.830271
2014-11-12,10.14,10.32,10.09,10.30,259800,10.04482
2014-11-11,10.24,10.25,10.10,10.14,164200,9.888785
2014-11-10,10.18,10.32,10.09,10.22,178000,9.966803
2014-11-07,10.22,10.22,10.08,10.21,204000,9.95705
2014-11-06,10.11,10.22,10.07,10.22,227600,9.966803
2014-11-05,10.11,10.23,10.02,10.11,251500,9.859527
2014-11-04,10.09,10.10,9.92,10.06,397000,9.810767
2014-11-03,9.90,10.10,9.87,10.09,376100,9.840023
2014-10-31,9.72,10.10,9.72,9.90,616000,9.65473
2014-10-30,9.79,9.86,9.73,9.76,329900,9.518199
2014-10-29,9.80,9.85,9.64,9.80,408100,9.557208
2014-10-28,9.45,9.75,9.44,9.74,633100,9.498694
2014-10-27,9.34,9.45,9.24,9.45,350900,9.215879
2014-10-24,9.45,9.45,9.34,9.34,191900,9.108604
2014-10-23,9.38,9.48,9.35,9.42,694100,9.186622
2014-10-22,9.38,9.41,9.34,9.34,550800,9.108604
2014-10-21,9.29,9.37,9.14,9.34,505700,9.108604
2014-10-20,9.05,9.27,9.04,9.27,265300,9.040339
2014-10-17,9.22,9.22,9.05,9.11,384600,8.884302
2014-10-16,8.91,9.17,8.86,9.09,584100,8.864798
2014-10-15,9.04,9.17,8.80,8.94,667900,8.718514
2014-10-14,9.22,9.35,9.10,9.18,539600,8.952568
2014-10-13,9.06,9.30,9.03,9.16,334200,8.933063
2014-10-10,9.00,9.17,9.00,9.03,382200,8.806284
2014-10-09,9.30,9.30,9.05,9.06,371000,8.835541
2014-10-08,9.34,9.43,9.28,9.35,464300,9.118357
2014-10-07,9.56,9.61,9.38,9.38,336900,9.147613
2014-10-06,9.61,9.62,9.48,9.58,410200,9.342658
2014-10-03,9.48,9.62,9.34,9.59,536900,9.35241
2014-10-02,9.31,9.44,9.21,9.38,412500,9.147613
2014-10-01,9.20,9.34,9.20,9.29,1006500,9.059843
2014-09-30,9.21,9.31,9.18,9.23,506300,9.001329
2014-09-29,9.21,9.32,9.17,9.21,328600,8.981825
2014-09-26,9.18,9.35,9.14,9.28,409900,9.05009
2014-09-25,9.38,9.45,9.20,9.21,329500,8.933064
2014-09-24,9.40,9.47,9.32,9.38,258500,9.097952
2014-09-23,9.50,9.58,9.29,9.36,502300,9.078553
2014-09-22,9.62,9.68,9.49,9.50,297900,9.214343
2014-09-19,9.76,9.94,9.60,9.62,1475400,9.330735
2014-09-18,9.62,9.86,9.56,9.73,388100,9.437427
2014-09-17,9.59,9.69,9.45,9.59,493200,9.301637
2014-09-16,9.65,9.69,9.50,9.56,343600,9.27254
2014-09-15,9.79,9.93,9.66,9.66,365600,9.369532
2014-09-12,9.64,9.85,9.64,9.82,490300,9.524721
2014-09-11,9.52,9.70,9.49,9.63,276600,9.340435
2014-09-10,9.46,9.61,9.46,9.58,188900,9.291938
2014-09-09,9.58,9.59,9.41,9.44,216100,9.156147
2014-09-08,9.47,9.60,9.45,9.57,213400,9.282238
2014-09-05,9.51,9.61,9.40,9.52,293400,9.233742
2014-09-04,9.61,9.78,9.53,9.55,333700,9.26284
2014-09-03,9.72,9.76,9.53,9.62,457300,9.330735
2014-09-02,9.82,9.85,9.64,9.72,267200,9.427728
2014-08-29,9.58,9.79,9.51,9.76,396100,9.466526
2014-08-28,9.68,9.70,9.46,9.57,385200,9.282238
2014-08-27,9.78,9.81,9.67,9.70,177500,9.408329
2014-08-26,9.72,9.84,9.67,9.81,289500,9.515022
2014-08-25,9.63,9.73,9.60,9.69,294900,9.39863
2014-08-22,9.57,9.65,9.51,9.59,172700,9.301637
2014-08-21,9.38,9.61,9.28,9.55,189100,9.26284
2014-08-20,9.41,9.45,9.29,9.38,194400,9.097952
2014-08-19,9.39,9.46,9.38,9.43,160700,9.146449
2014-08-18,9.23,9.40,9.23,9.39,221000,9.107651
2014-08-15,9.34,9.34,9.08,9.17,448500,8.894266
2014-08-14,9.24,9.31,9.18,9.27,554400,8.99126
2014-08-13,9.19,9.27,9.13,9.22,165100,8.942763
2014-08-12,9.22,9.26,9.11,9.17,216400,8.894266
2014-08-11,9.28,9.32,9.22,9.23,232700,8.952462
2014-08-08,9.25,9.33,9.23,9.27,249300,8.99126
2014-08-07,9.35,9.38,9.20,9.24,338600,8.962161
2014-08-06,9.26,9.37,9.26,9.33,375000,9.049455
2014-08-05,9.20,9.34,9.16,9.31,279400,9.030057
2014-08-04,9.38,9.43,9.13,9.22,432000,8.942763
2014-08-01,9.42,9.46,9.25,9.32,354700,9.039756
2014-07-31,9.51,9.69,9.42,9.42,366200,9.136749
2014-07-30,9.59,9.72,9.58,9.62,559200,9.330735
2014-07-29,9.52,9.59,9.46,9.54,368600,9.253141
2014-07-28,9.69,9.69,9.35,9.48,388100,9.194944
2014-07-25,9.55,9.67,9.48,9.54,302200,9.253141
2014-07-24,9.73,9.84,9.47,9.62,475800,9.330735
2014-07-23,9.40,9.48,9.25,9.35,357600,9.068854
2014-07-22,9.63,9.85,9.35,9.40,626000,9.11735
2014-07-21,9.74,9.81,9.60,9.73,205900,9.437427
2014-07-18,9.64,9.85,9.63,9.76,308600,9.466526
2014-07-17,9.92,9.94,9.66,9.67,455700,9.379232
2014-07-16,10.19,10.20,9.93,9.93,248400,9.631414
2014-07-15,10.10,10.17,10.02,10.12,323200,9.8157
2014-07-14,10.20,10.27,10.13,10.18,273700,9.873897
2014-07-11,10.14,10.29,10.03,10.11,201100,9.806001
2014-07-10,10.28,10.31,10.11,10.16,268000,9.854498
2014-07-09,10.42,10.55,10.36,10.45,222300,10.135778
2014-07-08,10.37,10.43,10.20,10.35,538500,10.038785
2014-07-07,10.45,10.51,10.28,10.35,304200,10.038785
2014-07-03,10.45,10.55,10.44,10.50,176700,10.184274
2014-07-02,10.44,10.53,10.39,10.41,306000,10.09698
2014-07-01,10.31,10.51,10.28,10.41,493300,10.09698
2014-06-30,10.29,10.33,10.16,10.27,184000,9.961191
2014-06-27,10.19,10.35,10.19,10.32,448800,10.009686
2014-06-26,10.10,10.30,9.99,10.27,297600,9.961191
2014-06-25,9.97,10.16,9.81,10.16,315400,9.806001
2014-06-24,10.11,10.24,9.96,9.99,331800,9.641924
2014-06-23,10.08,10.13,9.98,10.12,309700,9.767395
2014-06-20,10.22,10.22,10.06,10.07,699100,9.719137
2014-06-19,10.40,10.40,10.07,10.15,225600,9.79635
2014-06-18,10.24,10.37,10.09,10.35,302000,9.989382
2014-06-17,10.15,10.34,10.15,10.20,230700,9.844608
2014-06-16,10.25,10.38,10.08,10.15,170700,9.79635
2014-06-13,10.35,10.45,10.24,10.29,261600,9.931472
2014-06-12,10.31,10.38,10.21,10.30,261000,9.941124
2014-06-11,10.47,10.47,10.30,10.34,184500,9.97973
2014-06-10,10.55,10.57,10.43,10.49,219500,10.124503
2014-06-09,10.61,10.69,10.56,10.60,475700,10.230671
2014-06-06,10.57,10.67,10.48,10.60,232200,10.230671
2014-06-05,10.24,10.57,10.14,10.57,285600,10.201716
2014-06-04,10.18,10.35,10.10,10.17,260200,9.815653
2014-06-03,10.20,10.45,10.14,10.27,219000,9.912169
2014-06-02,10.08,10.26,9.94,10.24,290500,9.883214
2014-05-30,10.25,10.34,10.08,10.09,231000,9.738441
2014-05-29,10.22,10.32,10.11,10.22,173600,9.863911
2014-05-28,10.33,10.36,10.13,10.16,206000,9.806001
2014-05-27,10.24,10.45,10.15,10.31,247400,9.950776
2014-05-23,10.03,10.16,10.00,10.14,181200,9.786699
2014-05-22,10.02,10.15,9.97,10.00,207000,9.651576
2014-05-21,10.06,10.18,9.93,9.98,360500,9.632273
2014-05-20,10.18,10.21,9.96,10.05,368600,9.699834
2014-05-19,10.10,10.35,10.01,10.20,253500,9.844608
2014-05-16,9.97,10.13,9.94,10.13,380000,9.777047
2014-05-15,9.88,10.02,9.70,10.00,550200,9.651576
2014-05-14,10.13,10.13,9.80,9.95,435200,9.603318
2014-05-13,10.33,10.34,10.11,10.12,275000,9.767395
2014-05-12,10.17,10.45,10.15,10.33,347600,9.970078
2014-05-09,9.90,10.17,9.89,10.15,282600,9.79635
2014-05-08,9.96,10.18,9.78,9.95,469900,9.603318
2014-05-07,9.85,9.94,9.76,9.93,256600,9.584016
2014-05-06,9.93,10.09,9.85,9.85,274700,9.506803
2014-05-05,10.01,10.10,9.89,9.94,314700,9.593666
2014-05-02,10.00,10.24,9.87,10.07,415100,9.719137
2014-05-01,9.98,10.10,9.83,9.99,519200,9.641924
2014-04-30,9.90,10.01,9.81,10.00,321000,9.651576
2014-04-29,10.19,10.25,9.93,9.96,271200,9.61297
2014-04-28,10.10,10.17,9.95,10.11,408300,9.757743
2014-04-25,10.25,10.38,10.01,10.06,448000,9.709486
2014-04-24,10.73,10.73,10.29,10.31,368500,9.950776
2014-04-23,10.58,10.70,10.56,10.65,317400,10.278928
2014-04-22,10.57,10.75,10.50,10.56,309100,10.192065
2014-04-21,10.65,10.68,10.53,10.62,201400,10.249974
2014-04-17,10.64,10.74,10.52,10.65,348900,10.278928
2014-04-16,10.67,10.69,10.52,10.65,254000,10.278928
2014-04-15,10.86,10.94,10.50,10.62,453700,10.249974
2014-04-14,10.80,10.98,10.68,10.85,461400,10.471961
2014-04-11,10.66,10.88,10.53,10.73,503800,10.356141
2014-04-10,10.92,10.92,10.61,10.78,823400,10.404399
2014-04-09,10.90,10.95,10.80,10.94,486200,10.558824
2014-04-08,10.91,11.05,10.81,10.87,576700,10.491263
2014-04-07,10.95,10.95,10.75,10.90,566600,10.520218
2014-04-04,11.32,11.44,10.88,10.95,424900,10.568476
2014-04-03,11.38,11.40,11.19,11.28,214300,10.886978
2014-04-02,11.40,11.41,11.23,11.34,268300,10.944888
2014-04-01,11.14,11.42,11.04,11.39,390800,10.993146
2014-03-31,10.99,11.15,10.84,11.10,323200,10.71325
2014-03-28,10.90,11.09,10.79,10.92,301500,10.539521
2014-03-27,11.14,11.16,10.86,10.89,328100,10.510567
2014-03-26,11.48,11.52,11.16,11.16,370700,10.722901
2014-03-25,11.57,11.68,11.39,11.44,398800,10.991934
2014-03-24,11.65,11.75,11.47,11.50,320200,11.049584
2014-03-21,11.88,11.96,11.58,11.63,1185800,11.174493
2014-03-20,11.49,11.88,11.49,11.82,414100,11.357051
2014-03-19,11.35,11.67,11.35,11.51,422600,11.059193
2014-03-18,11.30,11.35,11.20,11.35,395900,10.90546
2014-03-17,11.29,11.45,11.21,11.27,287300,10.828593
2014-03-14,11.04,11.31,10.91,11.22,440000,10.780551
2014-03-13,10.95,11.05,10.78,11.03,502000,10.597992
2014-03-12,10.88,10.95,10.70,10.93,403300,10.50191
2014-03-11,10.99,11.05,10.86,10.94,697500,10.511517
2014-03-10,10.85,10.98,10.79,10.98,283700,10.549951
2014-03-07,10.81,11.10,10.81,10.87,536300,10.444259
2014-03-06,10.55,10.78,10.33,10.70,326100,10.280918
2014-03-05,10.40,10.57,10.32,10.50,320900,10.088751
2014-03-04,10.22,10.55,10.19,10.43,981000,10.021493
2014-03-03,10.00,10.09,9.90,10.08,296200,9.685201
2014-02-28,10.09,10.29,10.06,10.15,610400,9.752459
2014-02-27,10.07,10.13,9.99,10.05,327100,9.656376
2014-02-26,10.00,10.14,9.94,10.12,325400,9.723634
2014-02-25,10.02,10.08,9.90,9.97,323800,9.57951
2014-02-24,9.83,10.15,9.83,10.01,420100,9.617943
2014-02-21,9.79,9.88,9.72,9.84,457500,9.454601
2014-02-20,9.78,9.88,9.61,9.76,336900,9.377734
2014-02-19,10.08,10.13,9.66,9.74,505100,9.358517
2014-02-18,10.11,10.21,10.07,10.13,209400,9.733243
2014-02-14,10.06,10.17,10.02,10.13,276400,9.733243
2014-02-13,9.97,10.10,9.90,10.08,272200,9.685201
2014-02-12,10.04,10.20,9.90,10.04,543400,9.646768
2014-02-11,9.76,10.01,9.70,10.00,430900,9.608334
2014-02-10,9.92,9.99,9.64,9.77,425100,9.387343
2014-02-07,10.03,10.03,9.75,9.89,281900,9.502643
2014-02-06,9.75,10.00,9.71,9.98,437200,9.589117
2014-02-05,9.93,9.97,9.66,9.74,671600,9.358517
2014-02-04,9.83,10.17,9.78,9.94,564400,9.550684
2014-02-03,9.96,10.11,9.52,9.53,650500,9.156742
2014-01-31,10.05,10.24,9.93,9.96,702300,9.569901
2014-01-30,10.37,10.38,10.12,10.18,459700,9.781285
2014-01-29,10.21,10.43,10.15,10.24,486700,9.838934
2014-01-28,10.23,10.50,10.13,10.33,422000,9.925409
2014-01-27,10.49,10.50,10.20,10.20,295600,9.800501
2014-01-24,10.77,10.81,10.40,10.46,471300,10.050318
2014-01-23,10.76,10.83,10.66,10.82,439900,10.396217
2014-01-22,10.92,10.92,10.67,10.83,379000,10.405826
2014-01-21,10.59,11.00,10.59,10.87,516600,10.444259
2014-01-17,10.46,10.62,10.44,10.55,340600,10.136793
2014-01-16,10.46,10.63,10.34,10.44,389600,10.031101
2014-01-15,10.49,10.59,10.27,10.53,363300,10.117576
2014-01-14,10.43,10.43,10.27,10.41,246400,10.002276
2014-01-13,10.49,10.50,10.21,10.33,322300,9.925409
2014-01-10,10.58,10.66,10.38,10.49,291400,10.079142
2014-01-09,10.57,10.65,10.43,10.55,227500,10.136793
2014-01-08,10.58,10.65,10.40,10.50,561500,10.088751
2014-01-07,10.60,10.73,10.44,10.52,509300,10.107968
2014-01-06,10.92,10.92,10.55,10.56,531700,10.146401
2014-01-03,10.72,10.88,10.66,10.83,306000,10.405826
2014-01-02,10.86,10.88,10.64,10.71,415300,10.290526
2013-12-31,10.99,11.04,10.90,10.93,400500,10.473085
2013-12-30,11.08,11.14,10.92,10.93,292100,10.473085
2013-12-27,11.17,11.19,11.02,11.05,220600,10.588068
2013-12-26,11.19,11.24,11.08,11.09,235100,10.626396
2013-12-24,11.15,11.23,11.05,11.13,213200,10.664724
2013-12-23,10.75,11.10,10.70,11.10,705900,10.635978
2013-12-20,10.67,10.74,10.52,10.70,2277200,10.252699
2013-12-19,10.64,10.78,10.52,10.62,421200,10.176044
2013-12-18,10.54,10.70,10.45,10.68,564000,10.233536
2013-12-17,10.72,10.73,10.32,10.53,499500,10.089806
2013-12-16,10.37,10.78,10.35,10.69,486400,10.243117
2013-12-13,10.35,10.42,10.13,10.35,375700,9.917331
2013-12-12,10.18,10.46,10.16,10.30,327400,9.869421
2013-12-11,10.32,10.38,10.19,10.20,269800,9.773601
2013-12-10,10.36,10.56,10.26,10.33,400700,9.898167
2013-12-09,10.42,10.48,10.25,10.37,332500,9.936495
2013-12-06,10.28,10.60,10.21,10.44,525800,10.003568
2013-12-05,10.20,10.34,10.11,10.16,340500,9.735273
2013-12-04,10.27,10.37,10.12,10.23,513900,9.802347
2013-12-03,10.41,10.52,10.21,10.29,394400,9.859839
2013-12-02,10.55,10.60,10.44,10.45,395300,10.01315
2013-11-29,10.52,10.69,10.47,10.57,252600,10.128134
2013-11-27,10.38,10.59,10.25,10.45,611900,10.01315
2013-11-26,9.99,10.42,9.99,10.34,502000,9.907749
2013-11-25,9.88,10.18,9.81,9.95,456600,9.534052
2013-11-22,9.76,9.97,9.69,9.89,400000,9.476561
2013-11-21,9.42,9.74,9.40,9.71,696900,9.304085
2013-11-20,9.33,9.47,9.23,9.40,588100,9.007044
2013-11-19,9.29,9.43,9.18,9.32,856200,8.930389
2013-11-18,8.86,9.26,8.85,9.26,974500,8.872897
2013-11-15,8.84,8.86,8.67,8.84,359700,8.470455
2013-11-14,8.71,8.93,8.60,8.85,330400,8.480037
2013-11-13,8.57,8.74,8.52,8.72,194400,8.355471
2013-11-12,8.83,8.83,8.57,8.60,235500,8.240488
2013-11-11,8.95,8.99,8.84,8.85,201200,8.480037
2013-11-08,8.52,8.99,8.44,8.97,688400,8.59502
2013-11-07,8.51,8.51,8.23,8.27,369500,7.924283
2013-11-06,8.45,8.51,8.28,8.50,239400,8.144668
2013-11-05,8.40,8.44,8.30,8.40,239800,8.048848
2013-11-04,8.36,8.47,8.26,8.42,361900,8.068012
2013-11-01,8.45,8.50,8.29,8.31,416900,7.962611
2013-10-31,8.65,8.65,8.45,8.47,338100,8.115922
2013-10-30,8.78,8.82,8.65,8.67,245100,8.307561
2013-10-29,8.77,8.85,8.66,8.75,259900,8.384217
2013-10-28,8.73,8.82,8.66,8.79,215000,8.422545
2013-10-25,8.78,8.84,8.76,8.77,295600,8.403381
2013-10-24,8.80,8.80,8.66,8.75,285400,8.384217
2013-10-23,8.72,8.82,8.66,8.81,296000,8.441709
2013-10-22,8.67,8.82,8.63,8.76,448200,8.393799
2013-10-21,8.68,8.76,8.64,8.65,394900,8.288397
2013-10-18,8.69,8.69,8.56,8.68,298000,8.317144
2013-10-17,8.68,8.68,8.51,8.62,405800,8.259651
2013-10-16,8.51,8.73,8.48,8.67,299200,8.307561
2013-10-15,8.56,8.61,8.43,8.48,340300,8.125504
2013-10-14,8.57,8.63,8.40,8.60,348600,8.240488
2013-10-11,8.35,8.64,8.28,8.64,444700,8.278816
2013-10-10,8.34,8.40,8.24,8.39,359700,8.039267
2013-10-09,8.14,8.44,8.12,8.27,467500,7.924283
2013-10-08,8.29,8.31,8.11,8.13,418800,7.790135
2013-10-07,8.30,8.35,8.22,8.26,364100,7.914701
2013-10-04,8.22,8.38,8.20,8.35,239000,8.000939
2013-10-03,8.25,8.31,8.12,8.24,232800,7.895537
2013-10-02,8.41,8.41,8.23,8.26,240200,7.914701
2013-10-01,8.16,8.45,8.16,8.45,379500,8.096758
2013-09-30,8.16,8.25,8.04,8.17,383300,7.828463
2013-09-27,8.18,8.37,8.14,8.21,266600,7.866791
2013-09-26,8.35,8.40,8.20,8.23,274500,7.885954
2013-09-25,8.32,8.48,8.31,8.33,286500,7.953028
2013-09-24,8.38,8.50,8.28,8.33,456100,7.953028
2013-09-23,8.33,8.48,8.28,8.41,625200,8.029408
2013-09-20,8.26,8.51,8.21,8.28,3469500,7.905291
2013-09-19,8.53,8.53,8.17,8.24,497300,7.867101
2013-09-18,8.54,8.67,8.41,8.52,307400,8.13443
2013-09-17,8.49,8.55,8.41,8.52,312500,8.13443
2013-09-16,8.50,8.59,8.33,8.49,266300,8.105787
2013-09-13,8.39,8.48,8.26,8.45,345800,8.067598
2013-09-12,8.32,8.37,8.21,8.36,228900,7.98167
2013-09-11,8.41,8.46,8.22,8.31,337800,7.933934
2013-09-10,8.33,8.43,8.13,8.43,383100,8.048503
2013-09-09,8.25,8.38,8.18,8.30,278900,7.924386
2013-09-06,8.30,8.33,8.01,8.24,275200,7.867101
2013-09-05,8.01,8.30,8.01,8.27,378800,7.895744
2013-09-04,8.20,8.29,7.98,7.99,524700,7.628415
2013-09-03,8.22,8.44,8.15,8.21,342900,7.838459
2013-08-30,8.31,8.37,8.12,8.13,354600,7.762079
2013-08-29,8.26,8.38,8.24,8.33,225800,7.953028
2013-08-28,8.34,8.43,8.22,8.27,283200,7.895744
2013-08-27,8.52,8.63,8.30,8.32,457600,7.943481
2013-08-26,8.72,8.81,8.58,8.65,320600,8.258546
2013-08-23,8.82,8.85,8.65,8.72,325400,8.325379
2013-08-22,8.80,8.87,8.71,8.82,832000,8.420853
2013-08-21,8.79,8.87,8.70,8.77,339000,8.373117
2013-08-20,8.60,8.86,8.57,8.82,712100,8.420853
2013-08-19,8.88,8.88,8.56,8.60,423900,8.21081
2013-08-16,8.68,8.93,8.68,8.85,289800,8.449496
2013-08-15,8.81,8.93,8.68,8.73,315900,8.334926
2013-08-14,8.92,9.00,8.83,8.91,310000,8.50678
2013-08-13,8.87,8.93,8.71,8.92,283800,8.516328
2013-08-12,8.74,8.85,8.67,8.84,475200,8.439949
2013-08-09,8.88,8.96,8.69,8.74,294800,8.344474
2013-08-08,8.84,8.93,8.74,8.88,301100,8.478138
2013-08-07,8.97,9.05,8.63,8.76,568200,8.363569
2013-08-06,8.88,9.00,8.81,8.97,379200,8.564066
2013-08-05,8.88,8.88,8.77,8.87,353800,8.468591
2013-08-02,8.82,8.91,8.79,8.86,403800,8.459043
2013-08-01,8.85,8.90,8.76,8.88,472000,8.478138
2013-07-31,8.71,8.85,8.64,8.79,529700,8.392211
2013-07-30,8.65,8.73,8.64,8.67,493400,8.277642
2013-07-29,8.74,8.76,8.59,8.64,415400,8.249
2013-07-26,8.71,8.82,8.64,8.73,361100,8.334926
2013-07-25,8.43,8.75,8.41,8.72,583600,8.325379
2013-07-24,8.21,8.45,8.19,8.42,429500,8.038955
2013-07-23,8.48,8.48,8.04,8.19,765900,7.819364
2013-07-22,8.38,8.50,8.35,8.40,394100,8.01986
2013-07-19,8.20,8.42,8.18,8.40,367100,8.01986
2013-07-18,8.10,8.29,8.03,8.23,338400,7.857553
2013-07-17,7.91,8.10,7.81,8.00,371700,7.637962
2013-07-16,7.68,7.87,7.64,7.86,610700,7.504298
2013-07-15,7.64,7.70,7.62,7.65,217300,7.303802
2013-07-12,7.58,7.68,7.50,7.64,197300,7.294254
2013-07-11,7.74,7.74,7.51,7.58,227800,7.236969
2013-07-10,7.64,7.70,7.58,7.66,375600,7.313349
2013-07-09,7.63,7.65,7.43,7.63,606800,7.284707
2013-07-08,7.50,7.64,7.45,7.59,598400,7.246517
2013-07-05,7.17,7.45,7.14,7.45,242900,7.112852
2013-07-03,6.94,7.10,6.94,7.09,300700,6.769144
2013-07-02,6.87,7.00,6.83,7.00,295000,6.683217
2013-07-01,6.69,6.89,6.69,6.87,285700,6.5591
2013-06-28,6.65,6.77,6.62,6.62,717600,6.320414
2013-06-27,6.70,6.73,6.66,6.69,274600,6.387246
2013-06-26,6.71,6.77,6.64,6.68,192300,6.377698
2013-06-25,6.51,6.70,6.48,6.69,443200,6.358604
2013-06-24,6.47,6.57,6.41,6.43,278500,6.111483
2013-06-21,6.46,6.56,6.41,6.55,545600,6.225539
2013-06-20,6.50,6.51,6.43,6.44,437900,6.120988
2013-06-19,6.64,6.64,6.55,6.55,139200,6.225539
2013-06-18,6.59,6.65,6.55,6.64,149700,6.311081
2013-06-17,6.64,6.66,6.51,6.57,142300,6.244548
2013-06-14,6.65,6.65,6.54,6.60,124100,6.273062
2013-06-13,6.65,6.66,6.58,6.65,298800,6.320585
2013-06-12,6.75,6.76,6.62,6.63,238500,6.301576
2013-06-11,6.69,6.76,6.66,6.73,142700,6.396622
2013-06-10,6.70,6.84,6.62,6.79,251600,6.45365
2013-06-07,6.69,6.70,6.62,6.69,134600,6.358604
2013-06-06,6.50,6.63,6.41,6.63,213300,6.301576
2013-06-05,6.59,6.62,6.50,6.50,167700,6.178016
2013-06-04,6.63,6.69,6.52,6.58,191000,6.254053
2013-06-03,6.64,6.71,6.52,6.64,387900,6.311081
2013-05-31,6.65,6.70,6.60,6.60,250500,6.273062
2013-05-30,6.71,6.72,6.67,6.71,112100,6.377613
2013-05-29,6.69,6.75,6.64,6.67,99800,6.339595
2013-05-28,6.81,6.85,6.70,6.75,211700,6.415632
2013-05-24,6.73,6.75,6.54,6.74,183700,6.406127
2013-05-23,6.73,6.80,6.66,6.75,259800,6.415632
2013-05-22,6.93,6.99,6.77,6.79,374100,6.45365
2013-05-21,6.89,6.95,6.78,6.94,224500,6.59622
2013-05-20,6.90,6.97,6.77,6.87,346300,6.529687
2013-05-17,6.78,6.90,6.74,6.90,360500,6.558201
2013-05-16,6.61,6.77,6.61,6.77,273000,6.434641
2013-05-15,6.56,6.66,6.51,6.65,321500,6.320585
2013-05-14,6.51,6.62,6.51,6.60,199600,6.273062
2013-05-13,6.54,6.54,6.41,6.52,167600,6.197025
2013-05-10,6.52,6.55,6.49,6.54,141400,6.216034
2013-05-09,6.54,6.54,6.45,6.50,192000,6.178016
2013-05-08,6.49,6.53,6.42,6.53,363400,6.20653
2013-05-07,6.31,6.52,6.31,6.49,497200,6.168511
2013-05-06,6.42,6.52,6.36,6.49,305100,6.168511
2013-05-03,6.23,6.48,6.23,6.45,352300,6.130492
2013-05-02,6.33,6.42,6.26,6.36,245300,6.044951
2013-05-01,6.39,6.44,6.27,6.32,432600,6.006932
2013-04-30,6.34,6.39,6.22,6.39,273000,6.073465
2013-04-29,6.19,6.35,6.16,6.31,189400,5.997427
2013-04-26,6.11,6.19,6.04,6.15,426300,5.845353
2013-04-25,6.14,6.21,6.11,6.12,395600,5.816839
2013-04-24,6.16,6.18,6.10,6.11,301400,5.807335
2013-04-23,6.14,6.25,6.11,6.17,332300,5.864363
2013-04-22,6.29,6.34,6.08,6.12,373200,5.816839
2013-04-19,6.13,6.39,6.09,6.32,466300,6.006932
2013-04-18,6.13,6.19,6.02,6.15,276600,5.845353
2013-04-17,6.10,6.22,6.00,6.10,314800,5.79783
2013-04-16,6.10,6.19,6.06,6.12,279200,5.816839
2013-04-15,6.25,6.28,6.05,6.07,434500,5.769316
2013-04-12,6.40,6.42,6.30,6.31,238800,5.997427
2013-04-11,6.43,6.49,6.36,6.41,184800,6.092474
2013-04-10,6.29,6.46,6.29,6.46,257900,6.139997
2013-04-09,6.35,6.48,6.26,6.26,276500,5.949905
2013-04-08,6.32,6.36,6.21,6.36,180600,6.044951
2013-04-05,6.28,6.34,6.15,6.33,357800,6.016437
2013-04-04,6.33,6.37,6.28,6.36,227600,6.044951
2013-04-03,6.41,6.41,6.30,6.32,289800,6.006932
2013-04-02,6.59,6.62,6.42,6.44,447900,6.120988
2013-04-01,6.79,6.80,6.55,6.57,433700,6.244548
2013-03-28,6.50,6.80,6.47,6.78,691700,6.444146
2013-03-27,6.45,6.47,6.41,6.45,413600,6.130492
2013-03-26,6.51,6.58,6.47,6.51,206600,6.187521
2013-03-25,6.52,6.58,6.42,6.49,180100,6.168511
2013-03-22,6.58,6.63,6.49,6.52,239600,6.197025
2013-03-21,6.57,6.61,6.52,6.58,186700,6.254053
2013-03-20,6.58,6.62,6.49,6.62,184200,6.292071
2013-03-19,6.45,6.59,6.40,6.53,262500,6.20653
2013-03-18,6.63,6.66,6.36,6.42,568300,6.101979
2013-03-15,6.74,6.75,6.66,6.69,406400,6.358604
2013-03-14,6.60,6.73,6.55,6.73,303400,6.396622
2013-03-13,6.49,6.59,6.48,6.58,258700,6.254053
2013-03-12,6.37,6.51,6.37,6.49,323000,6.168511
2013-03-11,6.50,6.50,6.35,6.38,358600,6.06396
2013-03-08,6.62,6.71,6.50,6.53,389700,6.20653
2013-03-07,6.31,6.57,6.30,6.57,423600,6.244548
2013-03-06,6.11,6.29,6.07,6.29,456400,5.978418
2013-03-05,6.02,6.09,5.98,6.08,290300,5.778821
2013-03-04,6.03,6.03,5.91,5.98,362200,5.683774
2013-03-01,5.86,6.03,5.82,6.02,252400,5.721793
2013-02-28,5.95,5.97,5.87,5.87,478100,5.579223
2013-02-27,5.94,5.98,5.90,5.95,261200,5.65526
2013-02-26,6.00,6.00,5.91,5.93,348600,5.636251
2013-02-25,6.11,6.12,5.95,5.95,453200,5.65526
2013-02-22,6.03,6.10,5.99,6.08,392500,5.778821
2013-02-21,6.19,6.29,5.98,5.99,333800,5.693279
2013-02-20,6.33,6.33,6.17,6.17,295300,5.864363
2013-02-19,6.23,6.35,6.18,6.34,336300,6.025942
2013-02-15,6.17,6.25,6.08,6.25,324300,5.9404
2013-02-14,6.19,6.23,6.12,6.12,155400,5.816839
2013-02-13,6.21,6.22,6.17,6.20,260700,5.892876
2013-02-12,6.14,6.27,6.14,6.22,225900,5.911886
2013-02-11,6.12,6.13,6.10,6.12,430500,5.816839
2013-02-08,6.14,6.15,6.12,6.14,141300,5.835849
2013-02-07,6.12,6.15,6.10,6.12,135900,5.816839
2013-02-06,6.11,6.14,6.03,6.12,338300,5.816839
2013-02-05,6.14,6.16,6.11,6.15,298300,5.845353
2013-02-04,6.16,6.16,6.06,6.13,352500,5.826344
2013-02-01,6.18,6.19,6.11,6.19,286400,5.883372
2013-01-31,6.16,6.20,6.00,6.14,481900,5.835849
2013-01-30,6.17,6.20,6.08,6.12,347800,5.816839
2013-01-29,6.15,6.18,6.06,6.18,400100,5.873867
2013-01-28,5.94,6.12,5.88,6.11,483800,5.807335
2013-01-25,6.04,6.09,5.88,5.92,541700,5.626747
2013-01-24,6.33,6.35,5.96,6.03,676900,5.731298
2013-01-23,6.13,6.14,6.07,6.12,489300,5.816839
2013-01-22,6.10,6.16,6.10,6.15,235100,5.845353
2013-01-18,6.11,6.13,6.06,6.12,342200,5.816839
2013-01-17,6.15,6.15,6.11,6.13,169400,5.826344
2013-01-16,6.12,6.17,6.11,6.13,251600,5.826344
2013-01-15,6.14,6.16,6.11,6.15,335500,5.845353
2013-01-14,6.15,6.17,6.13,6.15,161500,5.845353
2013-01-11,6.25,6.28,6.11,6.15,373500,5.845353
2013-01-10,6.26,6.32,6.21,6.23,295600,5.92139
2013-01-09,6.32,6.32,6.23,6.25,281700,5.9404
2013-01-08,5.96,6.30,5.95,6.29,499200,5.978418
2013-01-07,6.05,6.09,6.00,6.09,201500,5.788326
2013-01-04,6.02,6.11,5.94,6.11,249800,5.807335
2013-01-03,6.19,6.23,5.96,5.99,357100,5.693279
2013-01-02,6.00,6.27,5.98,6.19,618600,5.883372
2012-12-31,5.80,5.90,5.80,5.87,174400,5.579223
2012-12-28,5.77,5.82,5.76,5.81,191400,5.522195
2012-12-27,5.72,5.81,5.65,5.78,289200,5.493682
2012-12-26,5.74,5.84,5.70,5.73,266900,5.446158
2012-12-24,5.62,5.85,5.56,5.71,341000,5.427149
2012-12-21,5.73,5.80,5.55,5.59,1884000,5.313094
2012-12-20,5.83,5.85,5.70,5.79,270900,5.503186
2012-12-19,5.76,5.85,5.75,5.83,461700,5.541205
2012-12-18,5.77,5.81,5.70,5.75,377500,5.465168
2012-12-17,5.63,5.83,5.62,5.75,355000,5.465168
2012-12-14,5.62,5.68,5.61,5.62,242900,5.341607
2012-12-13,5.64,5.65,5.61,5.63,124600,5.351112
2012-12-12,5.62,5.67,5.61,5.64,213300,5.360617
2012-12-11,5.65,5.68,5.60,5.63,226100,5.351112
2012-12-10,5.63,5.65,5.60,5.63,194100,5.351112
2012-12-07,5.74,5.74,5.63,5.64,161900,5.360617
2012-12-06,5.62,5.71,5.61,5.70,146800,5.417644
2012-12-05,5.68,5.72,5.60,5.63,270500,5.351112
2012-12-04,5.69,5.72,5.61,5.64,363800,5.360617
2012-12-03,5.79,5.80,5.68,5.69,240600,5.40814
2012-11-30,5.77,5.87,5.75,5.79,316500,5.503186
2012-11-29,5.84,5.94,5.74,5.75,280200,5.465168
2012-11-28,5.74,5.81,5.69,5.78,336900,5.493682
2012-11-27,5.86,5.86,5.73,5.76,185400,5.474673
2012-11-26,5.88,5.93,5.87,5.88,143600,5.588728
2012-11-23,5.83,5.94,5.80,5.93,91200,5.636251
2012-11-21,5.84,5.84,5.75,5.79,104200,5.503186
2012-11-20,5.84,5.84,5.75,5.80,165500,5.512691
2012-11-19,5.75,5.83,5.74,5.83,199900,5.541205
2012-11-16,5.63,5.73,5.56,5.72,352800,5.436654
2012-11-15,5.77,5.81,5.63,5.65,330100,5.370121
2012-11-14,6.00,6.05,5.77,5.79,332200,5.503186
2012-11-13,6.01,6.08,5.99,6.00,235700,5.702784
2012-11-12,6.08,6.13,6.03,6.05,205400,5.750307
2012-11-09,6.02,6.20,5.85,6.07,407500,5.769316
2012-11-08,6.19,6.29,6.05,6.05,327100,5.750307
2012-11-07,6.47,6.58,6.19,6.19,432400,5.883372
2012-11-06,6.54,6.62,6.46,6.48,326500,6.159006
2012-11-05,6.51,6.55,6.41,6.55,169800,6.225539
2012-11-02,6.57,6.59,6.51,6.53,281100,6.20653
2012-11-01,6.52,6.59,6.45,6.55,551200,6.225539
2012-10-31,6.49,6.53,6.43,6.51,290600,6.187521
2012-10-26,6.54,6.56,6.46,6.49,512000,6.168511
2012-10-25,6.44,6.56,6.38,6.53,397000,6.20653
2012-10-24,6.48,6.57,6.41,6.41,688300,6.092474
2012-10-23,6.45,6.50,6.27,6.41,944100,6.092474
2012-10-22,6.29,6.38,6.23,6.29,311200,5.978418
2012-10-19,6.23,6.30,6.20,6.29,294400,5.978418
2012-10-18,6.38,6.39,6.25,6.25,238900,5.9404
2012-10-17,6.29,6.40,6.27,6.38,354600,6.06396
2012-10-16,6.30,6.35,6.24,6.28,310200,5.968914
2012-10-15,6.30,6.36,6.22,6.28,261200,5.968914
2012-10-12,6.41,6.41,6.27,6.28,291100,5.968914
2012-10-11,6.41,6.45,6.35,6.43,211100,6.111483
2012-10-10,6.40,6.45,6.31,6.38,388100,6.06396
2012-10-09,6.32,6.43,6.25,6.40,416100,6.082969
2012-10-08,6.34,6.34,6.25,6.29,211000,5.978418
2012-10-05,6.42,6.49,6.32,6.35,246300,6.035446
2012-10-04,6.31,6.39,6.26,6.37,393200,6.054455
2012-10-03,6.28,6.40,6.25,6.30,299200,5.987923
2012-10-02,6.39,6.42,6.25,6.29,434400,5.978418
2012-10-01,6.33,6.47,6.30,6.38,418000,6.06396
2012-09-28,6.31,6.35,6.25,6.30,338000,5.987923
2012-09-27,6.28,6.37,6.20,6.32,385300,6.006932
2012-09-26,6.38,6.43,6.23,6.27,478400,5.959409
2012-09-25,6.49,6.52,6.37,6.39,398700,6.073465
2012-09-24,6.50,6.54,6.45,6.49,572500,6.168511
2012-09-21,6.50,6.63,6.49,6.57,898800,6.244548
2012-09-20,6.43,6.53,6.33,6.50,231600,6.178016
2012-09-19,6.52,6.58,6.47,6.49,261000,6.168511
2012-09-18,6.57,6.57,6.47,6.50,506000,6.178016
2012-09-17,6.62,6.64,6.54,6.55,382500,6.225539
2012-09-14,6.70,6.77,6.65,6.67,699500,6.339595
2012-09-13,6.49,6.74,6.43,6.64,614800,6.311081
2012-09-12,6.37,6.50,6.37,6.49,556400,6.168511
2012-09-11,6.39,6.43,6.31,6.38,657800,6.06396
2012-09-10,6.47,6.51,6.34,6.40,506600,6.082969
2012-09-07,6.49,6.51,6.44,6.50,612300,6.178016
2012-09-06,6.40,6.49,6.32,6.49,287100,6.168511
2012-09-05,6.40,6.40,6.31,6.34,444100,6.025942
2012-09-04,6.28,6.42,6.23,6.38,325700,6.06396
2012-08-31,6.29,6.32,6.19,6.26,269300,5.949905
2012-08-30,6.33,6.33,6.23,6.24,118100,5.930895
2012-08-29,6.26,6.38,6.21,6.35,258200,6.035446
2012-08-28,6.17,6.28,6.15,6.28,227800,5.968914
2012-08-27,6.26,6.29,6.17,6.20,249600,5.892876
2012-08-24,6.16,6.30,6.16,6.26,297800,5.949905
2012-08-23,6.22,6.23,6.12,6.17,385900,5.864363
2012-08-22,6.32,6.40,6.24,6.24,373600,5.930895
2012-08-21,6.49,6.50,6.34,6.35,513300,6.035446
2012-08-20,6.49,6.51,6.43,6.48,281300,6.159006
2012-08-17,6.44,6.50,6.41,6.50,426700,6.178016
2012-08-16,6.50,6.51,6.35,6.45,370200,6.130492
2012-08-15,6.50,6.54,6.41,6.46,352000,6.139997
2012-08-14,6.43,6.52,6.40,6.51,464300,6.187521
2012-08-13,6.44,6.46,6.30,6.40,319400,6.082969
2012-08-10,6.43,6.50,6.41,6.48,339200,6.159006
2012-08-09,6.47,6.52,6.42,6.46,601600,6.139997
2012-08-08,6.41,6.49,6.39,6.49,974000,6.168511
2012-08-07,6.49,6.56,6.41,6.55,531100,6.225539
2012-08-06,6.42,6.48,6.36,6.45,544800,6.130492
2012-08-03,6.30,6.46,6.22,6.40,514400,6.082969
2012-08-02,6.21,6.30,6.17,6.20,369700,5.892876
2012-08-01,6.40,6.40,6.21,6.22,480800,5.911886
2012-07-31,6.21,6.41,6.20,6.34,2069300,6.025942
2012-07-30,6.14,6.19,6.08,6.17,468800,5.864363
2012-07-27,5.95,6.09,5.94,6.07,586400,5.769316
2012-07-26,5.73,5.96,5.65,5.94,579200,5.645756
2012-07-25,5.60,5.70,5.58,5.67,575700,5.389131
2012-07-24,5.60,5.66,5.32,5.43,492900,5.161019
2012-07-23,5.40,5.60,5.30,5.54,500100,5.26557
2012-07-20,5.48,5.51,5.43,5.47,244100,5.199038
2012-07-19,5.71,5.72,5.51,5.51,242900,5.237057
2012-07-18,5.78,5.79,5.66,5.70,284600,5.417644
2012-07-17,5.66,5.78,5.59,5.77,372300,5.484177
2012-07-16,5.59,5.64,5.58,5.62,259200,5.341607
2012-07-13,5.46,5.64,5.46,5.58,329900,5.303589
2012-07-12,5.40,5.47,5.34,5.44,244600,5.170524
2012-07-11,5.36,5.46,5.31,5.41,349300,5.14201
2012-07-10,5.49,5.50,5.33,5.37,278200,5.103991
2012-07-09,5.52,5.52,5.44,5.48,438300,5.208542
2012-07-06,5.46,5.55,5.46,5.51,340200,5.237057
2012-07-05,5.50,5.53,5.47,5.51,286600,5.237057
2012-07-03,5.50,5.55,5.46,5.50,215300,5.227552
2012-07-02,5.50,5.50,5.40,5.49,332800,5.218047
2012-06-29,5.43,5.48,5.39,5.47,490800,5.199038
2012-06-28,5.26,5.30,5.20,5.30,264000,5.037459
2012-06-27,5.37,5.37,5.22,5.29,355800,5.027954
2012-06-26,5.31,5.43,5.22,5.37,281800,5.103991
2012-06-25,5.35,5.35,5.20,5.31,217700,5.046964
2012-06-22,5.25,5.40,5.25,5.38,658800,5.113496
2012-06-21,5.30,5.32,5.21,5.24,358000,4.980431
2012-06-20,5.27,5.30,5.21,5.29,373800,5.027954
2012-06-19,5.19,5.32,5.14,5.26,780400,4.999441
2012-06-18,5.13,5.23,5.12,5.18,254100,4.923403
2012-06-15,5.17,5.23,5.11,5.19,500300,4.932908
2012-06-14,5.11,5.18,5.03,5.18,359000,4.923403
2012-06-13,5.07,5.18,5.02,5.11,635700,4.856871
2012-06-12,5.00,5.10,4.86,5.10,192100,4.847366
2012-06-11,5.09,5.11,4.95,4.98,321200,4.73331
2012-06-08,4.95,5.01,4.81,5.01,420000,4.761825
2012-06-07,5.01,5.08,4.94,4.96,449100,4.714301
2012-06-06,4.84,4.99,4.67,4.99,422000,4.742815
2012-06-05,4.74,4.80,4.70,4.79,1208100,4.552722
2012-06-04,4.83,4.86,4.75,4.77,351600,4.533713
2012-06-01,4.90,4.95,4.80,4.81,337100,4.571732
2012-05-31,5.08,5.11,4.93,5.01,625700,4.761825
2012-05-30,5.02,5.15,4.99,5.10,1195000,4.847366
2012-05-29,4.96,5.21,4.90,5.10,718400,4.847366
2012-05-25,5.00,5.00,4.88,4.90,400600,4.657273
2012-05-24,5.00,5.07,4.90,5.00,269400,4.75232
2012-05-23,5.05,5.15,4.93,5.00,640000,4.75232
2012-05-22,5.27,5.28,5.09,5.14,500900,4.885385
2012-05-21,5.33,5.40,5.22,5.27,521200,5.008945
2012-05-18,5.24,5.34,5.18,5.29,468300,5.027954
2012-05-17,5.33,5.37,5.25,5.25,502600,4.989936
2012-05-16,5.33,5.38,5.26,5.33,392900,5.065973
2012-05-15,5.28,5.38,5.24,5.31,404700,5.046964
2012-05-14,5.23,5.33,5.17,5.27,420600,5.008945
2012-05-11,5.27,5.41,5.27,5.31,207700,5.046964
2012-05-10,5.42,5.42,5.30,5.35,212000,5.084982
2012-05-09,5.20,5.37,5.16,5.35,337700,5.084982
2012-05-08,5.30,5.37,5.22,5.28,298600,5.01845
2012-05-07,5.12,5.34,5.09,5.32,417700,5.056468
2012-05-04,5.23,5.25,5.16,5.16,328500,4.904394
2012-05-03,5.35,5.39,5.24,5.27,312700,5.008945
2012-05-02,5.25,5.37,5.21,5.37,416500,5.103991
2012-05-01,5.37,5.41,5.27,5.28,502700,5.01845
2012-04-30,5.42,5.46,5.33,5.36,510600,5.094487
2012-04-27,5.18,5.39,5.11,5.39,457900,5.123001
2012-04-26,4.95,5.21,4.90,5.17,1057800,4.913899
2012-04-25,4.78,5.03,4.75,4.96,1689900,4.714301
2012-04-24,4.92,5.00,4.69,4.72,1195500,4.48619
2012-04-23,4.76,4.83,4.65,4.69,1319400,4.457676
2012-04-20,4.89,4.89,4.70,4.81,1330800,4.571732
2012-04-19,4.80,4.88,4.71,4.82,415000,4.581236
2012-04-18,4.91,4.91,4.78,4.79,350800,4.552722
2012-04-17,4.85,4.90,4.81,4.86,839600,4.619255
2012-04-16,4.71,4.81,4.63,4.79,348300,4.552722
2012-04-13,4.76,4.76,4.65,4.68,348300,4.448171
2012-04-12,4.71,4.82,4.71,4.77,544200,4.533713
2012-04-11,4.58,4.71,4.57,4.68,408900,4.448171
2012-04-10,4.68,4.70,4.51,4.51,481900,4.286593
2012-04-09,4.71,4.75,4.60,4.67,406100,4.438667
2012-04-05,4.78,4.84,4.72,4.80,561300,4.562227
2012-04-04,4.79,4.85,4.77,4.79,301400,4.552722
2012-04-03,4.89,4.92,4.81,4.86,335600,4.619255
2012-04-02,4.83,4.90,4.81,4.90,323900,4.657273
2012-03-30,4.80,4.93,4.72,4.83,768200,4.590741
2012-03-29,4.73,4.81,4.65,4.75,240100,4.514704
2012-03-28,4.92,4.93,4.74,4.78,450800,4.543218
2012-03-27,4.99,5.05,4.89,4.92,441400,4.676283
2012-03-26,4.93,4.99,4.86,4.98,273800,4.73331
2012-03-23,4.83,4.86,4.75,4.86,172000,4.619255
2012-03-22,4.84,4.84,4.75,4.82,249000,4.581236
2012-03-21,4.91,4.95,4.87,4.89,167100,4.647769
2012-03-20,4.90,4.95,4.87,4.88,304100,4.638264
2012-03-19,4.78,5.00,4.71,4.95,597100,4.704796
2012-03-16,4.80,4.84,4.66,4.77,712300,4.533713
2012-03-15,4.64,4.80,4.64,4.78,499400,4.543218
2012-03-14,4.50,4.63,4.40,4.61,381900,4.381639
2012-03-13,4.53,4.54,4.46,4.49,624400,4.267583
2012-03-12,4.54,4.54,4.39,4.47,206600,4.248574
2012-03-09,4.44,4.58,4.37,4.53,290500,4.305602
2012-03-08,4.36,4.45,4.25,4.43,193800,4.210555
2012-03-07,4.25,4.35,4.21,4.33,209600,4.115509
2012-03-06,4.27,4.32,4.16,4.23,242300,4.020463
2012-03-05,4.31,4.35,4.27,4.34,95300,4.125014
2012-03-02,4.47,4.47,4.27,4.34,329500,4.125014
2012-03-01,4.38,4.52,4.37,4.46,262400,4.239069
2012-02-29,4.36,4.42,4.30,4.35,329300,4.134518
2012-02-28,4.34,4.37,4.25,4.35,306500,4.134518
2012-02-27,4.35,4.39,4.29,4.34,347000,4.125014
2012-02-24,4.47,4.48,4.33,4.38,181200,4.163032
2012-02-23,4.44,4.52,4.36,4.47,230300,4.248574
2012-02-22,4.56,4.56,4.44,4.44,200300,4.22006
2012-02-21,4.60,4.62,4.50,4.55,350900,4.324611
2012-02-17,4.51,4.60,4.48,4.59,283100,4.36263
2012-02-16,4.36,4.51,4.26,4.49,538200,4.267583
2012-02-15,4.39,4.43,4.32,4.34,238100,4.125014
2012-02-14,4.33,4.44,4.28,4.37,465600,4.153527
2012-02-13,4.24,4.37,4.23,4.32,434900,4.106004
2012-02-10,4.20,4.22,4.15,4.19,307600,3.982444
2012-02-09,4.10,4.28,4.03,4.23,781800,4.020463
2012-02-08,3.79,4.07,3.78,4.04,1544900,3.839874
2012-02-07,3.78,3.82,3.76,3.79,153300,3.602258
2012-02-06,3.79,3.86,3.76,3.79,286000,3.602258
2012-02-03,3.80,3.85,3.76,3.81,308800,3.621268
2012-02-02,3.71,3.76,3.63,3.72,246400,3.535726
2012-02-01,3.54,3.71,3.49,3.71,388400,3.526221
2012-01-31,3.55,3.55,3.42,3.50,369300,3.326624
2012-01-30,3.57,3.59,3.47,3.53,195600,3.355138
2012-01-27,3.58,3.64,3.55,3.60,155100,3.42167
2012-01-26,3.77,3.80,3.56,3.61,278800,3.431175
2012-01-25,3.66,3.75,3.63,3.74,203000,3.554735
2012-01-24,3.73,3.76,3.66,3.69,363800,3.507212
2012-01-23,3.81,3.85,3.74,3.80,317500,3.611763
2012-01-20,3.74,3.88,3.74,3.83,387700,3.640277
2012-01-19,3.72,3.77,3.69,3.76,371200,3.573744
2012-01-18,3.67,3.72,3.64,3.72,187800,3.535726
2012-01-17,3.76,3.78,3.64,3.67,307800,3.488203
2012-01-13,3.76,3.76,3.61,3.73,318400,3.545231
2012-01-12,3.75,3.85,3.71,3.80,617000,3.611763
2012-01-11,3.67,3.75,3.66,3.72,283700,3.535726
2012-01-10,3.70,3.75,3.66,3.68,221200,3.497707
2012-01-09,3.71,3.71,3.61,3.66,194100,3.478698
2012-01-06,3.69,3.72,3.61,3.70,169800,3.516717
2012-01-05,3.71,3.72,3.63,3.70,196300,3.516717
2012-01-04,3.76,3.78,3.67,3.74,176400,3.554735
2012-01-03,3.70,3.80,3.66,3.78,439900,3.592754
2011-12-30,3.52,3.69,3.48,3.63,620800,3.450184
2011-12-29,3.33,3.55,3.33,3.52,324000,3.345633
2011-12-28,3.37,3.40,3.31,3.32,82800,3.15554
2011-12-27,3.43,3.43,3.32,3.37,104700,3.203063
2011-12-23,3.45,3.50,3.37,3.46,224300,3.288605
2011-12-22,3.48,3.57,3.44,3.46,420300,3.288605
2011-12-21,3.36,3.52,3.33,3.46,294700,3.288605
2011-12-20,3.16,3.45,3.16,3.36,608200,3.193559
2011-12-19,3.24,3.35,3.08,3.08,174400,2.927429
2011-12-16,3.16,3.27,3.14,3.21,553900,3.050989
2011-12-15,3.30,3.30,3.11,3.13,173200,2.974952
2011-12-14,3.16,3.27,3.12,3.27,369400,3.108017
2011-12-13,3.34,3.37,3.16,3.19,148900,3.03198
2011-12-12,3.30,3.37,3.27,3.32,154500,3.15554
2011-12-09,3.29,3.39,3.28,3.34,212300,3.17455
2011-12-08,3.37,3.37,3.27,3.28,181000,3.117522
2011-12-07,3.40,3.43,3.23,3.43,228200,3.260091
2011-12-06,3.40,3.47,3.35,3.42,254400,3.250587
2011-12-05,3.39,3.44,3.35,3.41,274400,3.241082
2011-12-02,3.28,3.35,3.24,3.35,235300,3.184054
2011-12-01,3.17,3.29,3.15,3.24,183700,3.079503
2011-11-30,3.05,3.20,2.97,3.20,531800,3.041485
2011-11-29,2.87,2.98,2.83,2.91,120700,2.76585
2011-11-28,2.90,2.94,2.80,2.88,346100,2.737336
2011-11-25,2.88,2.95,2.80,2.80,111300,2.661299
2011-11-23,3.00,3.01,2.80,2.88,260400,2.737336
2011-11-22,3.00,3.04,2.94,3.01,189100,2.860896
2011-11-21,2.95,3.01,2.94,2.99,200600,2.841887
2011-11-18,3.08,3.12,2.98,3.05,416000,2.898915
2011-11-17,3.15,3.16,3.05,3.09,337400,2.936934
2011-11-16,3.23,3.31,3.15,3.15,292300,2.993962
2011-11-15,3.18,3.28,3.10,3.26,215500,3.098512
2011-11-14,3.31,3.37,3.20,3.20,313000,3.041485
2011-11-11,3.26,3.36,3.25,3.36,254700,3.193559
2011-11-10,3.21,3.26,3.13,3.24,226600,3.079503
2011-11-09,3.38,3.40,3.16,3.16,270800,3.003466
2011-11-08,3.43,3.45,3.31,3.43,235900,3.260091
2011-11-07,3.43,3.45,3.28,3.40,139700,3.231578
2011-11-04,3.42,3.48,3.38,3.42,165900,3.250587
2011-11-03,3.39,3.48,3.29,3.46,319600,3.288605
2011-11-02,3.27,3.39,3.21,3.36,364100,3.193559
2011-11-01,3.34,3.47,3.23,3.24,449400,3.079503
2011-10-31,3.38,3.49,3.30,3.42,491300,3.250587
2011-10-28,3.49,3.58,3.41,3.42,470600,3.250587
2011-10-27,3.30,3.56,3.25,3.49,778600,3.317119
2011-10-26,3.07,3.30,3.03,3.25,541300,3.089008
2011-10-25,3.03,3.09,2.80,3.04,531000,2.88941
2011-10-24,2.98,3.03,2.88,2.99,496300,2.841887
2011-10-21,2.91,2.99,2.82,2.99,276100,2.841887
2011-10-20,2.86,2.89,2.76,2.83,119800,2.689813
2011-10-19,2.90,2.97,2.83,2.87,237900,2.727831
2011-10-18,2.75,2.95,2.69,2.90,424800,2.756346
2011-10-17,2.91,2.91,2.72,2.74,214600,2.604271
2011-10-14,2.99,3.00,2.87,2.94,255800,2.794364
2011-10-13,2.95,2.99,2.86,2.97,119700,2.822878
2011-10-12,2.88,3.00,2.88,2.97,255700,2.822878
2011-10-11,2.68,2.91,2.68,2.88,277100,2.737336
2011-10-10,2.74,2.77,2.63,2.69,205900,2.556748
2011-10-07,2.81,2.97,2.64,2.69,327500,2.556748
2011-10-06,2.75,2.81,2.64,2.80,155900,2.661299
2011-10-05,2.83,2.84,2.58,2.75,203600,2.613776
2011-10-04,2.47,2.85,2.42,2.84,464600,2.699318
2011-10-03,2.70,2.80,2.45,2.49,430900,2.366655
2011-09-30,2.65,2.77,2.52,2.74,450400,2.604271
2011-09-29,2.56,2.70,2.54,2.69,238800,2.556748
2011-09-28,2.67,2.69,2.51,2.51,285700,2.385665
2011-09-27,2.65,2.85,2.63,2.68,697600,2.547243
2011-09-26,2.44,2.65,2.41,2.62,308400,2.490215
2011-09-23,2.50,2.54,2.41,2.42,557000,2.300123
2011-09-22,2.63,2.72,2.40,2.49,706800,2.366655
2011-09-21,2.72,2.78,2.60,2.61,370000,2.480711
2011-09-20,2.72,2.77,2.71,2.73,227800,2.594767
2011-09-19,2.83,2.84,2.71,2.71,478900,2.575757
2011-09-16,2.91,2.93,2.78,2.87,777700,2.727831
2011-09-15,2.95,2.98,2.85,2.88,311900,2.737336
2011-09-14,2.87,2.96,2.80,2.94,322800,2.794364
2011-09-13,2.86,2.86,2.80,2.85,181400,2.708822
2011-09-12,2.80,2.86,2.79,2.84,506100,2.699318
2011-09-09,2.92,2.96,2.80,2.80,572300,2.661299
2011-09-08,3.05,3.09,2.91,2.93,303500,2.784859
2011-09-07,3.03,3.09,2.98,3.07,493800,2.917924
2011-09-06,2.80,3.01,2.77,3.01,674200,2.860896
2011-09-02,2.90,2.95,2.85,2.88,395100,2.737336
2011-09-01,3.06,3.15,2.93,2.95,470700,2.803869
2011-08-31,3.14,3.18,3.01,3.08,758400,2.927429
2011-08-30,3.08,3.17,3.02,3.14,514600,2.984457
2011-08-29,2.88,3.09,2.76,3.09,582400,2.936934
2011-08-26,2.77,2.86,2.77,2.86,183700,2.718327
2011-08-25,2.87,2.93,2.76,2.78,289400,2.64229
2011-08-24,2.85,2.91,2.80,2.83,183200,2.689813
2011-08-23,2.78,2.85,2.77,2.85,308600,2.708822
2011-08-22,2.95,2.96,2.76,2.77,379900,2.632785
2011-08-19,2.94,2.94,2.86,2.89,556600,2.746841
2011-08-18,3.02,3.05,2.91,2.95,537400,2.803869
2011-08-17,2.93,3.18,2.93,3.09,887600,2.936934
2011-08-16,2.85,2.92,2.80,2.89,350400,2.746841
2011-08-15,2.77,2.89,2.76,2.83,208900,2.689813
2011-08-12,2.85,2.90,2.70,2.76,406500,2.62328
2011-08-11,2.76,2.87,2.64,2.83,449500,2.689813
2011-08-10,2.97,2.97,2.69,2.70,575400,2.566253
2011-08-09,2.80,3.02,2.70,3.02,1005600,2.870401
2011-08-08,2.99,3.00,2.75,2.76,1289200,2.62328
2011-08-05,3.22,3.25,3.05,3.05,674200,2.898915
2011-08-04,3.28,3.34,3.20,3.21,1052300,3.050989
2011-08-03,3.27,3.36,3.23,3.30,448200,3.136531
2011-08-02,3.32,3.44,3.15,3.26,847100,3.098512
2011-08-01,3.33,3.37,3.22,3.32,761600,3.15554
2011-07-29,3.28,3.34,3.25,3.30,443500,3.136531
2011-07-28,3.25,3.38,3.21,3.29,547500,3.127026
2011-07-27,3.26,3.48,3.24,3.26,1400900,3.098512
2011-07-26,3.17,3.37,3.17,3.29,1198900,3.127026
2011-07-25,3.05,3.08,3.01,3.03,304100,2.879906
2011-07-22,3.12,3.16,3.07,3.08,237500,2.927429
2011-07-21,3.13,3.19,3.10,3.11,413600,2.955943
2011-07-20,3.10,3.22,3.08,3.12,155700,2.965447
2011-07-19,3.14,3.16,3.07,3.11,614300,2.955943
2011-07-18,3.21,3.21,3.10,3.12,256900,2.965447
2011-07-15,3.19,3.25,3.15,3.23,377000,3.069999
2011-07-14,3.26,3.29,3.11,3.19,437800,3.03198
2011-07-13,3.28,3.34,3.20,3.25,661300,3.089008
2011-07-12,3.12,3.29,3.10,3.28,471400,3.117522
2011-07-11,3.25,3.26,3.12,3.13,314400,2.974952
2011-07-08,3.24,3.31,3.20,3.28,629700,3.117522
2011-07-07,3.20,3.39,3.15,3.26,895400,3.098512
2011-07-06,3.04,3.19,3.03,3.18,1170900,3.022475
2011-07-05,2.99,3.05,2.97,3.04,290800,2.88941
2011-07-01,2.93,3.04,2.90,2.98,1045800,2.832383
2011-06-30,2.92,2.99,2.87,2.94,676400,2.794364
2011-06-29,2.93,2.95,2.92,2.92,559800,2.775355
2011-06-28,2.92,2.94,2.87,2.94,598000,2.794364
2011-06-27,3.05,3.07,2.91,2.93,843200,2.784859
2011-06-24,2.95,3.09,2.87,3.08,3920600,2.927429
2011-06-23,3.00,3.03,2.93,2.95,294700,2.803869
2011-06-22,3.05,3.08,3.00,3.01,447000,2.860896
2011-06-21,3.05,3.11,3.04,3.06,434000,2.90842
2011-06-20,3.06,3.10,3.02,3.04,493700,2.88941
2011-06-17,3.07,3.15,3.02,3.08,707200,2.927429
2011-06-16,3.02,3.07,3.02,3.06,428200,2.90842
2011-06-15,3.00,3.06,2.94,2.99,358000,2.841887
2011-06-14,3.05,3.12,3.00,3.00,727300,2.851392
2011-06-13,3.03,3.05,3.00,3.03,1098400,2.879906
2011-06-10,2.98,3.05,2.95,3.03,729400,2.879906
2011-06-09,2.96,3.01,2.95,2.99,265300,2.841887
2011-06-08,3.00,3.01,2.96,2.96,576800,2.813373
2011-06-07,3.05,3.07,2.91,3.01,1304000,2.860896
2011-06-06,3.01,3.09,2.98,3.04,484600,2.88941
2011-06-03,3.03,3.10,2.96,3.01,977300,2.860896
2011-06-02,3.09,3.17,3.03,3.06,789800,2.90842
2011-06-01,3.09,3.14,3.07,3.09,640500,2.936934
2011-05-31,3.18,3.19,3.10,3.13,3276700,2.974952
2011-05-27,3.28,3.29,3.15,3.15,895000,2.993962
2011-05-26,3.19,3.28,3.12,3.26,640000,3.098512
2011-05-25,3.23,3.24,3.13,3.19,869700,3.03198
2011-05-24,3.24,3.30,3.19,3.23,530100,3.069999
2011-05-23,3.25,3.26,3.22,3.24,494800,3.079503
2011-05-20,3.23,3.29,3.18,3.24,787900,3.079503
2011-05-19,3.15,3.35,3.15,3.25,1239400,3.089008
2011-05-18,3.19,3.20,3.10,3.15,798000,2.993962
2011-05-17,3.21,3.22,3.14,3.15,568100,2.993962
2011-05-16,3.15,3.21,3.11,3.17,964700,3.012971
2011-05-13,3.15,3.27,3.14,3.20,2220000,3.041485
2011-05-12,2.99,3.19,2.94,3.19,23200000,3.03198
2011-05-11,3.32,3.32,2.98,3.06,1600000,2.90842
2011-05-10,3.49,3.50,3.28,3.33,1660800,3.165045
2011-05-09,3.60,3.73,3.60,3.66,220000,3.478698
2011-05-06,3.60,3.74,3.59,3.60,128000,3.42167
2011-05-05,3.75,3.79,3.60,3.60,515900,3.42167
2011-05-04,3.91,3.93,3.75,3.75,280500,3.56424
2011-05-03,3.86,3.96,3.81,3.95,420100,3.754333
2011-05-02,4.02,4.03,3.86,3.86,307000,3.668791
2011-04-29,4.02,4.02,3.99,4.00,287000,3.801856
2011-04-28,4.03,4.04,4.00,4.00,572700,3.801856
2011-04-27,4.08,4.08,4.01,4.04,290000,3.839874
2011-04-26,4.10,4.26,3.97,4.08,2401100,3.877893
2011-04-25,5.15,5.21,5.06,5.06,110800,4.809348
2011-04-21,5.18,5.35,5.15,5.15,128200,4.894889
2011-04-20,5.24,5.24,5.11,5.18,111000,4.923403
2011-04-19,5.24,5.42,5.17,5.19,126900,4.932908
2011-04-18,5.24,5.26,5.16,5.24,52100,4.980431
2011-04-15,5.11,5.30,5.10,5.29,175600,5.027954
2011-04-14,5.09,5.17,5.04,5.11,184100,4.856871
2011-04-13,5.08,5.22,5.07,5.16,184200,4.904394
2011-04-12,5.15,5.17,5.01,5.06,140400,4.809348
2011-04-11,5.07,5.24,5.07,5.22,89700,4.961422
2011-04-08,5.19,5.19,5.01,5.08,171400,4.828357
2011-04-07,5.15,5.33,5.15,5.15,170600,4.894889
2011-04-06,5.11,5.21,5.02,5.13,67700,4.87588
2011-04-05,5.12,5.20,5.10,5.11,57800,4.856871
2011-04-04,5.36,5.40,5.11,5.11,145800,4.856871
2011-04-01,4.96,5.34,4.95,5.34,279100,5.075478
2011-03-31,4.92,4.94,4.81,4.90,296500,4.657273
2011-03-30,5.15,5.29,4.90,4.94,287100,4.695292
2011-03-29,5.07,5.16,5.03,5.11,81200,4.856871
2011-03-28,5.08,5.13,5.06,5.06,121800,4.809348
2011-03-25,4.89,5.26,4.89,5.06,315800,4.809348
2011-03-24,4.78,4.97,4.77,4.89,445100,4.647769
2011-03-23,4.84,4.85,4.72,4.77,585600,4.533713
2011-03-22,4.85,5.03,4.83,4.86,560600,4.619255
2011-03-21,4.90,4.96,4.80,4.87,617400,4.628759
2011-03-18,5.33,5.34,4.83,4.85,1950300,4.60975
2011-03-17,5.80,5.80,5.26,5.27,663800,5.008945
2011-03-16,6.01,6.03,5.81,5.81,127500,5.522195
2011-03-15,5.95,6.03,5.94,6.01,125400,5.712289
2011-03-14,6.11,6.12,5.97,5.99,90100,5.693279
2011-03-11,6.26,6.34,6.12,6.14,131500,5.835849
2011-03-10,6.40,6.40,6.25,6.28,104300,5.968914
2011-03-09,6.51,6.55,6.48,6.49,57400,6.168511
2011-03-08,6.40,6.54,6.38,6.51,56400,6.187521
2011-03-07,6.55,6.55,6.33,6.39,110400,6.073465
2011-03-04,6.59,6.59,6.50,6.56,176500,6.235043
2011-03-03,6.56,6.61,6.56,6.58,55300,6.254053
2011-03-02,6.55,6.55,6.50,6.51,155400,6.187521
2011-03-01,6.60,6.64,6.50,6.53,59500,6.20653
2011-02-28,6.62,6.65,6.54,6.61,41200,6.282567
2011-02-25,6.56,6.65,6.52,6.56,123200,6.235043
2011-02-24,6.50,6.54,6.49,6.53,78700,6.20653
2011-02-23,6.58,6.64,6.49,6.50,113500,6.178016
2011-02-22,6.72,6.72,6.55,6.58,136500,6.254053
2011-02-18,6.58,6.72,6.53,6.72,147600,6.387118
2011-02-17,6.50,6.60,6.49,6.54,67000,6.216034
2011-02-16,6.55,6.60,6.51,6.52,152600,6.197025
2011-02-15,6.46,6.56,6.46,6.50,109900,6.178016
2011-02-14,6.46,6.58,6.45,6.47,89300,6.149502
2011-02-11,6.42,6.52,6.40,6.48,155900,6.159006
2011-02-10,6.40,6.56,6.40,6.46,105100,6.139997
2011-02-09,6.54,6.66,6.40,6.44,113300,6.120988
2011-02-08,6.47,6.51,6.44,6.48,110800,6.159006
2011-02-07,6.50,6.55,6.43,6.49,102400,6.168511
2011-02-04,6.53,6.54,6.43,6.48,225400,6.159006
2011-02-03,6.48,6.52,6.40,6.52,100100,6.197025
2011-02-02,6.44,6.50,6.40,6.47,93000,6.149502
2011-02-01,6.49,6.49,6.35,6.41,230300,6.092474
2011-01-31,6.50,6.52,6.39,6.42,388500,6.101979
2011-01-28,6.50,6.54,6.42,6.46,405300,6.139997
2011-01-27,6.48,6.50,6.39,6.47,194300,6.149502
2011-01-26,6.37,6.50,6.35,6.49,281600,6.168511
2011-01-25,6.26,6.54,6.03,6.35,1709200,6.035446
2011-01-24,6.89,6.90,6.64,6.75,217200,6.415632
2011-01-21,6.83,7.07,6.80,6.87,686900,6.529687
2011-01-20,7.16,7.29,6.78,6.78,279800,6.444146
2011-01-19,7.43,7.48,7.15,7.17,77900,6.814827
2011-01-18,7.54,7.59,7.45,7.46,92800,7.090461
2011-01-14,7.60,7.70,7.60,7.63,50400,7.25204
2011-01-13,7.64,7.76,7.57,7.59,55900,7.214022
2011-01-12,7.61,7.70,7.55,7.65,58900,7.271049
2011-01-11,7.43,7.64,7.43,7.54,56000,7.166498
2011-01-10,7.60,7.65,7.39,7.39,124000,7.023928
2011-01-07,7.84,7.84,7.52,7.59,100300,7.214022
2011-01-06,7.94,8.01,7.75,7.81,76000,7.423123
2011-01-05,7.98,8.09,7.92,7.96,101900,7.565693
2011-01-04,7.99,8.13,7.88,8.01,136300,7.613216
2011-01-03,7.71,7.99,7.66,7.99,142900,7.594207
2010-12-31,7.66,7.72,7.61,7.62,67600,7.242535
2010-12-30,7.75,7.81,7.65,7.65,131600,7.271049
2010-12-29,7.83,8.00,7.79,7.79,107100,7.404114
2010-12-28,7.88,7.95,7.76,7.80,62900,7.413619
2010-12-27,7.63,7.86,7.63,7.85,69700,7.461142
2010-12-23,7.58,7.72,7.53,7.63,165000,7.25204
2010-12-22,7.60,7.68,7.55,7.58,88100,7.204517
2010-12-21,7.44,7.70,7.34,7.59,116700,7.214022
2010-12-20,7.51,7.52,7.36,7.40,131600,7.033433
2010-12-17,7.49,7.58,7.34,7.45,278900,7.080956
2010-12-16,7.56,7.60,7.42,7.49,255100,7.118975
2010-12-15,7.78,7.85,7.52,7.56,150800,7.185507
2010-12-14,7.77,8.01,7.68,7.77,60000,7.385105
2010-12-13,7.69,7.77,7.43,7.74,133600,7.356591
2010-12-10,7.67,7.77,7.60,7.70,212300,7.318572
2010-12-09,7.78,7.83,7.63,7.64,63400,7.261544
2010-12-08,7.51,7.88,7.50,7.71,101900,7.328077
2010-12-07,7.50,7.62,7.38,7.50,118900,7.12848
2010-12-06,7.27,7.43,7.25,7.43,217100,7.061947
2010-12-03,7.41,7.51,7.26,7.31,198200,6.947891
2010-12-02,7.25,7.46,7.08,7.46,53800,7.090461
2010-12-01,7.14,7.29,7.10,7.27,92800,6.909873
2010-11-30,7.23,7.23,7.01,7.08,57500,6.729285
2010-11-29,7.07,7.31,7.06,7.30,29900,6.938387
2010-11-26,7.12,7.23,7.10,7.12,44800,6.767303
2010-11-24,7.11,7.19,6.78,7.18,131800,6.824331
2010-11-23,6.60,7.05,6.60,7.03,125500,6.681762
2010-11-22,6.64,6.70,6.54,6.69,138800,6.358604
2010-11-19,6.75,6.83,6.68,6.68,67700,6.349099
2010-11-18,6.99,7.12,6.73,6.74,114700,6.406127
2010-11-17,6.84,6.93,6.78,6.90,30300,6.558201
2010-11-16,6.88,6.95,6.70,6.83,75200,6.491669
2010-11-15,7.00,7.01,6.88,6.94,21000,6.59622
2010-11-12,7.05,7.08,6.95,6.95,60500,6.605724
2010-11-11,7.02,7.15,7.02,7.13,43400,6.776808
2010-11-10,7.10,7.10,7.04,7.10,84400,6.748294
2010-11-09,7.00,7.10,6.98,7.08,163300,6.729285
2010-11-08,7.16,7.19,7.02,7.08,135500,6.729285
2010-11-05,7.03,7.20,7.03,7.17,115600,6.814827
2010-11-04,7.06,7.10,6.95,7.00,172300,6.653248
2010-11-03,6.97,7.03,6.87,7.00,56300,6.653248
2010-11-02,6.95,7.00,6.85,6.99,76400,6.643743
2010-11-01,6.72,6.89,6.65,6.87,94100,6.529687
2010-10-29,6.94,7.02,6.67,6.71,111300,6.377613
2010-10-28,7.11,7.16,6.90,6.97,181100,6.624734
2010-10-27,7.13,7.27,6.97,7.04,277200,6.691266
2010-10-26,7.03,7.35,7.01,7.14,146900,6.786312
2010-10-25,7.12,7.21,7.00,7.05,65000,6.700771
2010-10-22,7.07,7.15,6.96,7.06,46600,6.710275
2010-10-21,7.11,7.20,6.99,7.07,80100,6.71978
2010-10-20,7.06,7.17,7.00,7.07,56600,6.71978
2010-10-19,6.83,7.10,6.83,7.03,72500,6.681762
2010-10-18,6.98,6.99,6.82,6.92,87300,6.577211
2010-10-15,7.07,7.07,6.87,6.99,70600,6.643743
2010-10-14,7.07,7.10,6.94,7.02,60600,6.672257
2010-10-13,6.98,7.19,6.94,7.10,67500,6.748294
2010-10-12,6.89,7.00,6.79,6.95,80400,6.605724
2010-10-11,6.87,6.97,6.78,6.92,51400,6.577211
2010-10-08,6.75,6.91,6.64,6.87,39700,6.529687
2010-10-07,6.89,6.90,6.73,6.73,50000,6.396622
2010-10-06,6.79,6.91,6.76,6.84,51100,6.501174
2010-10-05,6.54,6.85,6.35,6.83,123300,6.491669
2010-10-04,6.49,6.49,6.29,6.46,118300,6.139997
2010-10-01,6.61,6.61,6.35,6.51,64100,6.187521
2010-09-30,6.82,6.82,6.51,6.54,76600,6.216034
2010-09-29,6.90,6.90,6.69,6.76,142900,6.425137
2010-09-28,6.67,6.98,6.57,6.91,111500,6.567706
2010-09-27,6.62,6.67,6.53,6.64,37000,6.311081
2010-09-24,6.39,6.60,6.39,6.60,86100,6.273062
2010-09-23,6.25,6.38,6.25,6.31,52600,5.997427
2010-09-22,6.30,6.39,6.29,6.31,89300,5.997427
2010-09-21,6.39,6.44,6.31,6.31,69500,5.997427
2010-09-20,6.37,6.44,6.25,6.40,114300,6.082969
2010-09-17,6.33,6.40,6.25,6.34,120000,6.025942
2010-09-16,6.36,6.36,6.25,6.26,64300,5.949905
2010-09-15,6.41,6.46,6.25,6.39,45000,6.073465
2010-09-14,6.28,6.44,6.28,6.42,71300,6.101979
2010-09-13,6.19,6.34,6.19,6.29,165100,5.978418
2010-09-10,6.12,6.18,6.04,6.12,137200,5.816839
2010-09-09,6.17,6.19,6.09,6.12,60000,5.816839
2010-09-08,6.07,6.23,6.06,6.11,241400,5.807335
2010-09-07,6.18,6.18,6.03,6.07,181000,5.769316
2010-09-03,6.34,6.36,6.19,6.22,243700,5.911886
2010-09-02,6.41,6.42,6.15,6.26,134000,5.949905
2010-09-01,6.29,6.45,6.24,6.45,121900,6.130492
2010-08-31,6.14,6.23,6.10,6.18,151500,5.873867
2010-08-30,6.27,6.33,6.13,6.18,143400,5.873867
2010-08-27,6.33,6.33,6.10,6.31,87300,5.997427
2010-08-26,6.28,6.30,6.10,6.26,176600,5.949905
2010-08-25,6.15,6.21,6.07,6.21,141600,5.902381
2010-08-24,6.17,6.25,6.03,6.15,196900,5.845353
2010-08-23,6.32,6.43,6.16,6.19,93200,5.883372
2010-08-20,6.28,6.37,6.25,6.28,124100,5.968914
2010-08-19,6.41,6.51,6.25,6.33,145800,6.016437
2010-08-18,6.68,6.68,6.40,6.43,126800,6.111483
2010-08-17,6.59,6.75,6.52,6.67,100900,6.339595
2010-08-16,6.52,6.58,6.39,6.51,136800,6.187521
2010-08-13,6.75,6.78,6.51,6.51,144400,6.187521
2010-08-12,6.88,6.99,6.74,6.77,161700,6.434641
2010-08-11,7.20,7.27,6.96,6.97,96300,6.624734
2010-08-10,7.35,7.41,7.20,7.35,99100,6.98591
2010-08-09,7.48,7.48,7.40,7.44,89800,7.071452
2010-08-06,7.36,7.49,7.22,7.41,44500,7.042938
2010-08-05,7.43,7.52,7.40,7.48,67500,7.10947
2010-08-04,7.48,7.55,7.40,7.50,69100,7.12848
2010-08-03,7.57,7.70,7.46,7.48,75100,7.10947
2010-08-02,7.58,7.68,7.44,7.62,135500,7.242535
2010-07-30,7.45,7.56,7.25,7.53,246500,7.156994
2010-07-29,7.56,7.63,7.32,7.53,86400,7.156994
2010-07-28,7.78,7.81,7.38,7.54,133300,7.166498
2010-07-27,7.14,8.01,7.01,7.77,296500,7.385105
2010-07-26,7.02,7.04,6.94,7.01,212700,6.662753
2010-07-23,6.97,7.01,6.83,6.96,338000,6.615229
2010-07-22,6.98,7.08,6.94,7.00,75500,6.653248
2010-07-21,7.00,7.23,6.83,6.90,197500,6.558201
2010-07-20,6.84,6.99,6.84,6.96,112000,6.615229
2010-07-19,6.84,7.00,6.80,6.91,159200,6.567706
2010-07-16,6.99,7.13,6.81,6.85,191600,6.510678
2010-07-15,7.09,7.09,6.94,7.06,101600,6.710275
2010-07-14,7.10,7.14,7.06,7.10,117600,6.748294
2010-07-13,7.31,7.33,7.09,7.17,147000,6.814827
2010-07-12,7.02,7.27,7.02,7.21,567500,6.852845
2010-07-09,7.15,7.20,6.97,7.05,584000,6.700771
2010-07-08,7.07,7.24,7.02,7.16,377200,6.805322
2010-07-07,6.99,7.08,6.88,7.00,261500,6.653248
2010-07-06,7.69,7.69,6.89,6.99,408800,6.643743
2010-07-02,7.98,8.00,7.53,7.56,924300,7.185507
2010-07-01,8.78,8.83,8.30,8.55,132400,8.126467
2010-06-30,9.02,9.12,8.67,8.75,117900,8.31656
2010-06-29,9.24,9.29,8.93,8.99,125400,8.544671
2010-06-28,9.45,9.45,9.32,9.40,63200,8.934361
2010-06-25,9.44,9.52,9.29,9.46,233200,8.991389
2010-06-24,9.48,9.55,9.36,9.37,77700,8.905847
2010-06-23,9.48,9.58,9.37,9.52,115200,9.048417
2010-06-22,9.55,9.60,9.45,9.47,104900,9.000894
2010-06-21,9.61,9.66,9.41,9.49,102100,9.019903
2010-06-18,9.51,9.60,9.14,9.59,194200,9.114949
2010-06-17,9.60,9.60,9.39,9.46,76700,8.991389
2010-06-16,9.47,9.65,9.39,9.57,209100,9.09594
2010-06-15,9.46,9.58,9.22,9.55,139900,9.076931
2010-06-14,9.46,9.67,9.35,9.40,219300,8.934361
2010-06-11,9.04,9.37,8.91,9.36,101500,8.896342
2010-06-10,9.15,9.21,8.90,9.17,153600,8.715754
2010-06-09,9.15,9.23,8.95,9.05,130000,8.601699
2010-06-08,9.16,9.27,9.03,9.15,89600,8.696745
2010-06-07,9.60,9.62,9.15,9.15,162800,8.696745
2010-06-04,9.75,9.78,9.55,9.55,201400,9.076931
2010-06-03,9.97,10.05,9.85,9.92,93100,9.428602
2010-06-02,9.80,10.01,9.73,9.99,85900,9.495135
2010-06-01,10.07,10.14,9.76,9.78,105200,9.295537
2010-05-28,10.25,10.35,9.91,10.18,120000,9.675723
2010-05-27,10.35,10.45,10.20,10.31,139600,9.799284
2010-05-26,10.52,10.63,10.10,10.12,86300,9.618695
2010-05-25,10.25,10.50,10.15,10.48,136600,9.960862
2010-05-24,10.72,10.79,10.47,10.47,114200,9.951358
2010-05-21,10.55,10.91,10.53,10.74,108800,10.207983
2010-05-20,10.80,10.94,10.65,10.65,157800,10.122441
2010-05-19,10.85,11.03,10.80,10.94,83200,10.398075
2010-05-18,11.20,11.20,10.88,10.91,93800,10.369562
2010-05-17,11.21,11.40,10.90,11.11,80900,10.559654
2010-05-14,11.08,11.18,10.93,11.15,101800,10.597673
2010-05-13,11.08,11.20,11.05,11.17,94700,10.616682
2010-05-12,11.04,11.18,10.98,11.08,61700,10.531141
2010-05-11,11.09,11.20,10.69,11.04,90900,10.493122
2010-05-10,11.09,11.24,10.87,11.19,152500,10.635691
2010-05-07,10.84,11.05,10.34,10.40,115900,9.884825
2010-05-06,11.03,11.42,10.43,10.84,146800,10.303029
2010-05-05,10.94,11.15,10.90,11.11,144000,10.559654
2010-05-04,11.12,11.15,10.87,11.05,126100,10.502627
2010-05-03,10.91,11.26,10.90,11.21,91900,10.654701
2010-04-30,11.41,11.45,10.86,10.86,86900,10.322038
2010-04-29,11.15,11.45,11.06,11.44,121900,10.873307
2010-04-28,11.36,11.38,10.96,11.13,85900,10.578664
2010-04-27,11.51,11.64,11.25,11.27,197400,10.711729
2010-04-26,11.49,11.60,11.41,11.52,208100,10.949345
2010-04-23,11.51,11.59,11.40,11.55,75700,10.977859
2010-04-22,11.18,11.63,11.18,11.54,185800,10.968354
2010-04-21,11.41,11.60,11.25,11.55,158800,10.977859
2010-04-20,11.38,11.48,11.22,11.39,78500,10.825785
2010-04-19,11.32,11.42,11.11,11.30,125700,10.740243
2010-04-16,11.65,11.71,11.25,11.31,199200,10.749748
2010-04-15,11.56,11.79,11.56,11.64,151000,11.063401
2010-04-14,11.38,11.66,11.31,11.56,191500,10.987364
2010-04-13,11.27,11.40,11.14,11.36,57200,10.79727
2010-04-12,11.34,11.39,11.15,11.27,258900,10.711729
2010-04-09,11.41,11.44,11.30,11.37,63100,10.806775
2010-04-08,11.45,11.60,11.35,11.40,102600,10.835289
2010-04-07,11.32,11.60,11.23,11.43,127400,10.863803
2010-04-06,11.21,11.34,11.12,11.28,81100,10.721233
2010-04-05,11.15,11.27,11.01,11.27,162200,10.711729
2010-04-01,11.12,11.27,10.98,11.13,58400,10.578664
2010-03-31,11.22,11.45,11.01,11.03,205600,10.483617
2010-03-30,11.65,11.65,11.20,11.25,82900,10.692719
2010-03-29,11.54,11.70,11.27,11.62,306800,11.044391
2010-03-26,11.84,11.88,11.39,11.55,129600,10.930336
2010-03-25,11.69,11.93,11.68,11.75,248500,11.119605
2010-03-24,11.73,11.85,11.60,11.73,155200,11.100678
2010-03-23,11.45,11.84,11.30,11.81,255600,11.176387
2010-03-22,11.26,11.87,11.11,11.83,231000,11.195313
2010-03-19,10.83,11.42,10.73,11.42,352500,10.80731
2010-03-18,10.39,10.90,10.38,10.77,216000,10.192183
2010-03-17,9.95,10.38,9.92,10.37,123600,9.813643
2010-03-16,9.60,9.95,9.57,9.94,160800,9.406712
2010-03-15,9.60,9.60,9.52,9.60,37200,9.084954
2010-03-12,9.54,9.61,9.46,9.61,101800,9.094417
2010-03-11,9.38,9.54,9.38,9.54,75300,9.028173
2010-03-10,9.50,9.50,9.42,9.45,59900,8.943001
2010-03-09,9.30,9.51,9.30,9.51,47300,8.999783
2010-03-08,9.46,9.49,9.36,9.49,44900,8.980855
2010-03-05,9.50,9.50,9.39,9.47,63200,8.961929
2010-03-04,9.37,9.46,9.25,9.46,34500,8.952465
2010-03-03,9.40,9.48,9.24,9.31,81900,8.810513
2010-03-02,9.46,9.49,9.32,9.36,88800,8.85783
2010-03-01,9.42,9.47,9.34,9.47,95700,8.961929
2010-02-26,9.40,9.42,9.11,9.40,84400,8.895684
2010-02-25,9.35,9.38,9.17,9.38,65900,8.876757
2010-02-24,9.10,9.44,9.10,9.42,72200,8.914611
2010-02-23,9.10,9.20,8.98,9.11,130800,8.621243
2010-02-22,9.39,9.50,9.28,9.50,40100,8.990319
2010-02-19,9.48,9.50,9.28,9.38,91600,8.876757
2010-02-18,9.37,9.53,9.26,9.48,73900,8.971392
2010-02-17,9.49,9.55,9.30,9.41,108900,8.905148
2010-02-16,9.31,9.50,9.24,9.50,51300,8.990319
2010-02-12,9.21,9.27,8.96,9.25,139800,8.753732
2010-02-11,8.98,9.27,8.97,9.27,135300,8.772659
2010-02-10,8.84,8.99,8.80,8.98,76800,8.498217
2010-02-09,8.88,9.00,8.73,8.85,64800,8.375192
2010-02-08,9.03,9.08,8.78,8.82,52900,8.346801
2010-02-05,8.87,9.12,8.87,9.04,90400,8.554998
2010-02-04,8.93,9.07,8.80,8.85,141500,8.375192
2010-02-03,8.95,9.06,8.76,8.99,110600,8.507681
2010-02-02,9.03,9.12,8.95,8.97,69300,8.488754
2010-02-01,9.27,9.27,8.85,9.03,114800,8.545535
2010-01-29,9.27,9.34,9.00,9.21,101600,8.715878
2010-01-28,9.33,9.49,9.03,9.25,133600,8.753732
2010-01-27,9.27,9.48,9.25,9.28,132100,8.782122
2010-01-26,9.42,9.60,9.26,9.30,155900,8.801049
2010-01-25,9.45,9.50,9.07,9.43,197600,8.924075
2010-01-22,8.90,9.74,8.86,9.45,617000,8.943001
2010-01-21,8.14,8.67,8.13,8.53,346400,8.07236
2010-01-20,7.92,8.25,7.86,8.14,153700,7.703284
2010-01-19,7.89,8.04,7.80,7.98,214300,7.551868
2010-01-15,8.00,8.00,7.60,7.85,195800,7.428843
2010-01-14,8.00,8.03,7.90,7.98,99900,7.551868
2010-01-13,8.12,8.13,7.99,8.06,86900,7.627576
2010-01-12,7.83,8.11,7.81,8.10,118700,7.66543
2010-01-11,7.91,7.94,7.69,7.87,124000,7.44777
2010-01-08,8.33,8.33,7.85,7.97,179700,7.542404
2010-01-07,8.40,8.45,8.23,8.39,115800,7.939872
2010-01-06,8.40,8.53,8.30,8.38,211300,7.930408
2010-01-05,8.50,8.50,8.33,8.37,191300,7.920944
2010-01-04,8.29,8.49,8.25,8.45,231700,7.996652
2009-12-31,8.39,8.49,8.19,8.19,104200,7.750601
2009-12-30,8.37,8.42,8.18,8.42,88700,7.968262
2009-12-29,8.50,8.50,8.20,8.39,103200,7.939872
2009-12-28,8.29,8.50,8.21,8.50,115300,7.996652
2009-12-24,8.29,8.34,8.02,8.28,26900,7.78968
2009-12-23,7.78,8.35,7.67,8.22,217500,7.733233
2009-12-22,7.46,7.79,7.34,7.72,165100,7.262842
2009-12-21,7.61,7.68,7.45,7.48,83500,7.037054
2009-12-18,7.34,7.61,7.21,7.61,457500,7.159356
2009-12-17,7.36,7.36,7.20,7.28,105500,6.848898
2009-12-16,7.43,7.52,7.36,7.43,108300,6.990015
2009-12-15,7.54,7.55,7.37,7.39,174900,6.952383
2009-12-14,7.30,7.62,7.12,7.60,153600,7.149948
2009-12-11,7.27,7.48,7.23,7.29,177000,6.858305
2009-12-10,7.09,7.32,7.09,7.25,101200,6.820674
2009-12-09,6.96,7.15,6.85,7.06,127500,6.641925
2009-12-08,7.20,7.24,6.90,6.93,111000,6.519623
2009-12-07,7.40,7.42,7.20,7.27,49600,6.83949
2009-12-04,7.30,7.49,7.19,7.38,84100,6.942976
2009-12-03,7.47,7.55,7.23,7.25,147300,6.820674
2009-12-02,7.20,7.45,7.07,7.43,136900,6.990015
2009-12-01,7.06,7.28,7.04,7.17,160700,6.745411
2009-11-30,6.77,7.06,6.71,7.01,198300,6.594886
2009-11-27,6.88,6.97,6.75,6.76,51200,6.359691
2009-11-25,6.90,7.05,6.90,6.95,72700,6.538439
2009-11-24,6.82,6.97,6.80,6.92,228000,6.510216
2009-11-23,6.74,6.94,6.74,6.82,116000,6.416138
2009-11-20,6.60,6.75,6.60,6.68,141200,6.284428
2009-11-19,6.62,6.70,6.58,6.60,99700,6.209165
2009-11-18,6.69,6.77,6.66,6.66,53800,6.265612
2009-11-17,6.80,6.86,6.67,6.70,132200,6.303243
2009-11-16,6.62,6.83,6.62,6.82,167700,6.416138
2009-11-13,6.56,6.60,6.45,6.56,327200,6.171534
2009-11-12,6.66,6.82,6.55,6.55,110900,6.162126
2009-11-11,6.61,6.74,6.56,6.66,62500,6.265612
2009-11-10,6.65,6.67,6.53,6.55,135000,6.162126
2009-11-09,6.48,6.68,6.38,6.68,102100,6.284428
2009-11-06,6.60,6.60,6.43,6.44,70300,6.05864
2009-11-05,6.56,6.70,6.34,6.64,90300,6.246796
2009-11-04,6.47,6.61,6.39,6.50,158200,6.115087
2009-11-03,6.57,6.61,6.37,6.42,108700,6.039824
2009-11-02,7.07,7.09,6.58,6.61,172100,6.218573
2009-10-30,7.17,7.30,6.99,7.04,164600,6.62311
2009-10-29,7.25,7.30,7.14,7.24,123700,6.811266
2009-10-28,7.15,7.34,7.05,7.20,160700,6.773635
2009-10-27,6.75,7.28,6.75,7.20,395700,6.773635
2009-10-26,7.18,7.29,6.89,6.91,131000,6.500808
2009-10-23,7.32,7.42,7.10,7.15,89100,6.726596
2009-10-22,7.15,7.38,7.12,7.29,84200,6.858305
2009-10-21,7.36,7.38,7.11,7.14,193300,6.717188
2009-10-20,7.55,7.65,7.35,7.37,184300,6.933568
2009-10-19,7.55,7.72,7.50,7.58,218000,7.131132
2009-10-16,7.48,7.66,7.37,7.56,128600,7.112316
2009-10-15,7.50,7.57,7.39,7.52,94100,7.074685
2009-10-14,7.37,7.61,7.37,7.50,93600,7.05587
2009-10-13,7.59,7.59,7.25,7.32,59900,6.886529
2009-10-12,7.63,7.76,7.57,7.58,112100,7.131132
2009-10-09,7.63,7.63,7.50,7.60,57800,7.149948
2009-10-08,7.68,7.83,7.56,7.66,173700,7.206395
2009-10-07,7.66,7.72,7.51,7.61,125300,7.159356
2009-10-06,7.43,7.89,7.40,7.66,315400,7.206395
2009-10-05,7.16,7.41,7.12,7.37,99800,6.933568
2009-10-02,7.04,7.24,7.01,7.15,65200,6.726596
2009-10-01,7.31,7.32,7.00,7.10,93400,6.679556
2009-09-30,7.50,7.57,7.20,7.34,78300,6.905344
2009-09-29,7.63,7.63,7.42,7.47,38100,7.027646
2009-09-28,7.47,7.72,7.42,7.65,57700,7.196987
2009-09-25,7.38,7.61,7.38,7.45,177900,6.961791
2009-09-24,7.83,7.88,7.36,7.38,192500,6.896379
2009-09-23,7.66,7.89,7.58,7.82,117500,7.307545
2009-09-22,7.45,7.68,7.33,7.66,97400,7.15803
2009-09-21,7.65,7.80,7.35,7.43,175900,6.943102
2009-09-18,7.72,7.79,7.58,7.62,177100,7.120651
2009-09-17,7.90,8.00,7.66,7.69,133900,7.186064
2009-09-16,7.79,7.98,7.79,7.96,89400,7.43837
2009-09-15,7.75,7.80,7.61,7.76,130900,7.251477
2009-09-14,7.74,7.85,7.67,7.79,130900,7.279511
2009-09-11,7.97,7.97,7.75,7.78,101600,7.270166
2009-09-10,7.94,8.05,7.75,7.98,189600,7.45706
2009-09-09,7.90,8.06,7.83,7.97,94400,7.447715
2009-09-08,7.91,7.98,7.75,7.96,98900,7.43837
2009-09-04,7.86,8.02,7.75,7.93,62800,7.410336
2009-09-03,7.65,7.89,7.57,7.86,128700,7.344924
2009-09-02,7.88,7.94,7.57,7.60,218000,7.101961
2009-09-01,8.22,8.47,7.80,7.99,197800,7.466404
2009-08-31,8.47,8.52,8.19,8.28,204400,7.7374
2009-08-28,8.64,8.71,8.50,8.53,125700,7.971017
2009-08-27,8.71,8.77,8.56,8.60,140600,8.036431
2009-08-26,8.68,8.85,8.59,8.65,145500,8.083153
2009-08-25,8.81,8.96,8.56,8.70,136500,8.129877
2009-08-24,9.14,9.20,8.72,8.79,236700,8.213979
2009-08-21,9.18,9.25,9.02,9.12,194400,8.522354
2009-08-20,9.16,9.20,9.01,9.15,176300,8.550388
2009-08-19,9.28,9.32,9.11,9.16,236700,8.559732
2009-08-18,9.20,9.36,9.20,9.26,135800,8.65318
2009-08-17,9.25,9.32,9.09,9.21,478300,8.606456
2009-08-14,9.44,9.52,9.18,9.39,240400,8.774661
2009-08-13,9.07,9.57,9.07,9.43,369300,8.812039
2009-08-12,8.33,9.14,8.27,9.06,414900,8.466286
2009-08-11,8.12,8.36,7.87,8.35,227200,7.802813
2009-08-10,7.70,8.15,7.70,8.13,281100,7.59723
2009-08-07,7.81,7.99,7.63,7.89,250400,7.372957
2009-08-06,7.89,7.90,7.57,7.74,152400,7.232787
2009-08-05,7.77,7.89,7.52,7.82,190400,7.307545
2009-08-04,7.50,7.80,7.46,7.74,206300,7.232787
2009-08-03,7.43,7.59,7.43,7.52,283400,7.027204
2009-07-31,7.37,7.72,7.29,7.36,450200,6.877689
2009-07-30,7.28,7.55,7.13,7.44,285800,6.952447
2009-07-29,6.99,7.28,6.86,7.22,212300,6.746863
2009-07-28,7.15,7.77,6.60,7.02,509600,6.55997
2009-07-27,7.10,7.56,6.86,7.45,272900,6.961791
2009-07-24,6.91,7.10,6.70,7.08,153600,6.616038
2009-07-23,6.66,6.97,6.63,6.95,299600,6.494557
2009-07-22,6.51,6.74,6.51,6.68,123200,6.24225
2009-07-21,6.83,6.83,6.51,6.55,126200,6.12077
2009-07-20,6.81,6.86,6.58,6.77,95900,6.326353
2009-07-17,6.81,6.90,6.59,6.75,147000,6.307663
2009-07-16,6.56,6.85,6.55,6.79,98200,6.345042
2009-07-15,6.35,6.66,6.31,6.61,135600,6.176838
2009-07-14,6.48,6.48,6.21,6.27,83300,5.859118
2009-07-13,6.19,6.40,6.00,6.40,170200,5.980599
2009-07-10,6.01,6.21,6.01,6.13,81700,5.728293
2009-07-09,5.94,6.23,5.92,5.98,130600,5.588122
2009-07-08,6.15,6.22,5.77,5.89,162200,5.50402
2009-07-07,6.47,6.53,6.13,6.14,179000,5.737637
2009-07-06,5.76,6.43,5.76,6.35,273200,5.933876
2009-07-02,6.25,6.35,5.75,5.75,185400,5.373195
2009-07-01,5.84,6.48,5.76,6.23,168100,5.82174
2009-06-30,5.66,5.84,5.64,5.75,117400,5.373195
2009-06-29,5.68,5.80,5.55,5.63,127600,5.261058
2009-06-26,5.79,5.79,5.40,5.66,407600,5.289092
2009-06-25,5.77,5.83,5.52,5.76,142400,5.335816
2009-06-24,5.95,6.07,5.78,5.80,127300,5.37287
2009-06-23,6.00,6.14,5.75,5.86,85400,5.428452
2009-06-22,6.43,6.58,5.91,5.93,117800,5.493296
2009-06-19,6.29,6.67,6.14,6.47,199000,5.993529
2009-06-18,6.11,6.50,6.08,6.20,137800,5.743413
2009-06-17,6.44,6.44,6.09,6.10,176100,5.650777
2009-06-16,6.56,6.91,6.41,6.47,190700,5.993529
2009-06-15,6.43,6.64,6.26,6.56,183200,6.076901
2009-06-12,6.34,6.77,6.22,6.56,213400,6.076901
2009-06-11,5.83,6.70,5.82,6.41,239300,5.937948
2009-06-10,5.64,5.84,5.44,5.83,135700,5.400661
2009-06-09,5.70,5.70,5.38,5.59,125400,5.178335
2009-06-08,5.47,5.63,5.10,5.54,91200,5.132017
2009-06-05,5.59,5.73,5.49,5.59,125000,5.178335
2009-06-04,5.24,5.56,5.09,5.55,130500,5.141281
2009-06-03,5.22,5.24,5.12,5.21,183300,4.82632
2009-06-02,4.97,5.25,4.83,5.25,156300,4.863374
2009-06-01,4.89,5.06,4.71,4.97,178100,4.603994
2009-05-29,4.76,4.89,4.71,4.82,116600,4.46504
2009-05-28,4.87,5.04,4.72,4.72,121600,4.372404
2009-05-27,5.05,5.07,4.82,4.84,72700,4.483568
2009-05-26,4.81,5.08,4.81,5.07,88200,4.69663
2009-05-22,4.86,5.04,4.85,4.85,114500,4.492831
2009-05-21,4.83,4.94,4.76,4.84,130500,4.483568
2009-05-20,5.02,5.03,4.71,4.83,91900,4.474304
2009-05-19,5.00,5.04,4.87,4.96,90500,4.59473
2009-05-18,4.75,5.00,4.69,4.96,92200,4.59473
2009-05-15,4.77,4.87,4.61,4.70,129100,4.353877
2009-05-14,4.95,4.97,4.58,4.71,224600,4.363141
2009-05-13,5.02,5.37,4.93,4.94,271100,4.576203
2009-05-12,5.15,5.33,5.03,5.16,145200,4.780002
2009-05-11,5.16,5.33,5.03,5.10,146100,4.72442
2009-05-08,4.82,5.21,4.82,5.21,195800,4.82632
2009-05-07,4.65,4.93,4.52,4.66,264100,4.316823
2009-05-06,4.60,4.60,4.42,4.52,355900,4.187133
2009-05-05,4.13,4.64,4.13,4.58,309700,4.242715
2009-05-04,4.22,4.26,4.09,4.09,286200,3.7888
2009-05-01,4.05,4.19,4.05,4.10,171600,3.798063
2009-04-30,4.30,4.30,4.02,4.04,322700,3.742482
2009-04-29,4.02,4.28,4.01,4.19,278900,3.881436
2009-04-28,3.90,4.02,3.85,4.00,323000,3.705428
2009-04-27,4.02,4.12,3.91,3.95,155300,3.65911
2009-04-24,4.38,4.40,4.08,4.10,300300,3.798063
2009-04-23,4.84,4.84,4.39,4.39,225200,4.066707
2009-04-22,4.82,5.12,4.66,4.75,152400,4.400195
2009-04-21,4.59,4.82,4.09,4.71,259700,4.363141
2009-04-20,5.15,5.15,4.55,4.59,221200,4.251978
2009-04-17,5.30,5.51,5.07,5.24,353900,4.85411
2009-04-16,5.64,5.71,5.22,5.27,404700,4.881901
2009-04-15,5.11,5.60,5.11,5.57,103500,5.159808
2009-04-14,5.48,5.72,5.10,5.13,289300,4.752211
2009-04-13,5.05,5.46,5.05,5.36,142800,4.965273
2009-04-09,4.85,5.35,4.83,5.30,204300,4.909692
2009-04-08,4.89,4.89,4.76,4.81,109600,4.455777
2009-04-07,5.09,5.32,4.88,4.89,78200,4.529885
2009-04-06,5.02,5.29,4.83,5.18,128300,4.798529
2009-04-03,5.44,5.47,4.93,5.11,189200,4.733684
2009-04-02,5.54,5.64,5.31,5.48,160000,5.076436
2009-04-01,5.03,5.49,5.00,5.39,140200,4.993064
2009-03-31,4.65,5.49,4.65,5.16,250600,4.780002
2009-03-30,5.05,5.06,4.67,4.75,95600,4.400195
2009-03-27,5.40,5.65,5.04,5.05,90400,4.678103
2009-03-26,5.30,5.52,5.06,5.52,165000,5.067172
2009-03-25,5.14,5.62,4.73,5.20,147500,4.773423
2009-03-24,5.90,5.90,5.05,5.08,169700,4.663267
2009-03-23,4.59,5.97,4.59,5.97,133800,5.480257
2009-03-20,4.64,4.75,4.45,4.48,134700,4.112488
2009-03-19,4.81,5.02,4.56,4.58,74500,4.204284
2009-03-18,4.52,4.82,4.31,4.80,105100,4.406237
2009-03-17,4.15,4.42,4.15,4.35,139100,3.993152
2009-03-16,3.93,4.39,3.93,4.15,156700,3.809559
2009-03-13,3.77,3.99,3.75,3.89,113800,3.570888
2009-03-12,3.50,3.80,3.34,3.74,211600,3.433193
2009-03-11,3.74,3.82,3.45,3.47,93300,3.185342
2009-03-10,3.65,3.71,3.60,3.69,117000,3.387295
2009-03-09,3.62,3.64,3.43,3.48,76300,3.194522
2009-03-06,3.63,3.78,3.41,3.65,169200,3.350576
2009-03-05,3.58,3.62,3.33,3.34,294300,3.066006
2009-03-04,3.95,4.29,3.51,3.68,123700,3.378115
2009-03-03,4.31,4.37,3.88,3.88,143900,3.561708
2009-03-02,4.73,4.73,4.26,4.26,109100,3.910535
2009-02-27,4.76,4.93,4.68,4.76,83000,4.369518
2009-02-26,5.03,5.25,4.85,4.85,138900,4.452135
2009-02-25,5.02,5.19,4.67,5.00,115300,4.58983
2009-02-24,4.78,5.19,4.77,5.03,152600,4.617369
2009-02-23,5.32,5.40,4.67,4.70,130600,4.31444
2009-02-20,5.64,5.65,5.05,5.38,182900,4.938657
2009-02-19,5.79,6.07,5.66,5.70,201900,5.232406
2009-02-18,6.11,6.17,5.61,5.74,216500,5.269125
2009-02-17,6.36,6.42,5.95,6.01,156900,5.516976
2009-02-13,6.45,6.69,6.24,6.60,136400,6.058576
2009-02-12,6.22,6.46,5.98,6.43,190700,5.902521
2009-02-11,6.35,6.43,6.18,6.30,133300,5.783186
2009-02-10,6.97,7.02,6.29,6.30,160700,5.783186
2009-02-09,7.15,7.23,6.96,7.03,62200,6.453301
2009-02-06,6.93,7.27,6.89,7.20,120400,6.609355
2009-02-05,6.65,7.09,6.59,6.92,177000,6.352325
2009-02-04,6.62,6.96,6.62,6.72,59200,6.168731
2009-02-03,6.89,6.92,6.66,6.77,93700,6.21463
2009-02-02,6.79,6.83,6.52,6.81,156300,6.251348
2009-01-30,6.93,7.04,6.75,6.86,289200,6.297247
2009-01-29,7.41,7.41,6.85,6.87,189400,6.306426
2009-01-28,7.15,7.48,6.81,7.48,106300,6.866386
2009-01-27,6.94,7.17,6.47,7.06,243300,6.48084
2009-01-26,6.97,7.36,6.95,7.06,162500,6.48084
2009-01-23,6.76,7.17,6.70,6.94,143500,6.370684
2009-01-22,7.02,7.30,6.80,6.97,127900,6.398223
2009-01-21,6.75,7.20,6.61,7.18,107100,6.590996
2009-01-20,6.96,7.00,6.65,6.68,253600,6.132013
2009-01-16,7.30,7.30,6.85,7.15,133200,6.563457
2009-01-15,7.09,7.31,6.91,7.23,133700,6.636894
2009-01-14,7.37,7.89,7.02,7.04,136800,6.462481
2009-01-13,7.35,7.82,7.23,7.59,72600,6.967362
2009-01-12,7.92,8.06,7.33,7.41,163300,6.802128
2009-01-09,8.35,8.35,7.93,7.97,123700,7.316189
2009-01-08,8.72,8.81,8.21,8.34,203100,7.655837
2009-01-07,8.90,9.07,8.51,8.66,186200,7.949585
2009-01-06,9.07,9.23,8.76,8.99,190400,8.252514
2009-01-05,9.00,9.15,8.85,8.98,166400,8.243334
2009-01-02,9.11,9.13,8.77,8.98,99900,8.243334
2008-12-31,8.70,9.23,8.54,9.08,174800,8.335131
2008-12-30,8.62,8.82,8.49,8.76,170400,8.041382
2008-12-29,8.77,8.77,8.48,8.52,186600,7.821071
2008-12-26,8.88,8.88,8.66,8.78,78500,8.013843
2008-12-24,8.78,8.89,8.65,8.82,100200,8.050353
2008-12-23,8.53,8.88,8.37,8.82,197500,8.050353
2008-12-22,8.50,8.55,8.20,8.49,115100,7.749149
2008-12-19,8.77,9.08,8.36,8.50,338300,7.758277
2008-12-18,8.41,8.59,8.20,8.56,179900,7.813041
2008-12-17,8.35,8.64,8.17,8.40,152500,7.667003
2008-12-16,7.93,8.50,7.74,8.50,190000,7.758277
2008-12-15,8.38,8.44,7.60,7.73,116800,7.055468
2008-12-12,7.79,8.41,7.79,8.36,115100,7.630493
2008-12-11,8.38,8.64,7.96,8.01,159700,7.311035
2008-12-10,8.56,8.99,8.29,8.52,201400,7.776532
2008-12-09,8.62,8.90,8.16,8.46,181800,7.721767
2008-12-08,8.26,8.79,7.66,8.76,257000,7.995589
2008-12-05,7.70,8.30,7.70,8.03,332500,7.329289
2008-12-04,7.46,8.12,7.46,7.71,302500,7.037213
2008-12-03,6.84,7.67,6.84,7.62,239300,6.955067
2008-12-02,6.87,7.08,6.60,7.03,118900,6.416551
2008-12-01,6.88,6.94,6.67,6.68,290500,6.097093
2008-11-28,6.80,7.04,6.67,6.86,123400,6.261386
2008-11-26,6.31,6.99,6.26,6.88,288200,6.279641
2008-11-25,6.89,7.05,6.00,6.38,519300,5.823271
2008-11-24,5.86,6.82,5.86,6.73,358400,6.14273
2008-11-21,7.79,7.79,5.79,5.95,536200,5.430794
2008-11-20,8.64,8.69,7.46,7.57,365800,6.90943
2008-11-19,9.07,9.24,8.63,8.65,132200,7.895187
2008-11-18,8.98,9.25,8.52,9.12,201300,8.324174
2008-11-17,9.32,9.43,8.88,8.90,124900,8.123372
2008-11-14,9.97,10.38,9.40,9.42,139800,8.597996
2008-11-13,9.74,10.25,8.75,10.21,165500,9.31906
2008-11-12,9.90,10.39,9.51,9.70,109400,8.853563
2008-11-11,10.31,10.53,9.91,9.98,131800,9.109129
2008-11-10,10.24,10.75,10.00,10.46,156300,9.547244
2008-11-07,10.16,10.28,9.80,10.09,78300,9.209531
2008-11-06,10.01,10.56,9.90,10.06,87100,9.182149
2008-11-05,10.73,10.96,10.06,10.09,88900,9.209531
2008-11-04,10.72,11.05,10.53,10.92,128300,9.967104
2008-11-03,11.00,11.00,10.36,10.50,130900,9.583754
2008-10-31,9.85,11.30,9.36,11.03,197800,10.067505
2008-10-30,9.84,9.99,9.25,9.99,158800,9.118257
2008-10-29,8.82,9.80,8.65,9.56,151700,8.72578
2008-10-28,8.51,8.98,8.34,8.89,280300,8.114245
2008-10-27,8.74,8.91,8.46,8.46,165800,7.721767
2008-10-24,9.00,9.24,8.61,8.86,274300,8.086862
2008-10-23,10.47,10.59,9.35,9.47,234100,8.643633
2008-10-22,11.23,11.51,10.56,10.60,203000,9.675028
2008-10-21,11.46,11.98,11.06,11.45,281500,10.450855
2008-10-20,11.71,11.81,11.30,11.58,71900,10.569511
2008-10-17,11.66,12.13,11.45,11.48,125900,10.478237
2008-10-16,11.32,12.05,10.82,12.00,147800,10.952861
2008-10-15,11.86,12.24,11.18,11.37,131600,10.377836
2008-10-14,11.60,12.12,11.47,12.12,206400,11.06239
2008-10-13,11.40,11.70,11.04,11.46,226000,10.459983
2008-10-10,10.11,11.78,10.04,11.17,612100,10.195288
2008-10-09,11.59,11.77,10.90,10.93,277600,9.976231
2008-10-08,10.50,11.84,10.23,11.30,186300,10.313945
2008-10-07,11.16,11.57,10.50,10.52,71000,9.602009
2008-10-06,12.75,13.26,10.16,11.15,215700,10.177033
2008-10-03,14.00,14.00,12.84,13.06,89700,11.920364
2008-10-02,13.90,13.98,13.06,13.98,84800,12.760083
2008-10-01,12.01,14.15,11.79,13.82,126600,12.614045
2008-09-30,11.80,12.60,11.52,12.17,170400,11.108027
2008-09-29,13.58,14.37,11.16,11.80,55800,10.770314
2008-09-26,13.59,14.61,13.52,14.10,124200,12.869612
2008-09-25,14.07,14.45,13.91,14.10,93100,12.823976
2008-09-24,13.73,14.56,13.51,14.14,136200,12.860356
2008-09-23,13.85,14.21,13.51,14.00,89600,12.733025
2008-09-22,14.67,14.81,13.51,13.85,160200,12.5966
2008-09-19,16.26,16.50,13.48,14.99,546600,13.633432
2008-09-18,12.85,14.29,12.36,13.78,419600,12.532934
2008-09-17,13.51,13.65,12.64,12.64,206500,11.496103
2008-09-16,13.76,14.05,13.16,13.78,383600,12.532934
2008-09-15,14.14,14.20,13.30,14.08,174000,12.805785
2008-09-12,13.87,14.25,13.87,14.20,248300,12.914925
2008-09-11,13.33,14.15,13.33,14.06,271800,12.787596
2008-09-10,13.73,13.90,12.77,13.67,236200,12.43289
2008-09-09,13.80,14.05,13.51,13.54,204200,12.314654
2008-09-08,13.50,13.96,13.43,13.82,110900,12.569314
2008-09-05,13.11,13.50,12.90,13.42,111800,12.205514
2008-09-04,13.40,13.48,13.01,13.13,153500,11.941759
2008-09-03,13.51,13.62,13.16,13.36,278400,12.150944
2008-09-02,13.80,13.88,13.34,13.67,168100,12.43289
2008-08-29,13.50,13.70,13.04,13.57,116300,12.341939
2008-08-28,13.42,13.59,13.12,13.58,112700,12.351034
2008-08-27,13.20,13.45,13.16,13.29,68700,12.087279
2008-08-26,12.95,13.50,12.83,13.24,207600,12.041804
2008-08-25,13.74,13.80,12.70,12.71,183200,11.559768
2008-08-22,13.85,14.06,13.65,13.93,298200,12.66936
2008-08-21,13.64,13.76,13.54,13.56,200200,12.332845
2008-08-20,13.45,13.88,13.31,13.84,183500,12.587505
2008-08-19,13.20,13.36,12.80,13.31,138000,12.105469
2008-08-18,13.76,13.76,13.02,13.32,133500,12.114564
2008-08-15,13.28,14.39,12.85,13.75,257100,12.50565
2008-08-14,12.84,13.34,12.84,13.12,127000,11.932663
2008-08-13,12.98,13.10,12.66,12.88,281000,11.714383
2008-08-12,12.88,13.10,12.81,12.93,119900,11.759858
2008-08-11,12.67,13.12,12.47,12.95,170300,11.778048
2008-08-08,12.25,12.75,12.23,12.69,180100,11.541577
2008-08-07,12.12,12.64,12.09,12.29,175500,11.177777
2008-08-06,12.38,12.48,12.14,12.29,193400,11.177777
2008-08-05,12.15,12.43,12.06,12.38,205000,11.259632
2008-08-04,12.03,12.24,11.73,12.02,390300,10.932212
2008-08-01,12.10,12.46,11.86,12.07,302500,10.977686
2008-07-31,12.05,12.38,12.04,12.32,120300,11.205062
2008-07-30,12.02,12.70,12.00,12.26,258500,11.150492
2008-07-29,11.50,12.00,11.29,12.00,197600,10.914021
2008-07-28,11.97,12.13,11.35,11.44,240000,10.4047
2008-07-25,11.00,12.05,10.91,11.97,327500,10.886737
2008-07-24,10.20,11.60,10.09,11.09,500900,10.086375
2008-07-23,10.23,10.23,9.80,10.08,945800,9.167778
2008-07-22,9.24,10.19,9.24,10.19,526100,9.267823
2008-07-21,8.94,9.23,8.91,9.23,91100,8.394701
2008-07-18,8.98,9.12,8.74,8.98,126900,8.167326
2008-07-17,8.75,9.00,8.56,8.98,216600,8.167326
2008-07-16,7.98,8.74,7.91,8.73,157100,7.93995
2008-07-15,8.03,8.48,7.87,7.96,170500,7.239634
2008-07-14,8.59,8.65,8.08,8.14,71400,7.403345
2008-07-11,8.42,8.59,8.29,8.50,121000,7.730765
2008-07-10,8.27,8.72,8.27,8.53,70400,7.75805
2008-07-09,8.73,8.73,8.25,8.29,118200,7.53977
2008-07-08,8.13,8.71,8.13,8.71,103400,7.921761
2008-07-07,8.40,8.40,7.90,8.13,183200,7.39425
2008-07-03,8.50,8.50,8.28,8.42,129300,7.658005
2008-07-02,8.32,9.06,8.32,8.50,181600,7.730765
2008-07-01,8.51,8.56,7.86,8.33,353500,7.57615
2008-06-30,9.19,9.30,8.52,8.57,210500,7.79443
2008-06-27,9.14,9.22,8.84,9.17,622400,8.340131
2008-06-26,9.19,9.27,9.07,9.18,92600,8.349227
2008-06-25,9.18,9.65,9.11,9.32,104000,8.431081
2008-06-24,9.60,9.60,9.18,9.18,130900,8.304434
2008-06-23,9.95,9.97,9.49,9.69,142600,8.765791
2008-06-20,9.49,9.95,9.49,9.94,298800,8.991947
2008-06-19,9.63,9.63,9.30,9.55,181000,8.639144
2008-06-18,9.73,9.73,9.36,9.60,127800,8.684376
2008-06-17,9.83,9.90,9.51,9.76,110300,8.829115
2008-06-16,9.27,9.78,9.27,9.78,121000,8.847207
2008-06-13,9.24,9.43,9.17,9.30,125000,8.412989
2008-06-12,9.09,9.23,9.00,9.14,66000,8.268249
2008-06-11,9.18,9.19,8.98,9.00,111700,8.141602
2008-06-10,9.02,9.29,8.91,9.22,102400,8.340619
2008-06-09,9.13,9.26,9.08,9.13,107600,8.259203
2008-06-06,9.18,9.20,9.04,9.09,106600,8.223018
2008-06-05,9.03,9.26,8.97,9.26,121400,8.376804
2008-06-04,8.58,9.13,8.58,9.04,105100,8.177787
2008-06-03,8.70,8.70,8.33,8.59,114800,7.770707
2008-06-02,8.88,8.93,8.68,8.78,73900,7.942585
2008-05-30,8.92,8.97,8.55,8.93,219200,8.078279
2008-05-29,8.88,9.02,8.82,8.97,116000,8.114463
2008-05-28,8.99,9.08,8.84,8.94,123100,8.087324
2008-05-27,8.78,8.94,8.54,8.93,87200,8.078279
2008-05-23,8.71,8.77,8.53,8.74,63200,7.9064
2008-05-22,8.50,8.72,8.49,8.72,78200,7.888308
2008-05-21,8.48,8.62,8.36,8.48,108000,7.671198
2008-05-20,8.31,8.45,8.25,8.44,99400,7.635013
2008-05-19,8.36,8.47,8.30,8.38,113300,7.580736
2008-05-16,8.46,8.47,7.99,8.38,110200,7.580736
2008-05-15,8.36,8.49,8.30,8.40,42800,7.598828
2008-05-14,8.55,8.56,8.34,8.34,74300,7.544551
2008-05-13,8.56,8.58,8.25,8.53,91800,7.716429
2008-05-12,8.41,8.55,8.37,8.53,73400,7.716429
2008-05-09,8.27,8.55,8.26,8.38,109500,7.580736
2008-05-08,8.50,8.54,8.25,8.26,82700,7.472182
2008-05-07,8.75,8.87,8.31,8.34,184100,7.544551
2008-05-06,8.59,8.78,8.54,8.71,138800,7.879261
2008-05-05,8.59,8.80,8.48,8.66,131000,7.83403
2008-05-02,8.50,8.89,8.40,8.60,229800,7.779753
2008-05-01,8.25,8.45,8.10,8.42,104500,7.616921
2008-04-30,7.92,8.30,7.69,8.24,193900,7.454089
2008-04-29,7.66,7.90,7.57,7.86,116900,7.110332
2008-04-28,7.31,7.70,7.30,7.66,251500,6.929408
2008-04-25,6.62,7.35,6.62,7.33,351100,6.630882
2008-04-24,6.41,6.47,6.02,6.18,456000,5.590566
2008-04-23,6.51,6.58,6.35,6.44,128900,5.825769
2008-04-22,6.68,6.73,6.37,6.47,160600,5.852907
2008-04-21,6.80,6.93,6.64,6.72,93100,6.079063
2008-04-18,7.04,7.04,6.78,6.80,112600,6.151433
2008-04-17,7.04,7.04,6.85,6.87,136500,6.214756
2008-04-16,7.04,7.19,6.83,7.09,172100,6.413773
2008-04-15,6.89,7.04,6.81,6.96,70300,6.296172
2008-04-14,6.84,6.98,6.71,6.86,73100,6.20571
2008-04-11,7.32,7.32,6.79,6.83,78700,6.178571
2008-04-10,7.29,7.29,7.00,7.01,93900,6.341403
2008-04-09,7.34,7.37,7.10,7.31,100300,6.61279
2008-04-08,7.58,7.59,7.12,7.35,86600,6.648975
2008-04-07,7.75,7.83,7.63,7.66,41500,6.929408
2008-04-04,7.98,7.98,7.59,7.74,58000,7.001777
2008-04-03,7.92,8.07,7.72,7.94,34700,7.182702
2008-04-02,7.89,8.10,7.71,8.08,65800,7.309349
2008-04-01,7.83,8.00,7.80,7.92,60900,7.16461
2008-03-31,7.56,7.83,7.43,7.64,48000,6.911315
2008-03-28,7.60,7.73,7.52,7.53,38600,6.811807
2008-03-27,8.05,8.09,7.52,7.57,70600,6.847992
2008-03-26,7.93,8.06,7.85,8.06,48400,7.246026
2008-03-25,7.94,8.02,7.89,7.98,73300,7.174105
2008-03-24,7.53,8.10,7.49,7.93,132500,7.129154
2008-03-20,7.46,7.83,7.33,7.47,304600,6.715609
2008-03-19,7.95,7.98,7.32,7.33,137300,6.589748
2008-03-18,7.51,7.96,7.37,7.96,66400,7.156125
2008-03-17,7.05,7.49,7.05,7.31,52100,6.571768
2008-03-14,7.63,7.63,7.02,7.28,80300,6.544798
2008-03-13,7.24,7.70,7.23,7.55,118800,6.787531
2008-03-12,7.57,7.85,7.48,7.55,113800,6.787531
2008-03-11,7.30,7.57,7.22,7.56,162100,6.796521
2008-03-10,7.02,7.18,6.95,7.10,109700,6.382976
2008-03-07,6.63,7.11,6.63,6.98,67800,6.275094
2008-03-06,7.05,7.05,6.57,6.63,78900,5.960441
2008-03-05,7.17,7.18,6.85,6.97,131200,6.266104
2008-03-04,7.13,7.19,7.00,7.15,52100,6.427926
2008-03-03,7.10,7.26,7.03,7.22,75600,6.490857
2008-02-29,7.42,7.56,7.00,7.08,133100,6.364995
2008-02-28,7.74,7.91,7.41,7.53,66100,6.76955
2008-02-27,7.61,7.86,7.53,7.78,70100,6.994303
2008-02-26,7.56,7.78,7.44,7.70,98100,6.922382
2008-02-25,7.51,7.70,7.27,7.66,85700,6.886422
2008-02-22,7.62,7.69,7.40,7.52,88600,6.76056
2008-02-21,7.94,8.16,7.59,7.62,112700,6.850461
2008-02-20,7.50,7.92,7.38,7.90,95100,7.102184
2008-02-19,7.65,7.82,7.51,7.52,44100,6.76056
2008-02-15,7.57,7.74,7.50,7.56,90400,6.796521
2008-02-14,7.90,8.00,7.54,7.61,109500,6.841471
2008-02-13,7.66,7.91,7.50,7.90,69800,7.102184
2008-02-12,7.59,7.85,7.50,7.56,127400,6.796521
2008-02-11,7.85,7.85,7.50,7.57,63400,6.805511
2008-02-08,8.05,8.10,7.70,7.81,79400,7.021273
2008-02-07,7.61,8.08,7.61,8.05,85000,7.237036
2008-02-06,7.78,7.86,7.61,7.67,125800,6.895412
2008-02-05,7.89,8.09,7.73,7.73,72400,6.949352
2008-02-04,8.33,8.35,8.03,8.06,134800,7.246026
2008-02-01,7.90,8.51,7.90,8.37,148200,7.524719
2008-01-31,7.80,8.08,7.61,7.88,200900,7.084204
2008-01-30,8.00,8.28,7.80,7.82,103100,7.030264
2008-01-29,8.07,8.07,7.77,8.05,110000,7.237036
2008-01-28,7.52,8.10,7.52,8.07,90300,7.255016
2008-01-25,7.90,7.96,7.52,7.57,80600,6.805511
2008-01-24,7.78,8.00,7.50,7.78,165300,6.994303
2008-01-23,6.88,7.90,6.82,7.75,151600,6.967333
2008-01-22,6.75,7.20,6.75,7.08,110300,6.364995
2008-01-18,6.84,7.10,6.75,6.95,106300,6.248124
2008-01-17,7.20,7.20,6.80,6.93,165400,6.230144
2008-01-16,6.75,7.20,6.75,7.19,125200,6.463887
2008-01-15,7.00,7.16,6.63,6.78,179400,6.095292
2008-01-14,7.08,7.20,7.01,7.11,147300,6.391966
2008-01-11,6.94,7.16,6.77,6.96,137900,6.257114
2008-01-10,6.77,7.14,6.72,7.02,153200,6.311055
2008-01-09,6.77,6.89,6.61,6.86,143000,6.167213
2008-01-08,7.21,7.21,6.76,6.77,121700,6.086302
2008-01-07,6.75,7.44,6.75,7.19,198200,6.463887
2008-01-04,7.30,7.55,6.75,6.76,254300,6.077312
2008-01-03,7.75,7.86,7.33,7.33,206400,6.589748
2008-01-02,7.85,7.97,7.57,7.62,222700,6.850461
2007-12-31,7.91,7.96,7.85,7.85,193700,7.057234
2007-12-28,7.85,8.01,7.85,7.92,172000,7.120164
2007-12-27,8.27,8.40,7.78,7.82,190200,7.030264
2007-12-26,7.96,8.45,7.95,8.33,288200,7.443808
2007-12-24,8.31,8.31,7.86,8.05,171600,7.193596
2007-12-21,8.00,8.42,7.92,8.42,729000,7.524233
2007-12-20,7.98,8.05,7.65,7.94,259900,7.095298
2007-12-19,8.10,8.12,7.98,7.99,233100,7.139979
2007-12-18,8.53,8.56,8.07,8.16,184300,7.291893
2007-12-17,8.55,8.72,8.52,8.53,66100,7.622531
2007-12-14,8.78,8.90,8.59,8.62,73200,7.702956
2007-12-13,8.70,8.90,8.61,8.85,68200,7.908488
2007-12-12,8.97,9.07,8.68,8.79,130600,7.854871
2007-12-11,9.05,9.10,8.71,8.74,160800,7.81019
2007-12-10,9.05,9.15,8.97,8.99,160900,8.033593
2007-12-07,9.18,9.18,9.02,9.05,60600,8.087211
2007-12-06,8.96,9.19,8.95,9.17,139800,8.194444
2007-12-05,9.02,9.14,8.86,8.96,92400,8.006785
2007-12-04,8.91,8.96,8.85,8.87,53300,7.92636
2007-12-03,9.31,9.39,9.00,9.03,56400,8.069338
2007-11-30,9.26,9.52,9.26,9.32,190700,8.328486
2007-11-29,9.16,9.20,9.10,9.11,65800,8.140827
2007-11-28,9.01,9.24,8.98,9.20,205500,8.221252
2007-11-27,8.92,9.19,8.85,8.95,170600,7.997849
2007-11-26,9.27,9.43,8.90,8.90,97800,7.953168
2007-11-23,9.25,9.46,9.24,9.28,66200,8.292741
2007-11-21,9.14,9.33,9.09,9.19,55200,8.212316
2007-11-20,9.06,9.23,8.95,9.15,126200,8.176572
2007-11-19,9.11,9.31,9.00,9.08,107500,8.114019
2007-11-16,9.69,9.69,9.10,9.23,169100,8.248061
2007-11-15,9.81,9.88,9.61,9.67,160100,8.641251
2007-11-14,10.05,10.12,9.84,9.87,72300,8.819974
2007-11-13,9.97,10.08,9.86,9.99,245700,8.927208
2007-11-12,10.07,10.18,9.76,9.84,157700,8.793166
2007-11-09,9.69,10.21,9.65,10.09,101100,9.01657
2007-11-08,9.68,9.92,9.50,9.80,200400,8.757421
2007-11-07,9.80,9.87,9.55,9.56,95000,8.542954
2007-11-06,9.70,9.96,9.54,9.95,111000,8.891463
2007-11-05,9.50,9.99,9.50,9.60,134600,8.578699
2007-11-02,9.71,9.71,9.50,9.56,131500,8.542954
2007-11-01,10.15,10.15,9.50,9.58,240300,8.560826
2007-10-31,10.13,10.30,9.97,10.30,246500,9.204229
2007-10-30,10.10,10.11,9.88,9.99,85400,8.927208
2007-10-29,10.21,10.38,10.09,10.18,116000,9.096995
2007-10-26,10.17,10.19,9.75,10.18,152500,9.096995
2007-10-25,10.25,10.30,10.05,10.06,116500,8.989761
2007-10-24,10.42,10.45,10.05,10.30,144000,9.204229
2007-10-23,10.50,10.52,10.34,10.52,55600,9.400824
2007-10-22,10.15,10.53,10.15,10.44,80400,9.329334
2007-10-19,10.32,10.54,10.15,10.17,115400,9.088059
2007-10-18,10.41,10.54,10.23,10.34,136200,9.239973
2007-10-17,10.75,10.90,10.42,10.45,90100,9.33827
2007-10-16,10.99,11.07,10.61,10.61,94300,9.481249
2007-10-15,11.23,11.31,11.00,11.00,155600,9.829759
2007-10-12,11.19,11.47,11.19,11.25,39200,10.053162
2007-10-11,11.35,11.49,11.19,11.19,84800,9.999545
2007-10-10,11.15,11.49,11.10,11.31,109600,10.106779
2007-10-09,11.33,11.44,11.13,11.20,110200,10.008481
2007-10-08,11.45,11.45,11.26,11.33,70900,10.124651
2007-10-05,11.43,11.53,11.38,11.50,69200,10.276566
2007-10-04,11.28,11.34,11.15,11.34,61700,10.133588
2007-10-03,11.47,11.49,11.20,11.26,77900,10.062098
2007-10-02,11.31,11.54,11.13,11.51,97300,10.285502
2007-10-01,10.94,11.27,10.94,11.27,240600,10.071035
2007-09-28,11.23,11.23,10.86,10.97,165400,9.80295
2007-09-27,11.14,11.27,11.04,11.26,49400,10.062098
2007-09-26,11.19,11.25,11.07,11.12,34100,9.936992
2007-09-25,11.28,11.30,10.94,11.14,47500,9.910185
2007-09-24,11.66,11.78,11.33,11.38,112000,10.123689
2007-09-21,11.82,11.94,11.61,11.61,363000,10.328298
2007-09-20,11.71,11.85,11.44,11.70,135400,10.408362
2007-09-19,11.67,11.86,11.62,11.74,116500,10.443946
2007-09-18,11.03,11.64,10.99,11.62,139700,10.337194
2007-09-17,11.00,11.08,11.00,11.01,49200,9.794536
2007-09-14,10.71,11.08,10.70,11.08,107000,9.856808
2007-09-13,10.68,10.97,10.68,10.82,82600,9.625511
2007-09-12,10.93,11.00,10.70,10.75,79500,9.563239
2007-09-11,10.54,10.99,10.51,10.95,94800,9.741159
2007-09-10,10.72,10.97,10.49,10.53,55300,9.367526
2007-09-07,10.95,11.03,10.65,10.68,60500,9.500967
2007-09-06,11.00,11.08,10.79,11.08,69200,9.856808
2007-09-05,10.92,11.02,10.68,10.99,125600,9.776744
2007-09-04,11.24,11.24,10.96,10.97,109500,9.758952
2007-08-31,11.33,11.60,11.06,11.27,73300,10.025833
2007-08-30,11.16,11.32,11.10,11.21,78500,9.972457
2007-08-29,10.87,11.34,10.78,11.22,163600,9.981353
2007-08-28,11.22,11.22,10.80,10.82,87600,9.625511
2007-08-27,11.44,11.44,11.04,11.29,55500,10.043625
2007-08-24,11.28,11.49,11.12,11.45,97700,10.185961
2007-08-23,11.58,11.58,11.11,11.27,92800,10.025833
2007-08-22,11.54,11.74,11.44,11.53,202100,10.257129
2007-08-21,11.22,11.60,11.07,11.48,172900,10.212649
2007-08-20,11.38,11.41,11.09,11.22,138000,9.981353
2007-08-17,11.37,11.53,11.01,11.36,242200,10.105897
2007-08-16,10.52,10.99,10.41,10.99,225800,9.776744
2007-08-15,10.47,10.98,10.47,10.57,150100,9.40311
2007-08-14,10.53,10.77,10.40,10.60,140600,9.429799
2007-08-13,10.65,10.97,10.35,10.56,186700,9.394215
2007-08-10,10.14,10.99,9.85,10.62,313900,9.44759
2007-08-09,10.69,10.69,10.05,10.16,490900,9.038373
2007-08-08,10.54,10.67,10.00,10.64,636500,9.465383
2007-08-07,10.47,10.55,10.45,10.49,164700,9.331942
2007-08-06,10.19,10.59,10.15,10.51,191800,9.349734
2007-08-03,10.52,10.72,10.14,10.15,196600,9.029476
2007-08-02,10.63,10.78,10.43,10.48,131000,9.323045
2007-08-01,10.24,10.67,10.20,10.63,190800,9.456487
2007-07-31,10.27,10.54,10.26,10.27,160000,9.13623
2007-07-30,10.76,10.76,10.02,10.19,201600,9.06506
2007-07-27,10.74,10.90,10.38,10.71,172000,9.527655
2007-07-26,10.95,11.25,10.61,10.71,227900,9.527655
2007-07-25,10.58,10.78,10.50,10.72,122800,9.536551
2007-07-24,10.92,11.00,10.38,10.49,176900,9.331942
2007-07-23,10.94,11.12,10.85,10.92,153100,9.714472
2007-07-20,11.45,11.55,10.71,10.91,191100,9.705575
2007-07-19,11.45,11.63,11.45,11.48,105700,10.212649
2007-07-18,11.66,11.66,11.28,11.46,146300,10.194857
2007-07-17,11.97,12.20,11.49,11.65,394100,10.363882
2007-07-16,11.87,11.88,11.40,11.55,238000,10.274922
2007-07-13,11.96,12.03,11.82,11.89,129000,10.577387
2007-07-12,11.73,12.01,11.73,11.97,160800,10.648556
2007-07-11,11.73,11.86,11.64,11.68,212200,10.39057
2007-07-10,12.02,12.06,11.70,11.72,198000,10.426155
2007-07-09,12.08,12.16,11.97,12.07,149700,10.737515
2007-07-06,11.96,12.12,11.90,12.09,109000,10.755308
2007-07-05,12.11,12.25,11.88,11.92,190300,10.604075
2007-07-03,12.36,12.36,12.12,12.20,45100,10.853164
2007-07-02,12.19,12.34,12.17,12.33,134600,10.968813
2007-06-29,12.24,12.36,12.10,12.18,154600,10.835372
2007-06-28,12.09,12.35,12.09,12.23,168100,10.879852
2007-06-27,12.03,12.25,12.00,12.11,144800,10.773099
2007-06-26,11.95,12.31,11.89,12.12,263600,10.737516
2007-06-25,11.69,12.05,11.50,11.75,171300,10.40972
2007-06-22,11.89,11.99,11.70,11.70,341400,10.365423
2007-06-21,12.08,12.13,11.85,11.89,246000,10.533751
2007-06-20,12.20,12.34,12.10,12.12,213300,10.737516
2007-06-19,12.23,12.35,12.19,12.21,121300,10.81725
2007-06-18,12.17,12.35,12.12,12.29,185800,10.888124
2007-06-15,12.36,12.40,12.08,12.16,186600,10.772953
2007-06-14,12.27,12.35,12.12,12.19,70900,10.799531
2007-06-13,12.30,12.35,12.22,12.29,131400,10.888124
2007-06-12,12.32,12.35,12.23,12.28,135600,10.879265
2007-06-11,12.38,12.39,12.25,12.36,75100,10.950139
2007-06-08,12.17,12.37,12.10,12.37,97000,10.958999
2007-06-07,12.42,12.47,12.11,12.19,128400,10.799531
2007-06-06,12.37,12.47,12.28,12.39,98000,10.976718
2007-06-05,12.45,12.64,12.37,12.44,108700,11.021014
2007-06-04,12.65,12.78,12.47,12.47,104300,11.047593
2007-06-01,12.77,12.85,12.56,12.67,124500,11.224779
2007-05-31,12.72,12.81,12.70,12.74,68500,11.286794
2007-05-30,12.55,12.77,12.55,12.72,87000,11.269076
2007-05-29,12.72,12.83,12.58,12.65,126400,11.20706
2007-05-25,12.88,13.00,12.61,12.70,106000,11.251357
2007-05-24,12.85,13.01,12.76,12.80,193400,11.339951
2007-05-23,12.70,12.94,12.62,12.84,267700,11.375388
2007-05-22,12.65,12.82,12.62,12.69,121200,11.242497
2007-05-21,12.65,12.70,12.53,12.68,148700,11.233639
2007-05-18,12.27,12.70,12.27,12.63,219500,11.189342
2007-05-17,12.56,12.59,12.25,12.26,202600,10.861547
2007-05-16,12.79,12.86,12.55,12.56,201900,11.127327
2007-05-15,12.95,13.11,12.75,12.77,188600,11.313373
2007-05-14,13.20,13.20,12.90,12.93,164000,11.455122
2007-05-11,13.15,13.29,13.00,13.13,157800,11.632309
2007-05-10,13.17,13.29,13.15,13.15,90900,11.650027
2007-05-09,13.26,13.41,13.12,13.23,92700,11.720902
2007-05-08,13.40,13.40,13.12,13.34,81400,11.818355
2007-05-07,13.29,13.55,13.29,13.48,145800,11.942385
2007-05-04,13.38,13.50,13.13,13.20,155800,11.694324
2007-05-03,13.49,13.59,13.19,13.25,151800,11.738621
2007-05-02,13.43,13.69,13.31,13.48,224000,11.942385
2007-05-01,13.75,13.75,13.41,13.47,203100,11.933526
2007-04-30,13.71,13.86,13.60,13.76,395300,12.190447
2007-04-27,13.40,13.83,13.21,13.69,417500,12.128431
2007-04-26,14.50,14.50,13.06,13.21,516900,11.703183
2007-04-25,14.71,14.79,14.48,14.55,119000,12.890335
2007-04-24,14.80,15.04,14.52,14.57,161900,12.908053
2007-04-23,15.38,15.38,14.76,14.85,158400,13.156115
2007-04-20,16.219999,16.219999,15.11,15.45,289400,13.687675
2007-04-19,16.10,16.25,16.049999,16.10,77000,14.263532
2007-04-18,16.450001,16.52,16.209999,16.209999,69000,14.360983
2007-04-17,16.67,16.74,16.40,16.49,91500,14.609045
2007-04-16,16.49,16.75,16.48,16.709999,209800,14.80395
2007-04-13,16.299999,16.469999,16.23,16.469999,73800,14.591326
2007-04-12,16.02,16.299999,16.02,16.290001,84000,14.43186
2007-04-11,16.16,16.280001,16.030001,16.09,110800,14.254672
2007-04-10,16.049999,16.299999,16.049999,16.219999,71300,14.369843
2007-04-09,16.290001,16.34,16.10,16.15,67200,14.307828
2007-04-05,16.200001,16.35,16.129999,16.34,53500,14.476156
2007-04-04,16.50,16.50,16.07,16.16,107000,14.316687
2007-04-03,16.389999,16.469999,16.26,16.469999,103100,14.591326
2007-04-02,16.290001,16.389999,16.200001,16.389999,55900,14.520452
2007-03-30,16.389999,16.559999,16.309999,16.40,70300,14.529311
2007-03-29,16.33,16.40,16.200001,16.32,81800,14.458437
2007-03-28,16.030001,16.25,16.030001,16.190001,106200,14.343266
2007-03-27,16.450001,16.450001,16.09,16.18,88900,14.29011
2007-03-26,16.450001,16.459999,16.290001,16.450001,40400,14.528573
2007-03-23,16.610001,16.610001,16.450001,16.50,52900,14.572732
2007-03-22,16.690001,16.700001,16.540001,16.549999,75600,14.616891
2007-03-21,16.559999,16.77,16.43,16.700001,71700,14.749372
2007-03-20,16.370001,16.58,16.309999,16.50,43500,14.572732
2007-03-19,16.24,16.59,16.24,16.41,48600,14.493244
2007-03-16,16.50,16.620001,16.200001,16.23,144100,14.334269
2007-03-15,16.299999,16.559999,16.290001,16.49,37300,14.5639
2007-03-14,16.02,16.34,16.00,16.27,74500,14.369597
2007-03-13,16.65,16.690001,16.00,16.040001,87900,14.166463
2007-03-12,16.639999,17.00,16.639999,16.74,76100,14.784699
2007-03-09,16.58,16.790001,16.469999,16.719999,95800,14.767034
2007-03-08,16.50,16.57,16.32,16.51,115200,14.581564
2007-03-07,16.49,16.58,16.25,16.27,146900,14.369597
2007-03-06,16.16,16.57,16.16,16.40,215200,14.484412
2007-03-05,16.83,16.860001,16.02,16.030001,137200,14.157631
2007-03-02,16.959999,17.049999,16.85,16.860001,128500,14.890683
2007-03-01,17.01,17.40,16.92,17.030001,146100,15.040826
2007-02-28,17.030001,17.540001,17.01,17.040001,110600,15.049659
2007-02-27,17.58,17.60,17.00,17.00,140700,15.01433
2007-02-26,18.08,18.110001,17.549999,17.620001,69100,15.561912
2007-02-23,18.219999,18.219999,17.940001,17.98,60400,15.879861
2007-02-22,18.200001,18.219999,17.90,18.219999,47600,16.091828
2007-02-21,18.110001,18.299999,18.030001,18.16,66100,16.038837
2007-02-20,17.969999,18.209999,17.879999,18.15,49800,16.030005
2007-02-16,17.90,18.00,17.76,17.959999,42800,15.862197
2007-02-15,17.950001,17.99,17.85,17.90,60100,15.809206
2007-02-14,18.049999,18.299999,17.969999,17.98,113300,15.879861
2007-02-13,17.83,18.07,17.719999,18.040001,115300,15.932854
2007-02-12,17.639999,17.879999,17.639999,17.75,140600,15.676727
2007-02-09,17.66,17.690001,17.51,17.549999,71100,15.500087
2007-02-08,17.60,17.68,17.60,17.620001,74800,15.561912
2007-02-07,17.690001,17.82,17.50,17.629999,161400,15.570743
2007-02-06,17.76,17.940001,17.60,17.620001,203000,15.561912
2007-02-05,18.059999,18.110001,17.75,17.780001,101900,15.703223
2007-02-02,17.83,18.10,17.83,18.049999,132900,15.941685
2007-02-01,18.24,18.290001,17.870001,17.879999,62300,15.791542
2007-01-31,18.40,18.40,17.91,18.25,67700,16.118325
2007-01-30,17.799999,18.459999,17.75,18.370001,176800,16.224309
2007-01-29,18.209999,18.49,18.209999,18.459999,45500,16.303795
2007-01-26,17.969999,18.290001,17.85,18.27,26100,16.135989
2007-01-25,18.00,18.15,17.809999,17.90,48800,15.809206
2007-01-24,18.139999,18.42,18.059999,18.139999,24100,16.021173
2007-01-23,17.84,18.290001,17.809999,18.15,42100,16.030005
2007-01-22,18.07,18.07,17.83,17.83,111800,15.747382
2007-01-19,18.02,18.129999,17.950001,18.030001,83900,15.924022
2007-01-18,18.23,18.27,18.02,18.040001,70100,15.932854
2007-01-17,18.559999,18.629999,18.18,18.209999,85400,16.082996
2007-01-16,18.610001,18.84,18.52,18.60,110100,16.427444
2007-01-12,18.620001,18.83,18.57,18.82,24800,16.621746
2007-01-11,18.60,18.73,18.50,18.59,43800,16.418611
2007-01-10,18.51,18.620001,18.50,18.540001,40300,16.374452
2007-01-09,18.860001,18.889999,18.51,18.559999,77900,16.392115
2007-01-08,18.709999,18.940001,18.530001,18.790001,48800,16.595251
2007-01-05,19.10,19.16,18.75,18.76,83800,16.568755
2007-01-04,19.030001,19.33,18.790001,19.190001,69000,16.948529
2007-01-03,19.049999,19.34,18.799999,19.01,45200,16.789554
2006-12-29,19.370001,19.370001,18.92,18.969999,86700,16.754225
2006-12-28,19.219999,19.48,19.17,19.32,72400,17.063344
2006-12-27,18.959999,19.25,18.940001,19.24,121900,16.992688
2006-12-26,18.98,18.98,18.50,18.940001,39200,16.683571
2006-12-22,18.60,18.879999,18.559999,18.860001,18200,16.613102
2006-12-21,18.98,19.08,18.559999,18.620001,56600,16.401694
2006-12-20,18.799999,18.969999,18.719999,18.950001,34400,16.69238
2006-12-19,18.52,18.91,18.52,18.75,46000,16.516206
2006-12-18,19.049999,19.08,18.75,18.75,71100,16.516206
2006-12-15,18.940001,19.08,18.91,19.01,180200,16.745231
2006-12-14,18.860001,19.120001,18.85,18.940001,44900,16.683571
2006-12-13,18.690001,18.84,18.57,18.809999,69500,16.569057
2006-12-12,18.459999,18.67,18.459999,18.559999,91000,16.348841
2006-12-11,18.43,18.52,18.299999,18.49,70100,16.287181
2006-12-08,18.549999,18.66,18.450001,18.48,140800,16.278372
2006-12-07,18.879999,18.93,18.559999,18.559999,90000,16.348841
2006-12-06,19.15,19.200001,18.85,18.879999,52500,16.630718
2006-12-05,19.18,19.290001,19.07,19.23,51300,16.939021
2006-12-04,18.709999,19.25,18.709999,19.15,52800,16.868551
2006-12-01,19.049999,19.07,18.57,18.75,89500,16.516206
2006-11-30,18.85,19.190001,18.809999,19.110001,76500,16.833318
2006-11-29,19.030001,19.049999,18.84,18.889999,53400,16.639527
2006-11-28,18.809999,18.98,18.809999,18.91,85800,16.657144
2006-11-27,18.83,18.959999,18.790001,18.870001,130700,16.62191
2006-11-24,19.040001,19.110001,19.040001,19.059999,12300,16.789274
2006-11-22,19.25,19.25,18.99,19.10,28400,16.824509
2006-11-21,19.200001,19.35,19.110001,19.16,35200,16.87736
2006-11-20,19.42,19.42,19.17,19.299999,65600,17.000681
2006-11-17,19.26,19.34,19.049999,19.33,31400,17.027107
2006-11-16,19.530001,19.530001,19.190001,19.280001,125300,16.983065
2006-11-15,19.40,19.629999,19.219999,19.389999,76100,17.079959
2006-11-14,19.42,19.43,19.030001,19.40,92700,17.088768
2006-11-13,19.290001,19.40,19.209999,19.370001,54400,17.062343
2006-11-10,18.959999,19.25,18.90,19.25,37900,16.956638
2006-11-09,19.459999,19.459999,18.879999,19.02,65000,16.75404
2006-11-08,19.10,19.49,19.01,19.360001,43700,17.053534
2006-11-07,19.059999,19.34,19.059999,19.139999,84400,16.859743
2006-11-06,18.690001,19.07,18.690001,18.99,78000,16.727613
2006-11-03,19.129999,19.23,18.48,18.68,224200,16.454546
2006-11-02,19.469999,19.48,19.01,19.01,88000,16.745231
2006-11-01,19.92,19.92,19.35,19.43,85200,17.115194
2006-10-31,20.09,20.09,19.60,19.780001,92000,17.423497
2006-10-30,19.809999,20.059999,19.700001,19.99,84700,17.608478
2006-10-27,19.75,20.200001,19.629999,19.82,159400,17.458731
2006-10-26,19.25,19.85,19.25,19.75,121900,17.39707
2006-10-25,19.209999,19.75,19.209999,19.75,93600,17.39707
2006-10-24,19.33,19.41,19.16,19.309999,50300,17.00949
2006-10-23,19.24,19.52,19.07,19.309999,38000,17.00949
2006-10-20,19.58,19.58,19.18,19.370001,58900,17.062343
2006-10-19,19.49,19.59,19.35,19.459999,41400,17.141619
2006-10-18,19.50,19.549999,19.34,19.440001,34800,17.124003
2006-10-17,19.549999,19.549999,19.27,19.50,45800,17.176854
2006-10-16,19.50,19.65,19.290001,19.65,101900,17.308984
2006-10-13,19.299999,19.50,19.10,19.50,79100,17.176854
2006-10-12,19.00,19.24,18.799999,19.24,55400,16.947829
2006-10-11,18.91,19.00,18.790001,18.950001,55800,16.69238
2006-10-10,19.299999,19.299999,18.870001,18.950001,83900,16.69238
2006-10-09,19.00,19.27,18.84,19.24,29500,16.947829
2006-10-06,19.23,19.23,18.969999,19.049999,47900,16.780465
2006-10-05,19.129999,19.299999,18.92,19.25,73900,16.956638
2006-10-04,18.58,19.17,18.58,19.08,79500,16.806891
2006-10-03,18.76,18.98,18.549999,18.57,86100,16.35765
2006-10-02,19.00,19.15,18.530001,18.75,172800,16.516206
2006-09-29,19.48,19.48,19.00,19.040001,103400,16.771658
2006-09-28,19.40,19.459999,19.129999,19.41,70900,17.097576
2006-09-27,19.24,19.440001,19.129999,19.42,59000,17.106385
2006-09-26,19.360001,19.50,19.26,19.49,70400,17.124002
2006-09-25,19.08,19.50,18.99,19.440001,104200,17.080073
2006-09-22,19.290001,19.370001,18.879999,19.07,81400,16.754988
2006-09-21,19.360001,19.43,19.09,19.26,78000,16.921923
2006-09-20,19.07,19.469999,19.049999,19.299999,74600,16.957067
2006-09-19,19.26,19.299999,19.00,19.02,74000,16.711059
2006-09-18,19.389999,19.530001,19.120001,19.26,61200,16.921923
2006-09-15,19.50,19.51,19.27,19.469999,132200,17.10643
2006-09-14,19.49,19.52,19.299999,19.43,104300,17.071286
2006-09-13,18.67,19.50,18.610001,19.50,146000,17.132788
2006-09-12,18.309999,18.65,18.209999,18.639999,79700,16.377188
2006-09-11,18.290001,18.459999,18.190001,18.25,56400,16.034533
2006-09-08,18.549999,18.66,18.51,18.57,64900,16.315686
2006-09-07,18.76,18.860001,18.51,18.549999,79600,16.298113
2006-09-06,19.209999,19.209999,18.799999,18.799999,177000,16.517765
2006-09-05,19.120001,19.50,19.120001,19.50,61600,17.132788
2006-09-01,19.58,19.620001,19.129999,19.18,68300,16.851635
2006-08-31,19.440001,19.530001,19.360001,19.43,60000,17.071286
2006-08-30,19.540001,19.540001,19.15,19.360001,72700,17.009784
2006-08-29,19.08,19.49,19.00,19.48,86000,17.115216
2006-08-28,19.00,19.299999,18.959999,19.110001,53900,16.790133
2006-08-25,19.379999,19.549999,18.77,18.969999,147500,16.667127
2006-08-24,19.17,19.43,19.07,19.25,84600,16.913137
2006-08-23,19.52,19.530001,19.049999,19.15,42200,16.825276
2006-08-22,19.51,19.58,19.35,19.469999,92700,17.10643
2006-08-21,19.309999,19.639999,19.280001,19.48,96800,17.115216
2006-08-18,19.58,19.60,19.18,19.440001,88100,17.080073
2006-08-17,19.50,19.549999,19.35,19.48,94300,17.115216
2006-08-16,19.209999,19.60,19.049999,19.50,151200,17.132788
2006-08-15,19.389999,19.969999,19.01,19.040001,379700,16.728631
2006-08-14,19.200001,19.969999,19.030001,19.709999,388000,17.317295
2006-08-11,18.73,19.200001,18.700001,19.16,186300,16.834063
2006-08-10,18.360001,18.950001,18.200001,18.799999,92300,16.517765
2006-08-09,19.120001,19.120001,18.40,18.51,66100,16.26297
2006-08-08,19.10,19.32,18.639999,18.889999,160500,16.596839
2006-08-07,18.99,19.200001,18.82,19.030001,92800,16.719845
2006-08-04,19.02,19.200001,18.84,19.030001,145900,16.719845
2006-08-03,18.75,19.120001,18.68,19.00,134500,16.693486
2006-08-02,18.950001,19.139999,18.75,18.950001,83000,16.649557
2006-08-01,18.700001,19.00,18.559999,18.889999,137200,16.596839
2006-07-31,18.33,18.879999,18.33,18.870001,149200,16.579268
2006-07-28,17.84,18.52,17.809999,18.50,81000,16.254184
2006-07-27,18.01,18.280001,17.700001,17.74,77900,15.586444
2006-07-26,18.120001,18.299999,17.74,18.190001,78400,15.981817
2006-07-25,18.18,18.25,17.91,18.25,106600,16.034533
2006-07-24,17.860001,18.200001,17.77,18.200001,55000,15.990603
2006-07-21,17.809999,17.860001,17.65,17.700001,71700,15.551301
2006-07-20,18.23,18.41,17.889999,17.90,44100,15.727021
2006-07-19,17.940001,18.35,17.93,18.23,128200,16.01696
2006-07-18,18.049999,18.15,17.549999,17.99,90800,15.806095
2006-07-17,17.610001,18.08,17.469999,17.889999,166500,15.718235
2006-07-14,17.620001,17.84,17.360001,17.639999,67400,15.498583
2006-07-13,17.700001,18.059999,17.629999,17.700001,107800,15.551301
2006-07-12,18.15,18.280001,17.75,17.76,76300,15.604017
2006-07-11,18.049999,18.33,17.67,18.27,80300,16.052105
2006-07-10,17.969999,18.440001,17.92,18.07,114400,15.876384
2006-07-07,18.059999,18.299999,17.860001,17.969999,89300,15.788523
2006-07-06,17.91,18.17,17.90,18.16,62400,15.955458
2006-07-05,18.02,18.16,17.91,17.959999,79900,15.779737
2006-07-03,17.799999,18.25,17.799999,18.25,71400,16.034533
2006-06-30,18.10,18.10,17.66,18.02,189600,15.832454
2006-06-29,17.620001,18.209999,17.50,18.190001,107000,15.981817
2006-06-28,17.65,17.66,17.24,17.57,66100,15.437081
2006-06-27,17.48,17.799999,17.440001,17.530001,119000,15.358008
2006-06-26,17.309999,17.530001,17.16,17.530001,67700,15.358008
2006-06-23,17.219999,17.41,16.98,17.299999,117300,15.156504
2006-06-22,17.049999,17.370001,16.90,17.309999,183600,15.165265
2006-06-21,16.51,16.98,16.469999,16.67,58200,14.604562
2006-06-20,16.60,16.76,16.51,16.530001,54300,14.481909
2006-06-19,17.35,17.35,16.57,16.59,120000,14.534474
2006-06-16,17.34,17.51,17.16,17.35,272400,15.20031
2006-06-15,16.940001,17.41,16.780001,17.370001,78700,15.217832
2006-06-14,16.799999,16.969999,16.60,16.85,155800,14.76226
2006-06-13,17.01,17.219999,16.76,16.799999,91900,14.718454
2006-06-12,17.25,17.40,16.969999,17.10,111200,14.981285
2006-06-09,17.540001,17.540001,17.049999,17.309999,160700,15.165265
2006-06-08,17.200001,17.559999,17.049999,17.52,159600,15.349246
2006-06-07,17.299999,17.639999,17.129999,17.35,108500,15.20031
2006-06-06,17.07,17.280001,16.870001,17.25,117300,15.112699
2006-06-05,17.620001,17.66,16.92,16.98,252400,14.876152
2006-06-02,18.07,18.139999,17.74,17.84,102500,15.629598
2006-06-01,17.610001,18.030001,17.35,18.030001,119600,15.796057
2006-05-31,17.35,17.780001,17.280001,17.690001,231600,15.498183
2006-05-30,17.780001,17.85,17.18,17.24,145000,15.103938
2006-05-26,17.549999,17.99,17.549999,17.959999,69100,15.734729
2006-05-25,17.700001,17.82,17.23,17.48,98300,15.314202
2006-05-24,17.09,17.629999,17.059999,17.549999,149900,15.375528
2006-05-23,17.25,17.540001,17.10,17.16,175300,15.03385
2006-05-22,17.030001,17.700001,16.92,17.25,217200,15.112699
2006-05-19,17.299999,17.719999,17.00,17.26,157000,15.121461
2006-05-18,17.42,17.809999,17.299999,17.33,81200,15.182787
2006-05-17,17.690001,17.690001,17.26,17.40,101900,15.244114
2006-05-16,17.49,17.93,16.82,17.83,205000,15.620836
2006-05-15,17.82,17.82,17.41,17.43,238200,15.270397
2006-05-12,17.90,18.040001,17.610001,17.950001,135200,15.725969
2006-05-11,18.10,18.209999,17.950001,18.040001,131400,15.804818
2006-05-10,18.309999,18.450001,18.08,18.129999,119600,15.883665
2006-05-09,18.58,18.629999,18.40,18.469999,50200,16.181539
2006-05-08,18.469999,18.700001,18.32,18.60,87900,16.295433
2006-05-05,18.549999,18.90,17.76,18.57,154500,16.269149
2006-05-04,18.35,18.559999,18.280001,18.379999,191800,16.10269
2006-05-03,17.809999,18.690001,17.809999,18.40,338400,16.120212
2006-05-02,17.860001,18.02,17.780001,17.809999,214600,15.603314
2006-05-01,18.24,18.629999,17.870001,17.889999,571100,15.673402
2006-04-28,18.08,18.90,18.08,18.24,2514200,15.980037
2006-04-27,18.139999,18.27,18.00,18.10,609600,15.857383
2006-04-26,18.790001,18.85,18.15,18.25,448800,15.988798
2006-04-25,18.75,18.889999,18.35,18.84,660900,16.505696
2006-04-24,18.43,18.43,17.780001,17.860001,158200,15.64712
2006-04-21,19.26,19.540001,18.10,18.35,292300,16.076408
2006-04-20,19.48,19.74,19.00,19.219999,105100,16.838613
2006-04-19,19.27,19.59,18.99,19.440001,112300,17.031356
2006-04-18,18.690001,19.299999,18.690001,19.27,100500,16.882419
2006-04-17,18.459999,18.98,18.40,18.950001,138900,16.602068
2006-04-13,18.50,18.620001,18.379999,18.51,125400,16.216584
2006-04-12,18.26,18.549999,18.26,18.549999,138100,16.251627
2006-04-11,18.559999,18.60,18.10,18.25,164500,15.988798
2006-04-10,18.51,18.809999,18.33,18.469999,95100,16.181539
2006-04-07,18.60,18.870001,18.379999,18.440001,101900,16.155257
2006-04-06,18.530001,18.799999,18.50,18.59,67500,16.286672
2006-04-05,18.60,18.90,18.50,18.68,165800,16.365521
2006-04-04,18.59,18.75,18.50,18.60,233000,16.295433
2006-04-03,18.98,19.00,18.50,18.530001,142600,16.234106
2006-03-31,18.540001,18.85,18.50,18.59,158900,16.286672
2006-03-30,19.00,19.17,18.68,18.68,70900,16.365521
2006-03-29,18.60,19.00,18.50,18.93,84200,16.584545
2006-03-28,19.040001,19.07,18.50,18.610001,200700,16.260389
2006-03-27,19.10,19.200001,18.83,19.059999,195100,16.653573
2006-03-24,18.870001,19.17,18.75,19.129999,92400,16.714735
2006-03-23,18.530001,19.08,18.469999,18.99,132300,16.592411
2006-03-22,18.360001,18.620001,18.17,18.610001,44000,16.260389
2006-03-21,18.370001,18.93,18.370001,18.370001,77700,16.05069
2006-03-20,18.35,18.75,18.120001,18.67,115100,16.312813
2006-03-17,18.190001,18.25,17.790001,18.23,132600,15.928365
2006-03-16,18.200001,18.290001,17.99,18.049999,43000,15.771091
2006-03-15,17.99,18.25,17.879999,18.25,42000,15.94584
2006-03-14,17.75,17.98,17.549999,17.889999,61200,15.631292
2006-03-13,17.50,17.73,17.35,17.719999,205700,15.482755
2006-03-10,17.33,17.620001,17.25,17.540001,56700,15.325482
2006-03-09,18.08,18.09,17.25,17.42,209000,15.220632
2006-03-08,17.90,18.059999,17.52,17.940001,129700,15.67498
2006-03-07,18.299999,18.299999,18.00,18.02,143600,15.744879
2006-03-06,19.01,19.190001,18.17,18.450001,329700,16.12059
2006-03-03,19.17,19.200001,19.02,19.129999,70500,16.714735
2006-03-02,19.15,19.15,18.969999,19.139999,91200,16.723472
2006-03-01,19.389999,19.41,19.16,19.209999,120200,16.784634
2006-02-28,19.77,19.84,19.190001,19.25,221700,16.819585
2006-02-27,18.940001,19.639999,18.940001,19.610001,419100,17.134133
2006-02-24,18.049999,18.99,17.790001,18.91,360600,16.522512
2006-02-23,17.90,18.040001,17.780001,17.99,83800,15.718666
2006-02-22,17.809999,17.90,17.58,17.83,41000,15.578867
2006-02-21,17.950001,17.950001,17.60,17.66,77800,15.430331
2006-02-17,17.93,17.93,17.65,17.879999,69600,15.622554
2006-02-16,17.719999,17.85,17.690001,17.85,82700,15.596343
2006-02-15,17.48,17.60,17.389999,17.559999,121700,15.342956
2006-02-14,17.35,17.549999,17.25,17.51,203400,15.299269
2006-02-13,17.43,17.700001,17.25,17.26,131500,15.080833
2006-02-10,17.23,17.57,17.200001,17.540001,97600,15.325482
2006-02-09,17.450001,17.50,17.23,17.32,48400,15.133257
2006-02-08,17.27,17.49,17.27,17.40,77500,15.203157
2006-02-07,17.41,17.49,17.00,17.26,78100,15.080833
2006-02-06,17.41,17.639999,16.92,17.370001,248700,15.176946
2006-02-03,17.24,17.48,17.059999,17.309999,65100,15.12452
2006-02-02,17.549999,17.75,17.25,17.26,105000,15.080833
2006-02-01,17.690001,17.75,17.34,17.48,186300,15.273056
2006-01-31,17.75,17.75,17.32,17.65,267500,15.421593
2006-01-30,17.74,17.879999,17.67,17.68,79200,15.447806
2006-01-27,17.639999,17.84,17.52,17.67,87100,15.439068
2006-01-26,17.50,17.860001,17.15,17.32,126400,15.133257
2006-01-25,17.299999,17.33,17.00,17.15,53400,14.984721
2006-01-24,17.25,17.379999,17.08,17.209999,34800,15.037145
2006-01-23,16.780001,17.25,16.77,17.200001,33900,15.028409
2006-01-20,17.24,17.24,16.780001,16.780001,85500,14.661436
2006-01-19,16.93,17.139999,16.85,17.110001,61600,14.949772
2006-01-18,17.469999,17.469999,17.00,17.00,133600,14.853659
2006-01-17,17.77,17.85,17.25,17.559999,65100,15.342956
2006-01-13,17.959999,18.09,17.639999,17.98,85400,15.709929
2006-01-12,18.10,18.10,17.74,17.950001,47100,15.683717
2006-01-11,18.00,18.15,17.77,17.93,71800,15.666242
2006-01-10,17.780001,18.040001,17.65,17.98,129800,15.709929
2006-01-09,17.540001,17.93,17.450001,17.639999,91000,15.412855
2006-01-06,17.50,17.559999,17.290001,17.440001,77200,15.238107
2006-01-05,17.42,17.50,17.25,17.41,52500,15.211895
2006-01-04,17.41,17.49,17.25,17.299999,53400,15.115782
2006-01-03,17.35,17.389999,16.77,17.370001,68800,15.176946
2005-12-30,17.25,17.35,16.09,17.190001,171400,15.019671
2005-12-29,17.34,17.34,17.120001,17.23,28900,15.05462
2005-12-28,17.34,17.34,17.17,17.27,27100,15.089571
2005-12-27,17.190001,17.389999,17.190001,17.34,39100,15.115783
2005-12-23,17.299999,17.35,17.24,17.24,43700,15.02861
2005-12-22,17.24,17.27,17.10,17.27,199300,15.054763
2005-12-21,17.190001,17.25,17.10,17.24,50000,15.02861
2005-12-20,17.040001,17.15,17.00,17.10,51700,14.906569
2005-12-19,17.40,17.40,17.08,17.24,86600,15.02861
2005-12-16,17.299999,17.389999,16.98,17.23,107900,15.019893
2005-12-15,17.17,17.35,16.83,17.25,49500,15.037328
2005-12-14,17.25,17.450001,17.190001,17.32,35600,15.098348
2005-12-13,17.23,17.25,17.08,17.25,85800,15.037328
2005-12-12,17.280001,17.280001,17.07,17.110001,50700,14.915286
2005-12-09,16.83,17.200001,16.83,17.200001,47500,14.993742
2005-12-08,17.07,17.200001,16.74,17.00,70800,14.819395
2005-12-07,17.049999,17.26,16.99,17.129999,107800,14.932719
2005-12-06,17.10,17.25,17.030001,17.129999,27700,14.932719
2005-12-05,17.10,17.10,16.85,17.00,25000,14.819395
2005-12-02,17.01,17.25,16.790001,17.219999,32200,15.011175
2005-12-01,17.219999,17.25,16.67,17.120001,119000,14.924004
2005-11-30,17.26,17.26,16.90,17.01,65800,14.828113
2005-11-29,17.25,17.35,17.190001,17.26,58100,15.046045
2005-11-28,17.40,17.49,17.08,17.290001,90300,15.072198
2005-11-25,17.309999,17.450001,17.18,17.40,15000,15.168087
2005-11-23,17.17,17.35,17.139999,17.35,66900,15.124501
2005-11-22,17.129999,17.23,17.07,17.23,43500,15.019893
2005-11-21,16.969999,17.26,16.959999,17.18,47800,14.976307
2005-11-18,17.15,17.25,17.030001,17.059999,44200,14.871699
2005-11-17,16.74,17.15,16.74,17.15,78800,14.950154
2005-11-16,16.84,16.969999,16.59,16.76,32000,14.610181
2005-11-15,17.120001,17.23,16.879999,17.030001,97700,14.845548
2005-11-14,17.07,17.139999,16.950001,17.10,85300,14.906569
2005-11-11,17.07,17.25,17.040001,17.18,74900,14.976307
2005-11-10,16.92,17.10,16.780001,17.08,58400,14.889134
2005-11-09,16.73,17.02,16.73,16.809999,35400,14.653766
2005-11-08,16.870001,16.98,16.780001,16.83,33300,14.671201
2005-11-07,17.00,17.10,16.809999,16.950001,214400,14.77581
2005-11-04,16.90,16.98,16.459999,16.969999,69100,14.793243
2005-11-03,17.049999,17.139999,16.889999,16.92,85900,14.749657
2005-11-02,16.35,17.040001,16.35,17.040001,164000,14.854265
2005-11-01,16.34,16.50,16.219999,16.360001,177600,14.261489
2005-10-31,16.120001,16.34,16.030001,16.33,494000,14.235337
2005-10-28,15.97,16.24,15.97,16.10,121300,14.034839
2005-10-27,16.00,16.049999,15.24,15.97,315100,13.921515
2005-10-26,16.27,16.290001,15.75,16.059999,120900,13.999969
2005-10-25,16.110001,16.48,16.110001,16.26,121600,14.174316
2005-10-24,15.96,16.24,15.96,16.200001,47700,14.122013
2005-10-21,15.57,16.00,15.57,15.90,55700,13.860493
2005-10-20,15.60,15.72,15.33,15.68,52300,13.668713
2005-10-19,15.23,15.75,15.08,15.75,191800,13.729734
2005-10-18,15.45,15.50,15.16,15.32,124100,13.35489
2005-10-17,15.20,15.35,14.88,15.35,69700,13.381043
2005-10-14,14.96,15.33,14.76,15.14,138000,13.197979
2005-10-13,14.79,14.91,14.62,14.85,30000,12.945178
2005-10-12,14.83,15.00,14.73,14.83,60000,12.927743
2005-10-11,14.87,15.10,14.82,14.92,54900,13.006199
2005-10-10,14.94,15.07,14.83,14.94,25800,13.023633
2005-10-07,15.00,15.09,14.91,15.06,27400,13.128241
2005-10-06,15.05,15.08,14.75,14.91,33500,12.997481
2005-10-05,14.95,15.23,14.94,15.01,134300,13.084655
2005-10-04,15.46,15.50,15.32,15.47,56900,13.48565
2005-10-03,15.31,15.50,15.24,15.43,46200,13.450781
2005-09-30,15.33,15.35,15.17,15.30,52900,13.337456
2005-09-29,15.13,15.41,14.86,15.36,65200,13.389759
2005-09-28,15.04,15.15,14.93,15.12,289200,13.180544
2005-09-27,15.10,15.43,15.02,15.11,62800,13.136957
2005-09-26,14.85,15.21,14.75,15.21,138600,13.2239
2005-09-23,14.71,14.88,14.51,14.77,55200,12.841355
2005-09-22,14.89,14.89,14.57,14.62,96600,12.710941
2005-09-21,15.15,15.15,14.90,14.90,127700,12.954379
2005-09-20,15.18,15.42,15.01,15.26,95100,13.267371
2005-09-19,15.04,15.14,14.97,15.14,95000,13.163041
2005-09-16,14.92,15.16,14.84,15.07,161000,13.102181
2005-09-15,14.74,14.86,14.66,14.80,72000,12.867437
2005-09-14,14.84,14.94,14.63,14.72,43100,12.797884
2005-09-13,14.78,14.85,14.72,14.80,30400,12.867437
2005-09-12,14.88,15.03,14.75,14.85,42900,12.910908
2005-09-09,14.97,15.02,14.69,15.00,116600,13.041321
2005-09-08,14.82,14.98,14.77,14.96,46000,13.006545
2005-09-07,14.88,14.98,14.84,14.98,51900,13.023933
2005-09-06,14.76,14.92,14.69,14.92,67600,12.971768
2005-09-02,14.90,14.94,14.42,14.87,45400,12.928296
2005-09-01,14.61,14.95,14.28,14.84,96000,12.902214
2005-08-31,14.08,14.70,14.08,14.62,133300,12.710941
2005-08-30,14.29,14.34,14.12,14.12,22900,12.27623
2005-08-29,14.36,14.43,14.14,14.43,50300,12.545751
2005-08-26,14.52,14.52,14.34,14.37,31800,12.493586
2005-08-25,14.76,14.83,14.46,14.50,50200,12.606611
2005-08-24,14.54,14.80,14.35,14.75,57800,12.823966
2005-08-23,14.51,14.58,14.40,14.54,74500,12.641387
2005-08-22,14.63,14.65,14.32,14.63,57100,12.719636
2005-08-19,14.50,14.64,14.39,14.54,37100,12.641387
2005-08-18,14.68,14.78,14.50,14.56,47300,12.658776
2005-08-17,14.95,14.97,14.72,14.72,26100,12.797884
2005-08-16,15.02,15.19,14.89,15.12,48400,13.145652
2005-08-15,15.03,15.16,14.83,15.16,68900,13.180429
2005-08-12,14.90,15.05,14.75,15.05,81800,13.084793
2005-08-11,14.84,14.98,14.74,14.98,56100,13.023933
2005-08-10,14.67,14.93,14.67,14.86,88600,12.919602
2005-08-09,14.66,14.82,14.55,14.59,39400,12.684859
2005-08-08,14.92,15.01,14.67,14.71,74100,12.789189
2005-08-05,15.25,15.32,14.73,14.87,120800,12.928296
2005-08-04,15.40,15.40,15.25,15.25,55300,13.258677
2005-08-03,15.64,15.64,15.40,15.46,46300,13.441255
2005-08-02,15.50,15.60,15.50,15.60,78100,13.562975
2005-08-01,15.77,15.90,15.51,15.66,52700,13.615139
2005-07-29,15.51,15.92,15.51,15.73,106200,13.675999
2005-07-28,15.40,15.60,15.36,15.59,56000,13.55428
2005-07-27,15.35,15.47,15.27,15.39,55800,13.380396
2005-07-26,15.31,15.49,15.27,15.34,57000,13.336925
2005-07-25,15.24,15.50,15.14,15.33,91300,13.32823
2005-07-22,14.94,15.19,14.91,15.13,101800,13.154346
2005-07-21,15.05,15.11,14.85,14.91,51700,12.963073
2005-07-20,14.98,15.18,14.61,15.18,78200,13.197817
2005-07-19,14.60,15.06,14.55,14.94,52300,12.989156
2005-07-18,14.78,15.01,14.54,14.55,40300,12.650082
2005-07-15,14.75,15.09,14.75,14.85,44900,12.910908
2005-07-14,14.76,15.07,14.75,14.86,81200,12.919602
2005-07-13,14.95,14.95,14.68,14.78,41300,12.850048
2005-07-12,15.05,15.25,14.86,14.96,98800,13.006545
2005-07-11,14.99,15.48,14.90,14.99,131000,13.032627
2005-07-08,14.80,15.00,14.56,14.98,51400,13.023933
2005-07-07,14.42,14.76,14.38,14.76,36900,12.83266
2005-07-06,14.74,14.75,14.45,14.63,33600,12.719636
2005-07-05,14.20,14.74,14.20,14.74,54600,12.815272
2005-07-01,14.54,14.54,14.20,14.31,28300,12.441421
2005-06-30,14.64,14.68,14.27,14.33,42600,12.458809
2005-06-29,14.33,14.64,14.28,14.56,74700,12.658776
2005-06-28,14.07,14.50,13.98,14.50,87600,12.606611
2005-06-27,13.94,14.19,13.80,13.95,184100,12.093652
2005-06-24,14.25,14.26,13.90,13.96,101100,12.102321
2005-06-23,14.23,14.55,14.23,14.37,68000,12.457762
2005-06-22,14.35,14.51,14.18,14.27,49500,12.371069
2005-06-21,14.45,14.56,14.21,14.31,44800,12.405747
2005-06-20,14.53,14.59,14.41,14.46,59700,12.535786
2005-06-17,14.42,14.85,14.25,14.58,122400,12.639817
2005-06-16,14.67,14.75,14.53,14.75,34200,12.787195
2005-06-15,14.45,14.60,14.26,14.59,51400,12.648486
2005-06-14,14.36,14.55,14.26,14.38,44300,12.466431
2005-06-13,13.80,14.66,13.80,14.43,185300,12.509778
2005-06-10,13.61,13.94,13.21,13.86,151900,12.015628
2005-06-09,13.61,13.86,13.44,13.82,123100,11.980951
2005-06-08,13.71,13.78,13.46,13.63,144800,11.816235
2005-06-07,13.53,13.66,13.52,13.55,58800,11.746881
2005-06-06,13.89,13.90,13.30,13.52,67300,11.720873
2005-06-03,13.79,13.88,13.58,13.84,89800,11.99829
2005-06-02,13.63,13.79,13.63,13.77,97300,11.937605
2005-06-01,13.45,13.82,13.39,13.65,107600,11.833573
2005-05-31,13.25,13.52,13.25,13.33,120000,11.556156
2005-05-27,12.84,13.24,12.84,13.23,66000,11.469463
2005-05-26,12.70,12.97,12.62,12.90,258400,11.183377
2005-05-25,13.00,13.07,12.30,12.58,234900,10.90596
2005-05-24,13.30,13.30,13.01,13.06,237600,11.322086
2005-05-23,13.12,13.52,13.12,13.21,134300,11.452125
2005-05-20,13.35,13.42,13.25,13.27,31100,11.504141
2005-05-19,13.48,13.50,13.30,13.38,44400,11.599503
2005-05-18,13.37,13.53,13.02,13.49,100300,11.694865
2005-05-17,13.30,13.45,13.20,13.25,83400,11.486802
2005-05-16,13.37,13.59,13.34,13.47,70600,11.677527
2005-05-13,13.78,13.81,13.42,13.49,46200,11.694865
2005-05-12,13.75,13.92,13.57,13.62,51900,11.807566
2005-05-11,13.86,13.87,13.54,13.78,35400,11.946274
2005-05-10,14.00,14.07,13.65,13.66,86300,11.842243
2005-05-09,13.80,14.05,13.80,14.00,122800,12.136998
2005-05-06,14.11,14.11,13.62,13.70,65200,11.87692
2005-05-05,13.74,14.02,13.72,13.99,107800,12.128329
2005-05-04,13.55,13.89,13.55,13.88,78900,12.032967
2005-05-03,13.54,13.88,13.45,13.59,83800,11.781558
2005-05-02,13.75,13.86,13.37,13.55,89000,11.746881
2005-04-29,13.75,13.79,13.42,13.68,57200,11.859582
2005-04-28,13.83,13.98,13.65,13.65,152800,11.833573
2005-04-27,13.75,13.91,13.70,13.75,235200,11.920266
2005-04-26,14.40,14.65,13.77,13.94,192500,12.084982
2005-04-25,14.37,14.79,14.24,14.45,106500,12.527116
2005-04-22,13.97,15.00,13.97,14.52,170300,12.587802
2005-04-21,13.66,14.13,13.51,14.08,103900,12.206353
2005-04-20,13.68,13.75,13.50,13.54,190300,11.738211
2005-04-19,13.70,13.80,13.70,13.79,57900,11.954943
2005-04-18,13.56,13.79,13.56,13.71,141900,11.885589
2005-04-15,13.75,13.84,13.57,13.58,78900,11.772888
2005-04-14,13.86,13.86,13.76,13.80,70100,11.963613
2005-04-13,13.78,14.06,13.72,13.88,142100,12.032967
2005-04-12,13.65,13.90,13.59,13.85,329900,12.006959
2005-04-11,13.75,13.80,13.57,13.65,245700,11.833573
2005-04-08,13.87,14.00,13.70,13.76,135300,11.928936
2005-04-07,14.04,14.15,13.90,13.93,128100,12.076314
2005-04-06,13.73,14.04,13.73,13.94,137600,12.084982
2005-04-05,13.33,13.86,13.33,13.75,127200,11.920266
2005-04-04,12.71,13.34,12.71,13.31,78600,11.538818
2005-04-01,13.14,13.27,12.71,12.89,107900,11.174708
2005-03-31,13.01,13.12,12.76,13.04,130700,11.304747
2005-03-30,12.60,13.14,12.60,13.00,194700,11.27007
2005-03-29,12.81,13.06,12.48,12.62,223700,10.940637
2005-03-28,12.98,13.07,12.73,12.88,121900,11.131362
2005-03-24,12.71,13.10,12.56,13.06,146500,11.286925
2005-03-23,12.85,13.02,12.75,12.75,97700,11.019011
2005-03-22,12.85,13.15,12.79,12.92,76500,11.165931
2005-03-21,12.82,12.98,12.60,12.90,107300,11.148646
2005-03-18,13.16,13.18,12.42,12.70,218900,10.975799
2005-03-17,13.30,13.30,12.81,13.13,89500,11.347421
2005-03-16,13.31,13.42,13.22,13.23,74600,11.433844
2005-03-15,13.37,13.62,13.37,13.37,83700,11.554838
2005-03-14,13.49,13.52,13.35,13.50,122500,11.667188
2005-03-11,13.12,13.54,13.10,13.35,139200,11.537553
2005-03-10,13.13,13.15,12.97,13.12,181200,11.338779
2005-03-09,13.31,13.44,12.91,13.13,233700,11.347421
2005-03-08,13.40,13.49,13.39,13.40,344000,11.580764
2005-03-07,13.40,13.51,13.40,13.45,203700,11.623976
2005-03-04,13.50,13.62,13.41,13.41,193300,11.589407
2005-03-03,13.53,13.75,13.50,13.54,365800,11.701758
2005-03-02,13.45,13.87,13.38,13.74,234300,11.874605
2005-03-01,13.63,13.83,13.50,13.65,261600,11.796823
2005-02-28,13.87,13.97,13.70,13.70,345400,11.840035
2005-02-25,14.21,14.40,13.87,14.10,292500,12.18573
2005-02-24,14.35,14.54,14.10,14.46,110500,12.496855
2005-02-23,14.31,14.70,13.97,14.35,130200,12.401789
2005-02-22,14.75,14.77,13.94,14.24,213900,12.306723
2005-02-18,14.90,15.13,14.76,14.78,115300,12.77341
2005-02-17,15.15,15.21,14.87,14.90,103400,12.877119
2005-02-16,14.81,15.01,14.81,14.96,93500,12.928973
2005-02-15,14.97,15.07,14.80,14.89,176600,12.868477
2005-02-14,15.11,15.27,14.94,15.00,230800,12.963543
2005-02-11,15.57,15.61,15.25,15.33,150100,13.248741
2005-02-10,15.42,15.77,15.30,15.47,97100,13.369734
2005-02-09,15.92,15.96,15.41,15.50,102200,13.395661
2005-02-08,15.80,15.95,15.66,15.73,132000,13.594435
2005-02-07,15.85,15.99,15.70,15.84,251300,13.689501
2005-02-04,15.63,15.70,15.27,15.44,98300,13.343806
2005-02-03,15.54,15.62,15.17,15.40,124000,13.309237
2005-02-02,15.39,15.66,15.06,15.25,122600,13.179602
2005-02-01,15.50,15.50,15.00,15.21,233800,13.145032
2005-01-31,16.00,16.15,15.10,15.39,301400,13.300595
2005-01-28,14.80,15.92,14.80,15.79,221600,13.646289
2005-01-27,14.75,14.96,14.75,14.78,64000,12.77341
2005-01-26,15.29,15.29,14.76,14.84,166400,12.825265
2005-01-25,15.53,15.73,15.02,15.14,63400,13.084536
2005-01-24,15.56,15.56,15.19,15.21,111900,13.145032
2005-01-21,14.86,15.63,14.77,15.33,252100,13.248741
2005-01-20,15.31,15.31,15.00,15.15,57100,13.093178
2005-01-19,15.70,15.72,15.26,15.32,107000,13.240098
2005-01-18,14.75,15.66,14.75,15.60,97100,13.482085
2005-01-14,15.00,15.15,14.75,14.89,103400,12.868477
2005-01-13,14.98,15.21,14.78,14.87,65700,12.851192
2005-01-12,15.01,15.27,15.00,15.10,103900,13.049967
2005-01-11,15.31,15.39,15.01,15.01,117600,12.972185
2005-01-10,15.08,15.66,15.00,15.40,114200,13.309237
2005-01-07,15.33,15.91,15.26,15.32,103900,13.240098
2005-01-06,15.26,15.73,15.23,15.50,129400,13.395661
2005-01-05,15.34,15.72,15.10,15.39,229000,13.300595
2005-01-04,16.01,16.15,15.05,15.75,230400,13.61172
2005-01-03,16.50,16.66,16.01,16.17,290300,13.974699
2004-12-31,16.610001,16.799999,16.50,16.540001,216300,14.294467
2004-12-30,16.780001,17.07,16.700001,16.83,119400,14.545095
2004-12-29,16.719999,17.049999,16.719999,16.82,95700,14.536452
2004-12-28,16.60,17.040001,16.60,16.969999,120500,14.666087
2004-12-27,17.139999,17.23,16.60,16.68,108600,14.41546
2004-12-23,17.219999,17.219999,16.92,17.00,76500,14.692015
2004-12-22,17.440001,17.440001,16.969999,17.00,175300,14.692015
2004-12-21,17.26,17.450001,17.01,17.35,204500,14.994498
2004-12-20,17.639999,17.75,16.950001,16.99,138700,14.683372
2004-12-17,17.50,17.73,16.860001,16.860001,193300,14.571022
2004-12-16,17.50,17.639999,17.040001,17.27,168700,14.925359
2004-12-15,17.50,17.50,16.610001,17.17,170300,14.838935
2004-12-14,34.50,34.50,33.009998,33.59,152000,14.514847
2004-12-13,33.889999,34.650002,33.740002,34.119999,254800,14.743869
2004-12-10,34.139999,34.139999,33.18,33.889999,154400,14.644482
2004-12-09,32.650002,33.959999,32.00,32.849998,169600,14.195079
2004-12-08,34.00,34.610001,32.389999,33.150002,512600,14.324715
2004-12-07,35.580002,35.77,34.009998,34.029999,248600,14.704978
2004-12-06,35.060001,35.75,34.860001,35.490002,499200,15.335872
2004-12-03,35.259998,35.259998,34.549999,34.549999,258400,14.92968
2004-12-02,34.00,35.75,32.810001,34.59,416600,14.946965
2004-12-01,32.689999,33.740002,32.57,33.599998,280400,14.519167
2004-11-30,33.029999,33.029999,31.50,32.59,201800,14.082729
2004-11-29,32.900002,32.990002,32.509998,32.720001,216200,14.138904
2004-11-26,31.82,32.799999,31.76,32.650002,91000,14.108656
2004-11-24,31.09,32.150002,30.530001,31.91,197200,13.788888
2004-11-23,30.690001,30.75,30.26,30.50,216000,13.179602
2004-11-22,29.50,30.68,28.879999,30.459999,171800,13.162317
2004-11-19,28.799999,29.60,28.799999,29.00,47200,12.531425
2004-11-18,28.799999,29.93,28.799999,29.049999,87000,12.55303
2004-11-17,30.10,30.290001,29.60,29.879999,99000,12.911688
2004-11-16,29.379999,30.290001,29.379999,30.190001,61600,13.045645
2004-11-15,28.75,29.90,28.75,29.889999,82200,12.916009
2004-11-12,29.440001,29.73,29.00,29.48,136000,12.738841
2004-11-11,30.610001,30.610001,29.50,29.60,160000,12.790696
2004-11-10,30.799999,30.969999,30.18,30.610001,100000,13.227135
2004-11-09,30.50,30.790001,29.85,30.43,121400,13.149354
2004-11-08,29.77,30.25,29.76,30.110001,150600,13.011076
2004-11-05,28.74,30.26,28.360001,29.969999,314600,12.950579
2004-11-04,27.469999,28.719999,27.469999,28.469999,213600,12.302402
2004-11-03,27.26,27.940001,27.02,27.84,205800,12.030168
2004-11-02,27.049999,27.27,26.85,27.08,242400,11.701758
2004-11-01,27.35,27.76,27.049999,27.07,371800,11.697437
2004-10-29,28.040001,28.040001,27.200001,27.83,131200,12.025846
2004-10-28,27.379999,27.950001,27.299999,27.93,141800,12.069058
2004-10-27,27.549999,28.379999,27.15,27.549999,299000,11.904853
2004-10-26,27.809999,28.00,26.440001,27.85,611800,12.034489
2004-10-25,28.799999,28.860001,27.780001,28.15,461600,12.164124
2004-10-22,29.75,30.299999,28.91,29.030001,515600,12.544388
2004-10-21,30.620001,31.120001,28.25,29.540001,456200,12.764769
2004-10-20,31.50,31.50,29.42,30.870001,307400,13.339486
2004-10-19,32.709999,33.00,31.799999,31.83,78400,13.754319
2004-10-18,32.639999,32.709999,31.76,32.07,80800,13.858027
2004-10-15,32.09,32.48,31.76,32.220001,59600,13.922845
2004-10-14,31.27,32.740002,31.18,31.93,113400,13.797531
2004-10-13,33.080002,33.099998,31.35,31.389999,168800,13.564187
2004-10-12,32.759998,33.77,31.65,32.860001,221600,14.199401
2004-10-11,33.709999,33.990002,32.060001,33.00,453400,14.259897
2004-10-08,30.540001,32.700001,30.540001,32.639999,301400,14.104334
2004-10-07,30.65,31.25,30.41,30.92,196200,13.361091
2004-10-06,31.15,31.299999,29.940001,30.41,244800,13.140711
2004-10-05,31.74,32.189999,31.26,31.299999,141400,13.525296
2004-10-04,31.50,32.200001,31.35,31.780001,244800,13.732713
2004-10-01,30.82,31.33,30.469999,31.00,157000,13.395661
2004-09-30,29.959999,30.459999,29.84,30.18,122400,13.041324
2004-09-29,30.50,30.50,29.75,30.00,68800,12.963543
2004-09-28,29.629999,30.700001,29.629999,30.43,95800,13.149354
2004-09-27,29.52,30.42,29.50,29.75,140600,12.855513
2004-09-24,30.00,30.85,29.50,30.18,208200,13.041324
2004-09-23,30.00,30.34,29.280001,29.610001,291000,12.795017
2004-09-22,31.17,31.27,30.00,30.540001,183000,13.196887
2004-09-21,31.00,31.33,30.610001,30.99,291400,13.391339
2004-09-20,30.200001,31.200001,30.200001,30.629999,340400,13.235777
2004-09-17,29.17,30.799999,29.139999,30.360001,552400,13.119105
2004-09-16,31.00,31.43,28.299999,29.209999,1139200,12.622169
2004-09-15,32.509998,32.669998,31.030001,31.639999,417000,13.672216
2004-09-14,33.650002,33.650002,32.549999,32.599998,84200,14.087049
2004-09-13,33.950001,34.349998,32.509998,33.00,209200,14.259897
2004-09-10,32.880001,34.400002,32.880001,34.00,176000,14.692015
2004-09-09,32.700001,33.299999,32.349998,33.220001,99000,14.354963
2004-09-08,32.450001,33.25,32.139999,32.650002,303000,14.108656
2004-09-07,32.669998,32.93,32.279999,32.400002,167800,14.000627
2004-09-03,31.799999,33.73,31.799999,32.450001,147200,14.022232
2004-09-02,34.400002,34.459999,32.700001,33.619999,161800,14.52781
2004-09-01,32.919998,34.220001,32.580002,33.080002,386800,14.294467
2004-08-31,32.720001,33.00,32.009998,32.91,254600,14.221006
2004-08-30,32.150002,32.68,31.23,31.75,292800,13.719749
2004-08-27,32.099998,32.099998,31.309999,31.58,174800,13.646289
2004-08-26,32.25,33.23,31.809999,31.959999,320800,13.810494
2004-08-25,31.34,32.240002,31.209999,31.950001,146000,13.806173
2004-08-24,31.10,31.780001,31.10,31.35,126200,13.546902
2004-08-23,32.150002,32.50,31.10,31.719999,281000,13.706785
2004-08-20,32.529999,32.650002,31.75,32.150002,249800,13.892597
2004-08-19,31.879999,32.709999,31.16,32.48,324600,14.035195
2004-08-18,30.040001,31.440001,29.879999,31.110001,430600,13.443194
2004-08-17,30.40,30.58,29.559999,30.09,466400,13.002433
2004-08-16,28.57,30.60,28.34,29.99,904000,12.959221
2004-08-13,27.50,28.40,27.23,28.219999,330000,12.194372
2004-08-12,27.76,28.120001,27.40,27.43,94200,11.852999
2004-08-11,27.77,28.120001,27.35,28.049999,139600,12.120912
2004-08-10,28.10,28.10,26.690001,27.41,201600,11.844357
2004-08-09,27.440001,27.469999,26.799999,27.219999,45600,11.762254
2004-08-06,27.23,28.01,26.50,26.83,205600,11.593728
2004-08-05,28.01,28.25,27.51,27.639999,71000,11.943744
2004-08-04,28.00,28.620001,27.940001,28.01,145600,12.103628
2004-08-03,28.379999,28.50,28.00,28.09,127200,12.138197
2004-08-02,27.549999,28.440001,27.34,28.379999,260600,12.263511
2004-07-30,27.25,27.41,27.00,27.41,275200,11.844357
2004-07-29,26.60,27.32,26.219999,27.25,188400,11.775218
2004-07-28,25.52,26.65,25.52,26.309999,203200,11.369027
2004-07-27,25.360001,25.700001,25.10,25.60,330000,11.062223
2004-07-26,25.280001,25.620001,24.639999,25.389999,222800,10.971478
2004-07-23,24.530001,25.129999,24.200001,24.98,77600,10.79431
2004-07-22,24.58,24.60,24.110001,24.530001,113600,10.599857
2004-07-21,24.00,24.530001,24.00,24.530001,192000,10.599857
2004-07-20,24.030001,24.48,23.549999,24.370001,94200,10.530718
2004-07-19,25.120001,25.389999,23.90,24.540001,132600,10.604178
2004-07-16,24.450001,24.799999,23.709999,23.98,146000,10.362192
2004-07-15,24.959999,24.98,24.450001,24.780001,102800,10.707887
2004-07-14,23.700001,25.60,23.700001,24.60,222400,10.630105
2004-07-13,23.700001,24.200001,23.700001,24.08,128400,10.405404
2004-07-12,23.50,23.889999,23.50,23.790001,237800,10.28009
2004-07-09,23.66,24.00,23.66,23.950001,92200,10.349229
2004-07-08,23.870001,24.00,23.74,23.74,107200,10.258483
2004-07-07,24.15,24.40,23.76,24.030001,183600,10.383798
2004-07-06,23.51,24.27,23.51,23.959999,269200,10.353549
2004-07-02,23.50,24.10,23.379999,24.10,154600,10.414046
2004-07-01,24.309999,24.549999,23.76,24.02,266400,10.379477
2004-06-30,24.75,25.059999,24.50,24.52,192800,10.595536
2004-06-29,25.00,25.299999,24.76,24.790001,176000,10.712208
2004-06-28,26.60,26.65,24.969999,25.00,324600,10.802952
2004-06-25,26.08,26.49,20.870001,26.139999,1295400,11.295567
2004-06-24,25.99,26.00,25.50,26.00,259400,11.23507
2004-06-23,25.389999,26.00,25.389999,25.99,189000,11.230749
2004-06-22,24.700001,25.700001,24.700001,25.67,220200,11.092471
2004-06-21,25.60,25.82,24.389999,24.700001,701600,10.673317
2004-06-18,26.74,26.74,25.76,25.940001,245800,11.209143
2004-06-17,26.25,26.49,26.00,26.26,105800,11.347421
2004-06-16,25.73,26.58,25.50,26.58,182400,11.485699
2004-06-15,25.690001,27.15,25.200001,26.280001,725800,11.356064
2004-06-14,28.25,30.75,26.389999,26.59,2180600,11.49002
2004-06-10,27.25,28.309999,27.25,28.030001,161400,12.11227
2004-06-09,28.24,28.24,27.209999,27.620001,110400,11.935102
2004-06-08,26.90,28.469999,26.90,27.93,192000,12.069058
2004-06-07,26.60,27.85,26.18,27.040001,198800,11.684473
2004-06-04,27.84,27.84,26.120001,26.76,343400,11.56348
2004-06-03,28.74,28.74,26.959999,27.75,274000,11.991277
2004-06-02,28.75,28.75,28.26,28.50,361400,12.315366
2004-06-01,27.99,28.50,27.50,28.200001,651800,12.18573
2004-05-28,25.780001,27.85,25.50,27.25,681200,11.775218
2004-05-27,25.450001,25.469999,25.299999,25.450001,194400,10.997406
2004-05-26,25.10,25.50,24.799999,25.15,269600,10.86777
2004-05-25,24.549999,25.10,24.200001,25.10,227800,10.846164
2004-05-24,24.110001,25.10,24.00,24.50,126600,10.586893
2004-05-21,24.799999,25.10,24.00,25.10,102400,10.846164
2004-05-20,25.00,25.00,23.77,24.82,88000,10.725171
2004-05-19,25.00,25.10,24.549999,24.99,210400,10.798631
2004-05-18,24.25,24.91,23.66,24.91,110400,10.764062
2004-05-17,24.01,24.799999,23.620001,24.209999,99600,10.461579
2004-05-14,23.540001,25.00,23.540001,24.25,207400,10.478864
2004-05-13,25.440001,25.440001,23.66,23.780001,207600,10.275768
2004-05-12,25.60,25.60,23.719999,25.01,250400,10.807273
2004-05-11,25.049999,25.700001,24.26,24.34,131400,10.517754
2004-05-10,25.74,25.74,23.120001,24.549999,273600,10.608499
2004-05-07,25.50,26.00,24.99,25.299999,182400,10.932587
2004-05-06,25.50,25.50,24.110001,25.50,245400,11.019011
2004-05-05,25.15,25.50,24.610001,25.49,208000,11.01469
2004-05-04,23.50,25.190001,23.50,24.809999,184200,10.72085
2004-05-03,24.40,24.950001,23.51,24.59,199800,10.625784
2004-04-30,24.700001,24.73,23.48,23.940001,114600,10.344907
2004-04-29,25.200001,25.200001,24.01,24.34,124400,10.517754
2004-04-28,25.50,25.74,24.57,24.940001,146800,10.777025
2004-04-27,24.049999,25.50,24.049999,25.34,287800,10.949872
2004-04-26,24.25,24.360001,23.00,24.200001,221000,10.457258
2004-04-23,23.459999,24.25,22.75,23.34,173000,10.085636
2004-04-22,23.25,23.950001,22.049999,23.950001,361200,10.349229
2004-04-21,23.99,24.00,23.01,23.51,146600,10.159096
2004-04-20,23.209999,24.00,23.00,23.620001,190800,10.20663
2004-04-19,22.25,23.98,22.129999,23.98,268200,10.362192
2004-04-16,22.25,22.43,22.129999,22.280001,80600,9.627591
2004-04-15,22.00,22.52,22.00,22.10,181000,9.54981
2004-04-14,23.17,23.209999,22.00,22.10,195400,9.54981
2004-04-13,23.68,23.85,23.01,23.33,137200,10.081315
2004-04-12,23.889999,23.889999,22.90,23.59,205800,10.193666
2004-04-08,23.40,23.85,23.01,23.389999,200400,10.107242
2004-04-07,22.49,23.530001,22.25,23.50,187800,10.154775
2004-04-06,21.07,23.16,20.629999,22.92,621400,9.904147
2004-04-05,24.25,24.48,21.559999,21.959999,663400,9.489313
2004-04-02,23.75,24.49,23.75,24.25,127800,10.478864
2004-04-01,24.040001,24.40,23.549999,23.85,147400,10.306017
2004-03-31,24.18,24.700001,23.799999,24.00,233600,10.370834
2004-03-30,23.309999,24.620001,23.10,24.620001,275600,10.638748
2004-03-29,24.65,24.889999,23.25,23.50,341000,10.154775
2004-03-26,24.25,24.25,23.07,23.16,172600,10.007855
2004-03-25,23.50,24.25,23.200001,24.10,162200,10.414046
2004-03-24,23.00,24.25,22.879999,23.74,219600,10.258483
2004-03-23,23.76,24.110001,22.799999,23.76,286400,10.267126
2004-03-22,25.00,25.00,23.950001,24.00,124200,10.370834
2004-03-19,26.85,26.85,24.66,25.00,94200,10.802952
2004-03-18,26.25,26.84,25.190001,25.75,169800,11.127041
2004-03-17,23.299999,26.40,22.76,25.870001,662400,11.178895
2004-03-16,24.469999,24.700001,22.73,23.18,327000,10.016497
2004-03-15,24.52,25.280001,23.98,24.360001,400800,10.526397
2004-03-12,25.26,26.50,24.65,25.50,455400,11.019011
2004-03-11,25.40,27.469999,23.799999,25.66,1092200,11.08815
2004-03-10,28.75,29.40,27.209999,27.51,337000,11.887569
2004-03-09,29.299999,29.60,28.75,29.049999,353400,12.55303
2004-03-08,28.74,29.40,28.50,29.120001,372000,12.583279
2004-03-05,28.10,28.940001,28.00,28.610001,260600,12.362899
2004-03-04,27.98,28.27,27.059999,27.82,261600,12.021525
2004-03-03,29.00,29.00,26.50,27.85,532800,12.034489
2004-03-02,26.85,28.950001,26.85,28.82,591400,12.453643
2004-03-01,25.700001,27.00,25.200001,26.48,409400,11.442487
2004-02-27,25.530001,25.75,25.049999,25.190001,231400,10.885055
2004-02-26,25.049999,25.24,24.950001,25.040001,246600,10.820237
2004-02-25,25.00,25.25,25.00,25.08,235000,10.837522
2004-02-24,26.290001,26.290001,24.719999,25.01,471800,10.807273
2004-02-23,24.50,26.389999,24.00,26.299999,523400,11.364705
2004-02-20,24.10,24.65,23.50,24.370001,205200,10.530718
2004-02-19,25.299999,25.65,24.15,24.32,245000,10.509112
2004-02-18,25.10,25.10,24.01,25.059999,568000,10.828879
2004-02-17,23.99,25.10,23.700001,25.00,540600,10.802952
2004-02-13,23.049999,23.790001,23.01,23.40,207200,10.111563
2004-02-12,24.00,24.15,22.90,23.280001,350400,10.059709
2004-02-11,22.50,24.00,21.40,23.940001,555200,10.344907
2004-02-10,24.200001,24.440001,20.85,21.549999,1251600,9.312144
2004-02-09,23.00,23.75,22.309999,23.66,779800,10.223914
2004-02-06,22.139999,22.60,21.799999,22.27,476000,9.62327
2004-02-05,21.35,21.75,21.00,21.75,257400,9.398568
2004-02-04,20.50,21.85,20.059999,21.01,209000,9.078801
2004-02-03,20.10,20.450001,18.889999,20.08,121000,8.676931
2004-02-02,19.25,19.90,18.940001,19.889999,141400,8.594829
2004-01-30,19.799999,19.799999,19.00,19.58,101800,8.460872
2004-01-29,19.959999,19.959999,19.25,19.48,112400,8.41766
2004-01-28,19.75,20.00,19.65,19.870001,96600,8.586187
2004-01-27,19.700001,20.00,19.08,19.74,90400,8.530011
2004-01-26,19.08,19.799999,19.00,19.129999,155200,8.266419
2004-01-23,19.889999,19.90,18.959999,19.07,124400,8.240492
2004-01-22,19.440001,19.50,19.00,19.42,145800,8.391733
2004-01-21,18.16,19.18,18.16,19.18,147400,8.288025
2004-01-20,18.51,18.98,18.299999,18.370001,122800,7.93801
2004-01-16,18.450001,18.90,18.26,18.32,67000,7.916403
2004-01-15,18.90,18.90,18.65,18.889999,69600,8.16271
2004-01-14,18.799999,18.90,18.799999,18.870001,69600,8.154069
2004-01-13,18.950001,19.389999,18.690001,18.809999,100000,8.128141
2004-01-12,18.00,18.65,17.60,18.65,213600,8.059002
2004-01-09,17.190001,17.68,17.01,17.25,134000,7.454037
2004-01-08,17.809999,18.00,17.68,17.68,33400,7.639848
2004-01-07,17.98,18.049999,17.75,18.00,48800,7.778126
2004-01-06,17.09,17.950001,17.08,17.950001,147600,7.75652
2004-01-05,18.73,18.75,17.60,17.889999,159600,7.730592
2004-01-02,19.50,19.50,17.950001,18.450001,161800,7.972579
2003-12-31,19.50,19.75,19.040001,19.42,119000,8.391733
2003-12-30,18.10,19.09,17.98,18.959999,121800,8.192959
2003-12-29,17.780001,18.10,17.700001,18.040001,198400,7.795411
2003-12-26,17.280001,17.780001,17.27,17.66,34000,7.631205
2003-12-24,16.99,17.26,16.99,17.26,24800,7.458358
2003-12-23,16.790001,16.99,16.790001,16.99,43200,7.341686
2003-12-22,16.99,17.02,16.75,16.879999,94000,7.294153
2003-12-19,17.00,17.00,16.799999,16.99,85600,7.341686
2003-12-18,16.75,17.00,16.51,16.92,99800,7.311438
2003-12-17,34.00,34.00,33.75,33.990002,16800,7.343847
2003-12-16,34.040001,34.040001,33.509998,34.00,33600,7.346007
2003-12-15,34.00,34.099998,33.869999,34.049999,57200,7.35681
2003-12-12,33.450001,34.00,33.450001,33.869999,48000,7.31792
2003-12-11,33.25,33.25,33.110001,33.25,32800,7.183963
2003-12-10,33.25,33.25,33.060001,33.110001,90400,7.153715
2003-12-09,31.049999,33.220001,31.049999,33.07,139600,7.145073
2003-12-08,32.799999,33.09,30.799999,31.309999,205600,6.764809
2003-12-05,34.459999,34.700001,32.560001,32.900002,217200,7.108343
2003-12-04,34.060001,34.75,34.060001,34.549999,102800,7.46484
2003-12-03,33.599998,36.00,33.599998,35.130001,254400,7.590154
2003-12-02,32.950001,33.599998,32.470001,33.599998,150000,7.259584
2003-12-01,32.50,32.900002,32.490002,32.900002,160400,7.108343
2003-11-28,31.50,32.50,31.450001,32.43,134400,7.006795
2003-11-26,31.50,31.50,31.15,31.50,253600,6.80586
2003-11-25,30.23,31.68,30.15,31.030001,242000,6.704312
2003-11-24,30.02,30.120001,29.85,30.030001,223200,6.488253
2003-11-21,29.90,29.90,29.82,29.889999,113600,6.458005
2003-11-20,28.90,30.10,28.549999,29.51,213600,6.375902
2003-11-19,28.68,28.99,28.68,28.68,14400,6.196573
2003-11-18,28.73,28.85,28.700001,28.700001,8000,6.200895
2003-11-17,28.90,28.90,28.690001,28.90,11200,6.244106
2003-11-14,29.40,29.40,28.83,29.25,37600,6.319727
2003-11-13,29.450001,29.450001,29.450001,29.450001,2800,6.362939
2003-11-12,29.25,29.549999,29.10,29.450001,30000,6.362939
2003-11-11,29.129999,29.129999,29.129999,29.129999,000,6.2938
2003-11-10,29.10,29.450001,29.10,29.129999,16400,6.2938
2003-11-07,29.02,29.440001,29.02,29.40,12400,6.352136
2003-11-06,29.389999,29.389999,29.00,29.200001,11600,6.308924
2003-11-05,30.00,30.00,28.51,28.639999,35600,6.187931
2003-11-04,29.450001,30.049999,29.450001,29.90,46400,6.460165
2003-11-03,28.50,29.530001,28.50,29.450001,60800,6.362939
2003-10-31,28.389999,28.549999,28.299999,28.50,23200,6.157683
2003-10-30,27.559999,28.389999,27.50,28.379999,56800,6.131755
2003-10-29,27.549999,27.549999,27.459999,27.459999,39200,5.932981
2003-10-28,27.50,27.50,27.25,27.450001,83600,5.930821
2003-10-27,27.50,27.50,27.25,27.50,48400,5.941624
2003-10-24,26.43,27.549999,26.43,27.290001,24800,5.896252
2003-10-23,26.35,26.43,25.959999,26.43,21600,5.710441
2003-10-22,26.25,26.35,26.10,26.10,489600,5.639141
2003-10-21,26.15,26.360001,26.110001,26.15,102800,5.649944
2003-10-20,26.129999,26.15,26.01,26.15,28800,5.649944
2003-10-17,25.139999,26.10,25.139999,26.10,12400,5.639141
2003-10-16,25.209999,25.40,25.02,25.40,3600,5.4879
2003-10-15,24.76,25.24,24.75,25.24,26800,5.45333
2003-10-14,24.950001,24.950001,24.76,24.76,9600,5.349622
2003-10-13,24.870001,24.950001,24.809999,24.84,64800,5.366907
2003-10-10,24.90,25.00,24.540001,24.639999,44800,5.323695
2003-10-09,24.85,25.18,24.799999,24.85,106400,5.369067
2003-10-08,24.959999,25.00,24.60,24.84,24400,5.366907
2003-10-07,23.90,24.90,23.90,24.75,110400,5.347461
2003-10-06,24.049999,24.35,23.889999,23.969999,20400,5.178935
2003-10-03,23.60,24.049999,23.50,24.049999,37600,5.19622
2003-10-02,23.629999,23.629999,23.379999,23.50,59600,5.077388
2003-10-01,23.450001,23.700001,23.43,23.59,42400,5.096833
2003-09-30,23.450001,23.450001,23.08,23.200001,31200,5.01257
2003-09-29,23.00,23.50,23.00,23.50,42400,5.077388
2003-09-26,22.60,23.08,22.60,23.00,69600,4.969358
2003-09-25,22.25,22.60,22.25,22.60,15600,4.882934
2003-09-24,22.34,22.559999,22.030001,22.559999,39600,4.874292
2003-09-23,22.00,22.65,21.959999,22.65,47600,4.893737
2003-09-22,21.809999,21.809999,21.440001,21.66,116800,4.679839
2003-09-19,21.76,21.889999,21.40,21.74,45200,4.697124
2003-09-18,21.75,21.90,21.75,21.76,7600,4.701445
2003-09-17,21.809999,21.83,21.49,21.83,45200,4.716569
2003-09-16,21.35,21.76,21.35,21.51,52800,4.64743
2003-09-15,21.60,21.74,21.129999,21.280001,28800,4.597737
2003-09-12,21.459999,21.83,21.379999,21.59,16000,4.664715
2003-09-11,21.52,21.65,21.52,21.52,7600,4.649591
2003-09-10,21.959999,22.07,21.67,21.799999,27600,4.710087
2003-09-09,22.00,22.00,21.66,21.75,38400,4.699284
2003-09-08,21.799999,22.00,21.549999,22.00,39600,4.753299
2003-09-05,22.01,22.139999,21.65,21.65,48800,4.677678
2003-09-04,22.940001,23.200001,21.040001,22.200001,140800,4.796511
2003-09-03,23.07,23.35,23.00,23.08,24800,4.986643
2003-09-02,23.299999,23.299999,23.01,23.190001,20800,5.010409
2003-08-29,23.09,23.34,23.00,23.34,30800,5.042818
2003-08-28,23.34,23.34,23.34,23.34,800,5.042818
2003-08-27,22.90,23.299999,22.90,23.01,23200,4.971519
2003-08-26,23.42,23.42,22.92,23.24,30400,5.021212
2003-08-25,23.50,23.549999,23.35,23.450001,154800,5.066585
2003-08-22,23.48,23.50,23.200001,23.48,17200,5.073066
2003-08-21,23.200001,23.35,22.98,23.129999,33600,4.997446
2003-08-20,22.51,23.26,22.51,23.02,66000,4.973679
2003-08-19,21.799999,23.23,21.799999,23.23,87200,5.019051
2003-08-18,21.629999,22.00,21.629999,21.799999,38000,4.710087
2003-08-15,21.51,21.65,20.75,21.40,38400,4.623663
2003-08-14,20.74,21.57,20.73,21.50,215600,4.645269
2003-08-13,20.40,20.629999,20.040001,20.629999,22000,4.457298
2003-08-12,20.17,20.17,20.10,20.15,52400,4.35359
2003-08-11,20.10,20.17,20.059999,20.110001,74800,4.344948
2003-08-08,20.18,20.18,20.030001,20.10,38800,4.342787
2003-08-07,19.860001,20.18,19.860001,20.18,16800,4.360072
2003-08-06,19.73,20.09,19.549999,19.85,59200,4.288772
2003-08-05,18.959999,19.84,18.959999,19.540001,40400,4.221794
2003-08-04,18.610001,18.809999,18.530001,18.809999,124800,4.064071
2003-08-01,18.15,18.52,17.85,18.10,102000,3.910669
2003-07-31,18.01,18.15,18.00,18.030001,50400,3.895545
2003-07-30,18.389999,18.389999,18.00,18.10,62800,3.910669
2003-07-29,18.450001,18.459999,18.129999,18.129999,81600,3.91715
2003-07-28,18.09,18.49,18.09,18.49,55600,3.994932
2003-07-25,18.379999,18.379999,17.719999,18.00,13200,3.889063
2003-07-24,18.469999,18.469999,17.950001,18.15,72800,3.921472
2003-07-23,17.879999,18.50,17.84,18.50,19200,3.997092
2003-07-22,18.65,18.700001,17.00,17.52,74800,3.785355
2003-07-21,18.34,18.50,18.26,18.50,45600,3.997092
2003-07-18,18.290001,18.290001,17.959999,18.290001,14400,3.95172
2003-07-17,17.50,18.40,17.50,18.00,66400,3.889063
2003-07-16,17.25,17.360001,17.18,17.280001,37600,3.7335
2003-07-15,17.25,17.25,17.200001,17.24,30400,3.724858
2003-07-14,17.10,17.15,16.99,17.15,48800,3.705413
2003-07-11,17.02,17.10,17.01,17.10,5200,3.69461
2003-07-10,17.09,17.10,16.809999,17.00,7600,3.673004
2003-07-09,16.23,17.00,16.209999,16.82,29600,3.634113
2003-07-08,16.700001,16.700001,15.65,16.25,48000,3.510959
2003-07-07,16.25,16.65,16.01,16.559999,16800,3.577938
2003-07-03,16.360001,16.60,16.32,16.32,6400,3.526084
2003-07-02,15.71,17.01,15.71,16.60,31600,3.58658
2003-07-01,15.70,17.01,15.29,15.45,131600,3.338112
2003-06-30,16.959999,17.23,15.15,15.37,65200,3.320827
2003-06-27,17.200001,17.280001,17.00,17.00,64800,3.673004
2003-06-26,17.709999,17.709999,17.00,17.120001,26400,3.698931
2003-06-25,16.49,18.40,16.48,17.23,73200,3.722697
2003-06-24,15.89,16.51,15.84,16.51,63600,3.567135
2003-06-23,14.39,15.91,14.39,15.91,36000,3.437499
2003-06-20,14.31,14.39,14.29,14.39,5600,3.10909
2003-06-19,14.52,14.52,14.32,14.39,34000,3.10909
2003-06-18,14.95,14.95,14.33,14.50,131600,3.132856
2003-06-17,15.32,15.33,14.70,14.95,76400,3.230083
2003-06-16,15.50,15.50,15.25,15.25,11200,3.2949
2003-06-13,15.66,15.74,15.41,15.41,8800,3.32947
2003-06-12,15.60,15.77,15.44,15.58,37600,3.3662
2003-06-11,15.69,15.85,15.56,15.60,14000,3.370521
2003-06-10,15.40,15.75,15.31,15.70,19600,3.392127
2003-06-09,15.35,15.40,15.23,15.39,12400,3.325149
2003-06-06,15.45,15.45,15.25,15.35,4800,3.316506
2003-06-05,15.35,15.40,15.24,15.25,21200,3.2949
2003-06-04,15.07,15.45,15.07,15.35,20800,3.316506
2003-06-03,15.12,15.50,15.12,15.35,12400,3.316506
2003-06-02,14.96,15.50,14.85,15.05,53200,3.251689
2003-05-30,14.60,15.00,14.60,14.70,109200,3.176068
2003-05-29,14.55,14.70,14.55,14.60,3600,3.154462
2003-05-28,14.71,14.85,14.06,14.60,180400,3.154462
2003-05-27,15.00,15.08,14.76,14.80,32000,3.197674
2003-05-23,14.74,15.35,14.60,15.18,25200,3.279776
2003-05-22,14.75,14.75,14.50,14.60,31200,3.154462
2003-05-21,14.86,14.86,14.52,14.74,18000,3.18471
2003-05-20,14.90,15.01,14.81,14.90,12800,3.21928
2003-05-19,15.00,15.00,15.00,15.00,20000,3.240886
2003-05-16,14.90,15.30,14.90,14.90,20000,3.21928
2003-05-15,15.08,15.08,14.95,15.00,18800,3.240886
2003-05-14,14.96,15.08,14.95,15.00,26800,3.240886
2003-05-13,15.00,15.00,14.95,15.00,23200,3.240886
2003-05-12,15.09,15.25,14.91,15.05,20800,3.251689
2003-05-09,15.20,15.35,15.20,15.20,21200,3.284097
2003-05-08,15.25,15.25,15.17,15.20,87600,3.284097
2003-05-07,15.10,15.25,15.06,15.25,98000,3.2949
2003-05-06,15.09,15.10,15.02,15.09,52800,3.260331
2003-05-05,14.82,15.20,14.65,15.09,72000,3.260331
2003-05-02,14.98,15.00,14.89,14.93,37200,3.225762
2003-05-01,15.07,15.07,14.99,14.99,55200,3.238725
2003-04-30,15.28,15.40,15.00,15.00,31200,3.240886
2003-04-29,15.21,15.35,15.20,15.20,9200,3.284097
2003-04-28,15.00,15.85,15.00,15.49,21600,3.346755
2003-04-25,16.799993,16.799993,16.640009,16.69998,40000,3.280165
2003-04-24,16.799993,16.799993,16.649997,16.750008,7600,3.289992
2003-04-23,16.799993,16.85002,16.759996,16.799993,104000,3.299809
2003-04-22,16.900004,16.900004,16.85002,16.85002,1600,3.309636
2003-04-21,17.099984,17.099984,16.85002,16.85002,38800,3.309636
2003-04-17,17.150013,17.150013,16.989985,17.099984,20400,3.358733
2003-04-16,16.909992,17.300008,16.85002,17.000017,27600,3.339098
2003-04-15,16.900004,16.900004,16.820013,16.85002,16000,3.309636
2003-04-14,16.610001,16.790005,16.610001,16.790005,2400,3.297848
2003-04-11,16.549984,16.600013,16.399988,16.50,60000,3.240886
2003-04-10,15.900017,16.710012,15.800004,16.560016,40400,3.252674
2003-04-09,15.95,15.95,15.42002,15.570016,5600,3.058221
2003-04-08,16.050013,16.050013,15.549997,15.889985,10400,3.121068
2003-04-07,15.999984,16.099997,15.75002,16.050013,34000,3.1525
2003-04-04,15.999984,15.999984,15.999984,15.999984,1200,3.142674
2003-04-03,15.989996,16.039981,15.81998,16.039981,2400,3.15053
2003-04-02,15.999984,16.099997,15.999984,16.050013,50800,3.1525
2003-04-01,15.800004,15.900017,15.800004,15.900017,29200,3.123039
2003-03-31,15.75002,15.999984,15.730001,15.800004,59200,3.103394
2003-03-28,15.589992,15.75002,15.589992,15.739988,11200,3.091606
2003-03-27,15.570016,15.570016,14.899984,15.559984,17600,3.05625
2003-03-26,15.610012,15.610012,15.610012,15.610012,000,3.066077
2003-03-25,15.739988,15.75002,15.500013,15.610012,8800,3.066077
2003-03-24,15.500013,15.680017,15.500013,15.680017,8000,3.079827
2003-03-21,15.730001,15.809992,15.589992,15.720013,8800,3.087683
2003-03-20,15.800004,15.889985,15.800004,15.800004,11600,3.103394
2003-03-19,16.050013,16.050013,15.75002,15.75002,20400,3.093577
2003-03-18,15.879997,16.050013,15.879997,16.050013,107200,3.1525
2003-03-17,15.699993,15.790016,15.699993,15.790016,13200,3.101433
2003-03-14,15.699993,15.75002,15.699993,15.699993,49200,3.08375
2003-03-13,16.099997,16.099997,15.59998,15.62,14000,3.068038
2003-03-12,15.739988,15.849988,15.59998,15.849988,34000,3.113212
2003-03-11,16.099997,16.099997,15.870009,15.870009,26400,3.117144
2003-03-10,15.62,15.999984,15.500013,15.659996,27600,3.075894
2003-03-07,15.889985,15.999984,15.500013,15.580004,38400,3.060183
2003-03-06,15.119984,15.180001,15.04998,15.149993,28800,2.975721
2003-03-05,15.09002,15.09002,15.09002,15.09002,3200,2.963941
2003-03-04,14.999997,15.470004,14.999997,14.999997,57600,2.946259
2003-03-03,14.580017,15.20002,14.580017,14.999997,46400,2.946259
2003-02-28,14.430021,14.910016,14.430021,14.690016,44800,2.885374
2003-02-27,14.309988,14.309988,14.309988,14.309988,000,2.810729
2003-02-26,14.260005,14.309988,14.110008,14.309988,8800,2.810729
2003-02-25,14.269992,14.269992,14.000008,14.009996,8000,2.751806
2003-02-24,14.49998,14.550008,14.000008,14.180012,26800,2.7852
2003-02-21,14.30,14.309988,13.55002,13.960012,124000,2.741988
2003-02-20,14.690016,14.690016,14.49998,14.49998,14800,2.848047
2003-02-19,15.130017,15.140005,14.800017,14.85,42000,2.916797
2003-02-18,15.42002,15.42002,15.039992,15.039992,48800,2.954115
2003-02-14,15.37998,15.390012,15.219996,15.219996,10800,2.989471
2003-02-13,15.559984,15.559984,15.29,15.390012,5600,3.022865
2003-02-12,15.350017,15.350017,15.04998,15.299988,73200,3.005182
2003-02-11,15.350017,15.350017,15.299988,15.299988,24400,3.005182
2003-02-10,15.299988,15.350017,15.189988,15.299988,6400,3.005182
2003-02-07,15.339985,15.369992,15.149993,15.259992,8000,2.997327
2003-02-06,15.360005,15.500013,15.31002,15.409988,25200,3.026788
2003-02-05,14.950013,15.489981,14.950013,15.489981,16000,3.0425
2003-02-04,14.449996,15.100008,14.449996,15.039992,25200,2.954115
2003-02-03,14.000008,14.480004,13.979988,14.470016,35200,2.842162
2003-01-31,13.799984,13.899996,13.75,13.899996,183200,2.7302
2003-01-30,13.499993,13.799984,13.410012,13.799984,146800,2.710556
2003-01-29,12.98,13.499993,12.98,13.410012,304000,2.633959
2003-01-28,13.160005,13.160005,13.050004,13.059992,26800,2.565209
2003-01-27,12.98,13.00002,12.98,13.00002,5600,2.553429
2003-01-24,12.900008,13.050004,12.900008,13.050004,10800,2.563247
2003-01-23,13.11002,13.11002,12.809984,13.00002,301600,2.553429
2003-01-22,12.34002,13.080012,12.34002,12.84998,25200,2.523959
2003-01-21,12.020009,12.32,12.020009,12.32,231200,2.419861
2003-01-17,12.12002,12.12002,12.12002,12.12002,000,2.380582
2003-01-16,12.12002,12.12002,12.12002,12.12002,000,2.380582
2003-01-15,11.950004,12.12002,11.849993,12.12002,5600,2.380582
2003-01-14,12.060004,12.060004,12.050017,12.050017,13200,2.366832
2003-01-13,12.069992,12.139996,12.020009,12.060004,52000,2.368794
2003-01-10,12.090012,12.170004,12.050017,12.07998,106000,2.372717
2003-01-09,11.999988,11.999988,11.999988,11.999988,000,2.357005
2003-01-08,12.179992,12.179992,11.999988,11.999988,18800,2.357005
2003-01-07,12.10,12.10,12.050017,12.050017,13600,2.366832
2003-01-06,12.10,12.10,12.10,12.10,1600,2.37665
2003-01-03,12.07998,12.07998,12.07998,12.07998,400,2.372717
2003-01-02,11.910008,12.01002,11.910008,11.999988,84000,2.357005
2002-12-31,11.90002,11.90002,11.90002,11.90002,4800,2.33737
2002-12-30,11.950004,11.950004,11.950004,11.950004,000,2.347188
2002-12-27,12.060004,12.060004,11.950004,11.950004,37200,2.347188
2002-12-26,12.230021,12.230021,12.230021,12.230021,000,2.402188
2002-12-24,12.230021,12.230021,12.230021,12.230021,1600,2.402188
2002-12-23,11.950004,12.170004,11.90002,12.149984,60400,2.386467
2002-12-20,11.999988,12.050017,11.90002,12.050017,102000,2.366832
2002-12-19,11.999988,11.999988,11.999988,11.999988,4400,2.357005
2002-12-18,12.090012,12.090012,12.090012,12.090012,800,2.374688
2002-12-17,12.039985,12.249996,12.01002,12.050017,82400,2.366832
2002-12-16,12.07998,12.07998,12.050017,12.050017,9600,2.366832
2002-12-13,12.07998,12.07998,12.050017,12.050017,19600,2.366832
2002-12-12,11.950004,12.039985,11.889988,12.039985,9200,2.364861
2002-12-11,11.950004,11.950004,11.950004,11.950004,1600,2.347188
2002-12-10,11.999988,12.050017,11.74998,11.950004,20800,2.347188
2002-12-09,11.999988,11.999988,11.999988,11.999988,5200,2.357005
2002-12-06,12.170004,12.170004,12.170004,12.170004,000,2.390399
2002-12-05,12.170004,12.170004,12.170004,12.170004,000,2.390399
2002-12-04,12.170004,12.170004,12.170004,12.170004,400,2.390399
2002-12-03,12.170004,12.170004,12.170004,12.170004,400,2.390399
2002-12-02,12.01002,12.01002,11.999988,11.999988,17600,2.357005
2002-11-29,12.10,12.10,12.01002,12.01002,26800,2.358976
2002-11-27,11.950004,11.999988,11.950004,11.999988,9600,2.357005
2002-11-26,11.950004,11.950004,11.950004,11.950004,000,2.347188
2002-11-25,11.859981,11.999988,11.859981,11.950004,77200,2.347188
2002-11-22,12.090012,12.10,11.730004,11.74998,80400,2.3079
2002-11-21,12.020009,12.07998,11.709984,12.07998,22400,2.372717
2002-11-20,11.910008,12.060004,11.840005,11.840005,4800,2.325582
2002-11-19,12.090012,12.090012,12.090012,12.090012,400,2.374688
2002-11-18,11.999988,11.999988,11.999988,11.999988,6800,2.357005
2002-11-15,12.090012,12.10,11.999988,11.999988,64800,2.357005
2002-11-14,11.980012,12.240009,11.730004,12.07998,37600,2.372717
2002-11-13,11.800008,11.999988,11.800008,11.980012,6800,2.353082
2002-11-12,11.709984,11.74998,11.709984,11.74998,3600,2.3079
2002-11-11,11.599984,11.950004,11.599984,11.74998,24400,2.3079
2002-11-08,11.96998,11.980012,11.730004,11.96998,18000,2.351111
2002-11-07,11.859981,11.859981,11.859981,11.859981,2400,2.329506
2002-11-06,11.849993,12.020009,11.849993,11.99,12400,2.355044
2002-11-05,11.999988,12.149984,11.800008,11.849993,29600,2.327544
2002-11-04,12.07998,12.109988,12.07998,12.10,6400,2.37665
2002-11-01,12.249996,12.249996,12.249996,12.249996,000,2.406111
2002-10-31,11.999988,12.249996,11.999988,12.249996,38000,2.406111
2002-10-30,12.249996,12.399993,12.200013,12.200013,102800,2.396294
2002-10-29,12.249996,12.259984,11.999988,11.999988,6000,2.357005
2002-10-28,12.329988,12.329988,12.329988,12.329988,2400,2.421823
2002-10-25,12.350008,12.350008,12.34002,12.350008,16400,2.425755
2002-10-24,11.90002,12.200013,11.90002,12.200013,29200,2.396294
2002-10-23,11.599984,11.999988,11.599984,11.760012,40400,2.30987
2002-10-22,11.580008,11.699996,11.500017,11.699996,182400,2.298082
2002-10-21,11.639981,11.699996,11.639981,11.699996,168400,2.298082
2002-10-18,11.55,11.55,11.500017,11.500017,62000,2.258802
2002-10-17,11.510004,11.55,11.500017,11.500017,12000,2.258802
2002-10-16,11.650013,11.650013,11.470009,11.500017,36800,2.258802
2002-10-15,11.849993,11.849993,11.400004,11.55,321600,2.26862
2002-10-14,11.400004,11.400004,11.400004,11.400004,3200,2.239158
2002-10-11,11.400004,11.400004,11.400004,11.400004,15600,2.239158
2002-10-10,11.400004,11.400004,11.400004,11.400004,9600,2.239158
2002-10-09,11.400004,11.500017,11.400004,11.500017,52800,2.258802
2002-10-08,11.400004,11.580008,11.400004,11.57002,58400,2.272552
2002-10-07,11.400004,11.400004,11.400004,11.400004,1200,2.239158
2002-10-04,11.400004,11.500017,11.400004,11.500017,45600,2.258802
2002-10-03,11.400004,11.400004,11.400004,11.400004,000,2.239158
2002-10-02,11.400004,11.400004,11.400004,11.400004,2800,2.239158
2002-10-01,11.599984,11.599984,11.400004,11.400004,2400,2.239158
2002-09-30,11.599984,11.599984,11.599984,11.599984,2000,2.278438
2002-09-27,11.500017,11.500017,11.500017,11.500017,000,2.258802
2002-09-26,11.500017,11.500017,11.500017,11.500017,1200,2.258802
2002-09-25,11.510004,11.510004,11.500017,11.500017,16400,2.258802
2002-09-24,11.599984,11.599984,11.599984,11.599984,7600,2.278438
2002-09-23,11.999988,11.999988,11.650013,11.650013,58800,2.288264
2002-09-20,12.10,12.10,11.999988,11.999988,2800,2.357005
2002-09-19,12.01002,12.01002,11.999988,11.999988,4400,2.357005
2002-09-18,12.01002,12.01002,12.01002,12.01002,400,2.358976
2002-09-17,12.139996,12.200013,11.910008,12.200013,140800,2.396294
2002-09-16,11.99,12.10,11.99,12.10,7600,2.37665
2002-09-13,11.819984,11.849993,11.74998,11.74998,1200,2.3079
2002-09-12,11.74998,11.74998,11.74998,11.74998,000,2.3079
2002-09-11,11.74998,11.74998,11.74998,11.74998,2000,2.3079
2002-09-10,11.720016,11.720016,11.720016,11.720016,3200,2.302014
2002-09-09,11.699996,11.699996,11.699996,11.699996,000,2.298082
2002-09-06,11.760012,11.999988,11.699996,11.699996,13200,2.298082
2002-09-05,11.999988,12.189981,11.999988,12.189981,9600,2.394323
2002-09-04,11.800008,11.800008,11.800008,11.800008,400,2.317726
2002-09-03,11.90002,11.90002,11.800008,11.800008,3200,2.317726
2002-08-30,12.179992,12.189981,11.699996,11.90002,36000,2.33737
2002-08-29,12.149984,12.200013,11.999988,12.200013,10400,2.396294
2002-08-28,12.240009,12.240009,12.240009,12.240009,2000,2.40415
2002-08-27,12.490016,12.490016,12.240009,12.240009,1600,2.40415
2002-08-26,12.29998,12.479984,12.109988,12.109988,16000,2.378611
2002-08-23,12.509992,12.699984,12.399993,12.399993,37600,2.435573
2002-08-22,12.509992,12.699984,12.509992,12.689996,188000,2.492535
2002-08-21,12.689996,12.689996,12.600017,12.600017,22000,2.474861
2002-08-20,12.940005,12.949993,12.509992,12.699984,11600,2.494497
2002-08-19,11.809996,12.989988,11.809996,12.989988,28800,2.551459
2002-08-16,12.390005,12.600017,11.800008,11.800008,30000,2.317726
2002-08-15,23.589985,24.249985,23.589985,24.249985,6800,2.381558
2002-08-14,23.699985,23.699985,23.69004,23.69004,1600,2.326567
2002-08-13,23.279962,23.600016,23.149985,23.300025,51600,2.288264
2002-08-12,23.589985,23.600016,23.350008,23.350008,36000,2.293173
2002-08-09,23.490017,23.490017,23.360041,23.360041,3200,2.294158
2002-08-08,23.54,23.54,23.059961,23.49996,23600,2.3079
2002-08-07,23.089967,23.749968,23.000033,23.749968,14800,2.332452
2002-08-06,21.710041,23.000033,21.710041,23.000033,28800,2.258802
2002-08-05,21.600041,22.200025,21.600041,22.00,22000,2.16059
2002-08-02,23.650001,23.650001,20.250033,21.939985,322800,2.154696
2002-08-01,24.04996,24.04996,23.749968,23.779977,30800,2.3354
2002-07-31,25.500026,25.500026,24.359984,24.359984,12000,2.392361
2002-07-30,26.950001,26.950001,24.700016,25.000008,34000,2.455217
2002-07-29,25.69996,26.99004,25.000008,25.300001,76400,2.484679
2002-07-26,25.239985,25.489993,25.239985,25.489993,4400,2.503338
2002-07-25,24.709961,25.500026,24.709961,25.500026,4400,2.504323
2002-07-24,24.900041,25.67004,24.499993,24.750001,15600,2.430664
2002-07-23,25.000008,25.099976,25.000008,25.099976,3200,2.465035
2002-07-22,25.750033,25.750033,25.750033,25.750033,000,2.528876
2002-07-19,25.000008,26.960034,24.650033,25.750033,40400,2.528876
2002-07-18,25.000008,25.000008,25.000008,25.000008,000,2.455217
2002-07-17,25.000008,25.000008,25.000008,25.000008,4400,2.455217
2002-07-16,25.000008,25.049993,24.810016,25.03996,97600,2.459141
2002-07-15,24.989977,25.000008,24.989977,25.000008,14000,2.455217
2002-07-12,26.110041,26.110041,24.700016,24.700016,95600,2.425755
2002-07-11,26.999985,27.299976,26.110041,26.999985,44000,2.651632
2002-07-10,26.889985,27.310009,26.889985,27.109984,26400,2.662435
2002-07-09,27.689993,27.689993,27.39,27.39,6800,2.689935
2002-07-08,27.750008,28.250026,27.450016,27.450016,88800,2.695829
2002-07-05,26.999985,27.549985,26.999985,27.549985,69200,2.705647
2002-07-03,26.000041,26.999985,26.000041,26.749976,39600,2.627079
2002-07-02,26.020017,26.020017,26.000041,26.000041,6800,2.553429
2002-07-01,27.689993,27.689993,25.899985,26.009984,11200,2.554406
2002-06-28,26.479992,27.689993,25.750033,27.689993,243600,2.719397
2002-06-27,26.279969,26.279969,26.000041,26.259993,7600,2.578959
2002-06-26,26.279969,26.279969,26.279969,26.279969,800,2.58092
2002-06-25,26.950001,26.950001,26.279969,26.279969,10400,2.58092
2002-06-24,27.689993,27.689993,26.369992,26.380025,22000,2.590747
2002-06-21,26.999985,27.679962,26.999985,27.679962,6000,2.718412
2002-06-20,26.999985,26.999985,26.999985,26.999985,000,2.651632
2002-06-19,27.189977,27.189977,26.999985,26.999985,3200,2.651632
2002-06-18,26.300033,27.299976,26.300033,26.309976,15600,2.583867
2002-06-17,26.410034,27.700026,26.400001,26.410034,73600,2.593694
2002-06-14,26.710024,26.710024,26.410034,26.410034,27200,2.593694
2002-06-13,26.809993,26.809993,26.77004,26.77004,30800,2.62905
2002-06-12,26.999985,27.929969,26.999985,27.929969,31600,2.742965
2002-06-11,27.040025,27.23996,26.259993,26.999985,31600,2.651632
2002-06-10,27.28,27.28,26.240018,26.240018,11200,2.576997
2002-06-07,26.240018,27.299976,26.240018,27.299976,20000,2.681094
2002-06-06,24.499993,28.000016,24.499993,27.260024,206800,2.67717
2002-06-05,24.450008,24.48996,24.249985,24.48996,24400,2.405126
2002-06-04,24.379962,24.450008,24.059993,24.249985,58000,2.381558
2002-06-03,23.749968,24.249985,23.749968,24.249985,15600,2.381558
2002-05-31,22.979969,23.699985,22.979969,23.699985,42800,2.327544
2002-05-30,22.899976,22.899976,22.899976,22.899976,26400,2.248976
2002-05-29,22.849993,22.860024,22.849993,22.860024,22800,2.245052
2002-05-28,22.849993,22.849993,22.800008,22.849993,10400,2.244067
2002-05-24,23.199968,23.199968,22.800008,22.800008,11200,2.239158
2002-05-23,22.750025,23.050016,22.599985,23.050016,8800,2.263711
2002-05-22,22.599985,22.599985,22.599985,22.599985,6800,2.219514
2002-05-21,22.500016,22.800008,22.500016,22.800008,38400,2.239158
2002-05-20,22.250008,22.250008,22.250008,22.250008,6800,2.185143
2002-05-17,22.739992,22.750025,22.739992,22.750025,11200,2.234249
2002-05-16,22.099968,22.700041,21.749993,22.700041,135200,2.229341
2002-05-15,22.090025,22.099968,22.00,22.099968,30800,2.170408
2002-05-14,22.049985,22.049985,22.00,22.010034,57200,2.161576
2002-05-13,22.099968,22.099968,22.00,22.00,26400,2.16059
2002-05-10,22.049985,22.049985,21.749993,21.749993,10400,2.136038
2002-05-09,21.900033,22.099968,21.799975,22.049985,95600,2.165499
2002-05-08,22.39996,22.39996,21.84996,21.84996,311200,2.145855
2002-05-07,22.00,22.00,21.799975,21.799975,90400,2.140946
2002-05-06,22.00,22.00,21.950016,21.950016,72800,2.155682
2002-05-03,22.099968,22.099968,21.959961,21.959961,20000,2.156658
2002-05-02,21.859993,21.859993,21.859993,21.859993,29600,2.146841
2002-05-01,21.84996,21.84996,21.84996,21.84996,34000,2.145855
2002-04-30,22.049985,22.150041,22.049985,22.150041,28800,2.175326
2002-04-29,21.799975,21.799975,21.799975,21.799975,47200,2.140946
2002-04-26,22.00,22.00,22.00,22.00,000,2.16059
2002-04-25,21.84996,22.00,21.810009,22.00,207600,2.16059
2002-04-24,21.749993,21.749993,21.749993,21.749993,000,2.136038
2002-04-23,21.950016,22.060016,21.749993,21.749993,137200,2.136038
2002-04-22,21.900033,21.900033,21.900033,21.900033,73600,2.150773
2002-04-19,21.900033,21.900033,21.700008,21.84996,133600,2.145855
2002-04-18,21.249975,22.280017,21.249975,22.280017,10400,2.188091
2002-04-17,20.500041,22.049985,20.000025,21.100025,92400,2.072205
2002-04-16,22.599985,22.599985,20.999968,22.48004,42800,2.207735
2002-04-15,21.059984,23.250041,20.000025,23.000033,73600,2.258802
2002-04-12,19.25,19.69,19.25,19.69,19200,1.933728
2002-04-11,19.500008,19.500008,19.150033,19.25,22000,1.890517
2002-04-10,19.500008,19.500008,19.500008,19.500008,5200,1.91507
2002-04-09,19.25,19.599975,19.25,19.400041,426800,1.905252
2002-04-08,19.299985,19.299985,19.25,19.299985,6800,1.895426
2002-04-05,19.299985,19.299985,19.299985,19.299985,800,1.895426
2002-04-04,19.25,19.25,19.25,19.25,000,1.890517
2002-04-03,19.150033,19.25,19.09996,19.25,2400,1.890517
2002-04-02,18.999993,18.999993,18.999993,18.999993,000,1.865964
2002-04-01,18.999993,18.999993,18.999993,18.999993,000,1.865964
2002-03-28,18.850041,18.999993,18.799968,18.999993,3200,1.865964
2002-03-27,19.599975,19.599975,18.54996,18.999993,28000,1.865964
2002-03-26,19.09996,19.09996,19.09996,19.09996,80800,1.875781
2002-03-25,18.999993,18.999993,18.999993,18.999993,000,1.865964
2002-03-22,18.749985,19.750016,18.749985,18.999993,54400,1.865964
2002-03-21,18.020024,18.020024,18.020024,18.020024,000,1.769722
2002-03-20,18.020024,18.020024,18.020024,18.020024,1600,1.769722
2002-03-19,18.300041,18.300041,18.300041,18.300041,000,1.797222
2002-03-18,18.300041,18.300041,18.300041,18.300041,000,1.797222
2002-03-15,18.249968,18.300041,18.249968,18.300041,2400,1.797222
2002-03-14,18.199985,18.199985,18.199985,18.199985,800,1.787396
2002-03-13,17.500032,17.500032,17.500032,17.500032,000,1.718655
2002-03-12,17.500032,17.500032,17.500032,17.500032,800,1.718655
2002-03-11,18.249968,18.249968,18.19004,18.19004,3200,1.786419
2002-03-08,18.100016,18.119992,18.100016,18.119992,1600,1.77954
2002-03-07,17.699968,17.99996,17.679992,17.99996,22800,1.767752
2002-03-06,17.800025,17.850008,17.710001,17.850008,17600,1.753025
2002-03-05,17.60,17.60,17.44996,17.44996,14000,1.713737
2002-03-04,17.619976,17.619976,17.619976,17.619976,800,1.730434
2002-03-01,17.239992,17.239992,17.239992,17.239992,000,1.693116
2002-02-28,17.250024,17.250024,17.239992,17.239992,7600,1.693116
2002-02-27,17.099984,17.099984,17.099984,17.099984,14800,1.679366
2002-02-26,17.09004,17.099984,17.000017,17.000017,22000,1.669549
2002-02-25,17.149969,17.200041,17.05,17.05,50800,1.674458
2002-02-22,17.149969,17.149969,17.149969,17.149969,23600,1.684275
2002-02-21,17.399976,17.399976,17.149969,17.149969,1600,1.684275
2002-02-20,17.399976,17.399976,17.250024,17.250024,22800,1.694102
2002-02-19,17.300008,17.300008,17.250024,17.250024,8800,1.694102
2002-02-15,17.750041,17.990017,17.300008,17.300008,251600,1.699011
2002-02-14,17.990017,17.990017,17.990017,17.990017,000,1.766775
2002-02-13,17.990017,17.990017,17.990017,17.990017,000,1.766775
2002-02-12,17.990017,17.990017,17.990017,17.990017,800,1.766775
2002-02-11,17.550017,17.649985,17.550017,17.649985,6800,1.733381
2002-02-08,17.500032,17.60,17.500032,17.550017,16400,1.723564
2002-02-07,17.399976,17.850008,17.399976,17.850008,275200,1.753025
2002-02-06,17.399976,17.399976,17.399976,17.399976,000,1.708828
2002-02-05,17.500032,17.500032,17.399976,17.399976,105600,1.708828
2002-02-04,17.500032,17.500032,17.500032,17.500032,69200,1.718655
2002-02-01,17.500032,17.750041,17.500032,17.750041,163600,1.743208
2002-01-31,17.839977,17.850008,17.750041,17.750041,17600,1.743208
2002-01-30,17.49,17.850008,17.399976,17.500032,51600,1.718655
2002-01-29,16.989985,17.49,16.989985,17.000017,59600,1.669549
2002-01-28,16.980041,16.980041,16.980041,16.980041,800,1.667587
2002-01-25,16.750008,16.750008,16.750008,16.750008,000,1.644996
2002-01-24,16.50,16.849976,16.400032,16.750008,379200,1.644996
2002-01-23,16.280001,16.280001,16.280001,16.280001,000,1.598837
2002-01-22,16.739976,16.739976,16.200008,16.280001,174800,1.598837
2002-01-18,16.219984,16.219984,16.200008,16.200008,12000,1.590981
2002-01-17,16.200008,16.200008,16.200008,16.200008,4400,1.590981
2002-01-16,16.200008,16.750008,16.150024,16.599969,82400,1.630261
2002-01-15,16.049969,16.599969,16.049969,16.50,51600,1.620443
2002-01-14,15.40,15.40,15.40,15.40,000,1.512413
2002-01-11,15.40,15.40,15.40,15.40,2400,1.512413
2002-01-10,15.66004,15.66004,15.66004,15.66004,000,1.537951
2002-01-09,15.66004,15.66004,15.66004,15.66004,12000,1.537951
2002-01-08,15.600024,15.600024,15.350017,15.350017,28800,1.507505
2002-01-07,15.790016,15.790016,15.359961,15.62,14000,1.534019
2002-01-04,15.350017,15.350017,15.350017,15.350017,800,1.507505
2002-01-03,15.740033,15.740033,15.740033,15.740033,000,1.545807
2002-01-02,15.740033,15.740033,15.740033,15.740033,000,1.545807
2001-12-31,15.430008,15.730001,15.430008,15.730001,6800,1.544822
2001-12-28,15.669984,15.669984,15.669984,15.669984,800,1.538928
2001-12-27,15.24996,15.40,15.24996,15.350017,42000,1.507505
2001-12-26,15.24996,15.24996,14.949969,15.050024,50800,1.478043
2001-12-24,15.550041,15.550041,15.550041,15.550041,800,1.527149
2001-12-21,15.149993,15.149993,15.149993,15.149993,000,1.48786
2001-12-20,15.149993,15.149993,15.149993,15.149993,000,1.48786
2001-12-19,15.149993,15.149993,15.149993,15.149993,000,1.48786
2001-12-18,15.149993,15.149993,15.149993,15.149993,000,1.48786
2001-12-17,15.149993,15.149993,15.119984,15.149993,80000,1.48786
2001-12-14,15.40,15.40,15.40,15.40,000,1.512413
2001-12-13,15.40,15.40,15.40,15.40,800,1.512413
2001-12-12,15.40,15.40,15.40,15.40,000,1.512413
2001-12-11,15.40,15.40,15.40,15.40,4400,1.512413
2001-12-10,15.490024,15.499969,15.40,15.40,29600,1.512413
2001-12-07,15.499969,15.499969,15.499969,15.499969,000,1.522231
2001-12-06,15.499969,15.499969,15.499969,15.499969,1600,1.522231
2001-12-05,15.40,15.490024,15.389968,15.490024,36800,1.521254
2001-12-04,15.499969,15.499969,15.300032,15.300032,20800,1.502596
2001-12-03,15.40,15.40,15.40,15.40,000,1.512413
2001-11-30,15.270024,15.40,15.270024,15.40,19200,1.512413
2001-11-29,15.300032,15.330041,15.199976,15.330041,90400,1.505543
2001-11-28,15.100008,15.100008,15.100008,15.100008,2400,1.482951
2001-11-27,15.309977,15.309977,15.309977,15.309977,800,1.503572
2001-11-26,15.059968,15.29,15.059968,15.29,1600,1.50161
2001-11-23,15.149993,15.199976,15.149993,15.199976,35200,1.492769
2001-11-21,15.199976,15.24996,15.199976,15.24996,35200,1.497678
2001-11-20,15.300032,15.389968,15.300032,15.389968,20000,1.511428
2001-11-19,15.020016,15.020016,14.979977,15.000041,19200,1.473134
2001-11-16,15.100008,15.100008,15.100008,15.100008,000,1.482951
2001-11-15,14.649976,15.24996,14.649976,15.100008,99200,1.482951
2001-11-14,14.750032,14.750032,14.750032,14.750032,000,1.448581
2001-11-13,14.750032,14.750032,14.750032,14.750032,000,1.448581
2001-11-12,14.599993,14.750032,14.599993,14.750032,79200,1.448581
2001-11-09,14.599993,14.599993,14.599993,14.599993,000,1.433846
2001-11-08,14.599993,14.599993,14.599993,14.599993,000,1.433846
2001-11-07,14.599993,14.599993,14.599993,14.599993,000,1.433846
2001-11-06,14.599993,14.599993,14.599993,14.599993,2400,1.433846
2001-11-05,14.720024,14.720024,14.720024,14.720024,000,1.445634
2001-11-02,14.720024,14.720024,14.720024,14.720024,000,1.445634
2001-11-01,14.599993,14.720024,14.599993,14.720024,25200,1.445634
2001-10-31,14.69996,14.880008,14.69996,14.880008,60400,1.461346
2001-10-30,14.599993,15.100008,14.599993,15.100008,6800,1.482951
2001-10-29,14.800017,14.800017,14.800017,14.800017,000,1.45349
2001-10-26,14.800017,14.800017,14.800017,14.800017,000,1.45349
2001-10-25,14.750032,14.800017,14.550008,14.800017,62400,1.45349
2001-10-24,15.050024,15.050024,15.050024,15.050024,8800,1.478043
2001-10-23,14.550008,14.550008,14.550008,14.550008,000,1.428937
2001-10-22,14.550008,14.550008,14.550008,14.550008,000,1.428937
2001-10-19,14.550008,14.550008,14.550008,14.550008,4400,1.428937
2001-10-18,14.85,14.85,14.85,14.85,8800,1.458399
2001-10-17,15.000041,15.000041,15.000041,15.000041,800,1.473134
2001-10-16,14.750032,14.750032,14.69996,14.69996,44000,1.443663
2001-10-15,14.550008,14.550008,14.450041,14.550008,30800,1.428937
2001-10-12,14.410001,15.000041,14.410001,14.599993,47200,1.433846
2001-10-11,14.509968,14.509968,14.399969,14.399969,22000,1.414202
2001-10-10,14.500024,14.500024,14.500024,14.500024,000,1.424028
2001-10-09,14.500024,14.509968,14.500024,14.500024,13200,1.424028
2001-10-08,15.499969,15.499969,15.499969,15.499969,000,1.522231
2001-10-05,15.499969,15.499969,15.499969,15.499969,000,1.522231
2001-10-04,15.499969,15.499969,15.499969,15.499969,000,1.522231
2001-10-03,15.499969,15.499969,15.499969,15.499969,000,1.522231
2001-10-02,15.499969,15.499969,15.499969,15.499969,000,1.522231
2001-10-01,15.499969,15.499969,15.499969,15.499969,000,1.522231
2001-09-28,15.499969,15.499969,15.499969,15.499969,000,1.522231
2001-09-27,15.499969,15.499969,15.499969,15.499969,000,1.522231
2001-09-26,15.389968,15.499969,15.389968,15.499969,14000,1.522231
2001-09-25,14.399969,14.599993,14.399969,14.599993,6000,1.433846
2001-09-24,14.349984,14.589961,13.849969,14.019984,89600,1.376884
2001-09-21,15.149993,15.149993,14.099976,14.200032,106400,1.394566
2001-09-20,15.559984,15.559984,15.160025,15.160025,20000,1.488846
2001-09-19,16.650041,16.650041,15.650008,15.650008,38400,1.536966
2001-09-18,16.750008,16.750008,16.700024,16.700024,14800,1.640087
2001-09-17,17.099984,17.099984,16.89996,16.89996,8800,1.659722
2001-09-10,17.300008,17.300008,17.200041,17.200041,5200,1.689193
2001-09-07,17.300008,17.300008,17.300008,17.300008,13200,1.699011
2001-09-06,17.399976,17.550017,17.349993,17.550017,189200,1.723564
2001-09-05,17.399976,17.399976,17.349993,17.349993,82400,1.703919
2001-09-04,17.300008,17.300008,17.300008,17.300008,000,1.699011
2001-08-31,17.300008,17.300008,17.300008,17.300008,000,1.699011
2001-08-30,17.399976,17.399976,17.300008,17.300008,25200,1.699011
2001-08-29,17.500032,17.60,17.500032,17.60,75600,1.728472
2001-08-28,17.750041,17.750041,17.750041,17.750041,000,1.743208
2001-08-27,17.750041,17.750041,17.750041,17.750041,000,1.743208
2001-08-24,17.500032,17.750041,17.399976,17.750041,44800,1.743208
2001-08-23,17.559961,17.559961,17.559961,17.559961,000,1.72454
2001-08-22,17.500032,17.559961,17.500032,17.559961,66000,1.72454
2001-08-21,17.500032,17.500032,17.500032,17.500032,000,1.718655
2001-08-20,17.500032,17.500032,17.500032,17.500032,000,1.718655
2001-08-17,17.500032,17.500032,17.500032,17.500032,20800,1.718655
2001-08-16,17.500032,17.500032,17.500032,17.500032,800,1.718655
2001-08-15,17.500032,17.500032,17.500032,17.500032,000,1.718655
2001-08-14,17.500032,17.500032,17.500032,17.500032,11200,1.718655
2001-08-13,17.500032,17.500032,17.500032,17.500032,000,1.718655
2001-08-10,17.500032,17.500032,17.500032,17.500032,3200,1.718655
2001-08-09,17.750041,17.750041,17.500032,17.500032,9600,1.718655
2001-08-08,17.300008,17.300008,17.300008,17.300008,000,1.699011
2001-08-07,17.300008,17.300008,17.300008,17.300008,17600,1.699011
2001-08-06,17.200041,17.200041,17.200041,17.200041,000,1.689193
2001-08-03,17.200041,17.200041,17.200041,17.200041,000,1.689193
2001-08-02,17.44996,17.44996,17.200041,17.200041,7600,1.689193
2001-08-01,17.399976,17.559961,17.399976,17.559961,59600,1.72454
2001-07-31,17.500032,17.500032,17.500032,17.500032,000,1.718655
2001-07-30,17.500032,17.500032,17.500032,17.500032,800,1.718655
2001-07-27,17.250024,17.250024,17.250024,17.250024,800,1.694102
2001-07-26,17.300008,17.750041,17.250024,17.250024,15600,1.694102
2001-07-25,17.750041,17.750041,17.750041,17.750041,000,1.743208
2001-07-24,17.750041,17.750041,17.750041,17.750041,000,1.743208
2001-07-23,17.800025,17.800025,17.750041,17.750041,44800,1.743208
2001-07-20,17.750041,17.750041,17.750041,17.750041,000,1.743208
2001-07-19,17.750041,17.750041,17.750041,17.750041,000,1.743208
2001-07-18,17.99996,17.99996,17.750041,17.750041,18400,1.743208
2001-07-17,17.000017,17.99996,16.50,17.99996,78000,1.767752
2001-07-16,16.489968,16.890016,15.999984,16.50,16400,1.620443
2001-07-13,16.249993,16.249993,15.79996,15.850032,234000,1.55661
2001-07-12,16.200008,16.200008,15.999984,15.999984,10400,1.571337
2001-07-11,16.50,16.50,16.50,16.50,800,1.620443
2001-07-10,16.299976,16.299976,16.299976,16.299976,000,1.600799
2001-07-09,16.299976,16.299976,16.299976,16.299976,000,1.600799
2001-07-06,16.400032,16.400032,16.299976,16.299976,40400,1.600799
2001-07-05,16.799993,16.799993,16.799993,16.799993,000,1.649905
2001-07-03,16.799993,16.799993,16.799993,16.799993,800,1.649905
2001-07-02,16.400032,16.400032,16.400032,16.400032,1600,1.610625
2001-06-29,16.400032,16.400032,16.400032,16.400032,1600,1.610625
2001-06-28,16.400032,16.400032,16.400032,16.400032,000,1.610625
2001-06-27,16.400032,16.400032,16.400032,16.400032,61600,1.610625
2001-06-26,16.310008,16.310008,16.310008,16.310008,000,1.601784
2001-06-25,16.310008,16.310008,16.310008,16.310008,000,1.601784
2001-06-22,16.310008,16.310008,16.310008,16.310008,000,1.601784
2001-06-21,16.610001,16.650041,16.310008,16.310008,160000,1.601784
2001-06-20,16.610001,16.610001,16.610001,16.610001,1600,1.631246
2001-06-19,16.750008,16.750008,16.50,16.610001,36000,1.631246
2001-06-18,16.50,16.549984,16.50,16.549984,35200,1.625352
2001-06-15,16.750008,16.750008,16.549984,16.549984,22000,1.625352
2001-06-14,16.750008,16.799993,16.750008,16.799993,4400,1.649905
2001-06-13,16.94,16.94,16.929968,16.929968,17600,1.662669
2001-06-12,16.950032,16.950032,16.450017,16.599969,70400,1.630261
2001-06-11,16.549984,16.959977,16.549984,16.950032,36800,1.66464
2001-06-08,16.599969,16.599969,16.599969,16.599969,000,1.630261
2001-06-07,16.50,16.599969,16.50,16.599969,161600,1.630261
2001-06-06,16.249993,16.450017,16.249993,16.450017,177600,1.615534
2001-06-05,16.450017,16.450017,16.100041,16.299976,123200,1.600799
2001-06-04,16.50,16.50,16.200008,16.200008,5200,1.590981
2001-06-01,16.200008,16.450017,16.200008,16.450017,13200,1.615534
2001-05-31,16.100041,16.100041,16.100041,16.100041,1600,1.581163
2001-05-30,15.919993,15.919993,15.900017,15.900017,14000,1.561519
2001-05-29,15.859977,15.999984,15.859977,15.859977,17600,1.557587
2001-05-25,15.760008,15.760008,15.760008,15.760008,000,1.547769
2001-05-24,16.200008,16.200008,15.760008,15.760008,53600,1.547769
2001-05-23,15.499969,16.249993,15.499969,16.200008,158400,1.590981
2001-05-22,15.499969,15.499969,15.499969,15.499969,5200,1.522231
2001-05-21,15.850032,15.850032,15.499969,15.499969,15600,1.522231
2001-05-18,15.499969,15.749976,15.499969,15.499969,80800,1.522231
2001-05-17,15.300032,15.300032,15.300032,15.300032,000,1.502596
2001-05-16,15.300032,15.300032,14.949969,15.300032,212800,1.502596
2001-05-15,15.24996,15.24996,15.24996,15.24996,66800,1.497678
2001-05-14,15.300032,15.499969,15.24996,15.24996,51600,1.497678
2001-05-11,15.100008,15.350017,15.100008,15.24996,305200,1.497678
2001-05-10,14.949969,15.199976,14.949969,15.199976,17600,1.492769
2001-05-09,14.949969,14.949969,14.949969,14.949969,000,1.468216
2001-05-08,14.949969,14.949969,14.949969,14.949969,000,1.468216
2001-05-07,14.750032,14.949969,14.250017,14.949969,44800,1.468216
2001-05-04,14.500024,14.500024,14.379992,14.379992,35200,1.41224
2001-05-03,14.649976,14.649976,14.599993,14.599993,4400,1.433846
2001-05-02,15.199976,15.199976,15.199976,15.199976,000,1.492769
2001-05-01,14.69996,15.199976,14.69996,15.199976,22800,1.492769
2001-04-30,14.69996,14.69996,14.69996,14.69996,6000,1.443663
2001-04-27,14.599993,14.599993,14.599993,14.599993,000,1.433846
2001-04-26,14.599993,14.599993,14.599993,14.599993,6000,1.433846
2001-04-25,15.000041,15.600024,13.870033,14.099976,80000,1.38474
2001-04-24,15.499969,15.600024,15.499969,15.600024,1600,1.532057
2001-04-23,15.020016,15.020016,15.020016,15.020016,800,1.475096
2001-04-20,14.099976,15.999984,14.099976,15.009984,54400,1.47411
2001-04-19,14.099976,14.099976,14.099976,14.099976,000,1.38474
2001-04-18,14.14996,14.14996,14.099976,14.099976,4400,1.38474
2001-04-17,14.250017,14.250017,14.250017,14.250017,000,1.399475
2001-04-16,14.250017,14.250017,14.250017,14.250017,000,1.399475
2001-04-12,14.250017,14.250017,14.250017,14.250017,3200,1.399475
2001-04-11,13.499993,13.499993,13.499993,13.499993,800,1.325816
2001-04-10,13.75,13.75,13.75,13.75,000,1.350369
2001-04-09,13.75,13.75,13.75,13.75,000,1.350369
2001-04-06,13.75,13.75,13.75,13.75,000,1.350369
2001-04-05,13.75,13.75,13.75,13.75,6800,1.350369
2001-04-04,14.000008,14.000008,13.87496,14.000008,86800,1.374922
2001-04-03,14.250017,14.250017,14.124969,14.124969,138000,1.387194
2001-04-02,14.062488,14.062488,14.062488,14.062488,000,1.381058
2001-03-30,14.250017,14.250017,14.062488,14.062488,4400,1.381058
2001-03-29,14.187537,14.187537,14.187537,14.187537,000,1.393339
2001-03-28,14.187537,14.187537,14.187537,14.187537,000,1.393339
2001-03-27,14.312496,14.312496,14.062488,14.187537,111600,1.393339
2001-03-26,14.062488,14.062488,14.062488,14.062488,9600,1.381058
2001-03-23,14.062488,14.062488,14.062488,14.062488,000,1.381058
2001-03-22,14.062488,14.062488,14.062488,14.062488,8800,1.381058
2001-03-21,14.062488,14.062488,14.062488,14.062488,54400,1.381058
2001-03-20,14.000008,14.124969,14.000008,14.062488,86800,1.381058
2001-03-19,14.500024,14.500024,14.250017,14.250017,14000,1.399475
2001-03-16,14.500024,14.500024,14.500024,14.500024,000,1.424028
2001-03-15,14.500024,14.500024,14.500024,14.500024,000,1.424028
2001-03-14,14.500024,14.500024,14.500024,14.500024,13200,1.424028
2001-03-13,15.000041,15.000041,14.750032,14.750032,19200,1.448581
2001-03-12,15.24996,15.24996,15.000041,15.24996,4400,1.497678
2001-03-09,15.499969,15.499969,15.375008,15.375008,6000,1.509959
2001-03-08,15.499969,15.499969,15.499969,15.499969,000,1.522231
2001-03-07,15.499969,15.499969,15.499969,15.499969,000,1.522231
2001-03-06,15.499969,15.499969,15.499969,15.499969,000,1.522231
2001-03-05,15.499969,15.499969,15.499969,15.499969,000,1.522231
2001-03-02,15.499969,15.499969,15.499969,15.499969,18400,1.522231
2001-03-01,15.875024,15.875024,15.625017,15.625017,70400,1.534512
2001-02-28,15.875024,15.875024,15.499969,15.499969,852400,1.522231
2001-02-27,15.749976,15.875024,15.499969,15.499969,59600,1.522231
2001-02-26,16.249993,16.249993,15.875024,15.875024,33200,1.559065
2001-02-23,15.999984,15.999984,15.749976,15.749976,38400,1.546784
2001-02-22,16.125032,16.125032,16.062464,16.125032,18400,1.583618
2001-02-21,16.375041,16.375041,15.999984,15.999984,18400,1.571337
2001-02-20,16.50,16.50,16.50,16.50,800,1.620443
2001-02-16,15.875024,17.000017,15.875024,16.43752,50800,1.614307
2001-02-15,16.062464,16.062464,15.875024,15.875024,20000,1.559065
2001-02-14,15.999984,15.999984,15.999984,15.999984,26400,1.571337
2001-02-13,16.125032,16.375041,15.875024,16.249993,118800,1.59589
2001-02-12,15.875024,15.875024,15.875024,15.875024,6800,1.559065
2001-02-09,15.937504,16.125032,15.875024,15.875024,141600,1.559065
2001-02-08,15.875024,15.875024,15.875024,15.875024,2400,1.559065
2001-02-07,15.499969,15.499969,15.499969,15.499969,25200,1.522231
2001-02-06,15.499969,15.499969,15.499969,15.499969,7600,1.522231
2001-02-05,15.24996,15.24996,15.24996,15.24996,000,1.497678
2001-02-02,15.24996,15.24996,15.24996,15.24996,000,1.497678
2001-02-01,15.24996,15.24996,15.24996,15.24996,16400,1.497678
2001-01-31,15.875024,15.875024,15.875024,15.875024,000,1.559065
2001-01-30,15.875024,15.875024,15.875024,15.875024,800,1.559065
2001-01-29,15.875024,15.875024,15.875024,15.875024,5200,1.559065
2001-01-26,15.125,15.125,15.125,15.125,000,1.485406
2001-01-25,15.125,15.24996,15.000041,15.125,116000,1.485406
2001-01-24,15.812544,15.812544,14.874993,15.125,38400,1.485406
2001-01-23,14.750032,16.56248,14.750032,14.874993,146800,1.460853
2001-01-22,15.875024,15.875024,14.750032,14.750032,37600,1.448581
2001-01-19,14.624984,15.875024,14.624984,15.875024,164400,1.559065
2001-01-18,15.24996,15.812544,14.374976,14.374976,42800,1.411747
2001-01-17,14.374976,15.812544,14.000008,15.812544,24400,1.552929
2001-01-16,14.624984,15.499969,14.187537,15.499969,227600,1.522231
2001-01-12,13.75,14.124969,13.75,14.124969,193600,1.387194
2001-01-11,12.999976,13.499993,12.999976,12.999976,20000,1.27671
2001-01-10,12.625008,12.625008,12.625008,12.625008,000,1.239885
2001-01-09,12.999976,12.999976,12.625008,12.625008,6800,1.239885
2001-01-08,12.375,12.375,12.375,12.375,000,1.215332
2001-01-05,12.749969,12.749969,12.375,12.375,51600,1.215332
2001-01-04,13.499993,13.625041,13.499993,13.625041,14000,1.338097
2001-01-03,13.499993,13.499993,13.499993,13.499993,3200,1.325816
2001-01-02,12.43748,12.49996,12.43748,12.49996,15600,1.227604
2000-12-29,12.375,12.375,12.375,12.375,1600,1.215332
2000-12-28,12.375,12.375,12.375,12.375,3200,1.215332
2000-12-27,12.749969,13.499993,12.375,12.375,59600,1.215332
2000-12-26,12.999976,12.999976,12.250041,12.250041,14000,1.20306
2000-12-22,12.250041,12.250041,12.250041,12.250041,000,1.20306
2000-12-21,12.250041,12.250041,12.250041,12.250041,000,1.20306
2000-12-20,12.250041,12.250041,12.250041,12.250041,000,1.20306
2000-12-19,12.625008,12.625008,12.250041,12.250041,25200,1.20306
2000-12-18,13.249984,13.249984,13.249984,13.249984,000,1.301263
2000-12-15,13.249984,13.249984,13.249984,13.249984,000,1.301263
2000-12-14,12.749969,13.249984,12.749969,13.249984,1600,1.301263
2000-12-13,12.49996,12.49996,12.49996,12.49996,000,1.227604
2000-12-12,12.49996,12.49996,12.49996,12.49996,8800,1.227604
2000-12-11,13.249984,13.249984,13.249984,13.249984,000,1.301263
2000-12-08,13.249984,13.249984,13.249984,13.249984,000,1.301263
2000-12-07,12.749969,13.375032,12.749969,13.249984,167200,1.301263
2000-12-06,12.749969,12.749969,12.749969,12.749969,10400,1.252157
2000-12-05,12.749969,12.749969,12.749969,12.749969,14800,1.252157
2000-12-04,13.499993,13.499993,13.499993,13.499993,000,1.325816
2000-12-01,13.499993,13.499993,13.499993,13.499993,000,1.325816
2000-11-30,13.499993,13.499993,13.499993,13.499993,2400,1.325816
2000-11-29,13.375032,13.375032,13.249984,13.249984,6000,1.301263
2000-11-28,14.000008,14.000008,13.375032,13.375032,212800,1.313544
2000-11-27,13.499993,13.499993,13.499993,13.499993,12000,1.325816
2000-11-24,12.999976,13.249984,12.999976,13.249984,82400,1.301263
2000-11-22,12.999976,12.999976,12.999976,12.999976,88000,1.27671
2000-11-21,12.999976,12.999976,12.999976,12.999976,19200,1.27671
2000-11-20,12.999976,12.999976,12.999976,12.999976,000,1.27671
2000-11-17,12.999976,12.999976,12.999976,12.999976,27200,1.27671
2000-11-16,13.75,13.75,13.499993,13.499993,134400,1.325816
2000-11-15,13.499993,13.499993,13.499993,13.499993,800,1.325816
2000-11-14,14.000008,14.000008,12.999976,12.999976,98400,1.27671
2000-11-13,14.000008,14.000008,14.000008,14.000008,13200,1.374922
2000-11-10,14.000008,14.000008,14.000008,14.000008,000,1.374922
2000-11-09,14.000008,14.000008,14.000008,14.000008,000,1.374922
2000-11-08,14.000008,14.000008,14.000008,14.000008,6800,1.374922
2000-11-07,13.062544,14.000008,13.062544,14.000008,14800,1.374922
2000-11-06,12.250041,12.250041,12.250041,12.250041,17600,1.20306
2000-11-03,13.062544,13.062544,13.062544,13.062544,000,1.282855
2000-11-02,13.062544,13.062544,13.062544,13.062544,000,1.282855
2000-11-01,12.999976,13.062544,12.999976,13.062544,202400,1.282855
2000-10-31,12.124993,12.749969,12.124993,12.749969,16400,1.252157
2000-10-30,12.124993,12.124993,12.124993,12.124993,1600,1.190779
2000-10-27,12.999976,12.999976,12.999976,12.999976,000,1.27671
2000-10-26,12.49996,12.999976,12.49996,12.999976,14800,1.27671
2000-10-25,12.124993,12.124993,12.124993,12.124993,000,1.190779
2000-10-24,12.999976,12.999976,12.124993,12.124993,11200,1.190779
2000-10-23,12.999976,12.999976,12.875017,12.999976,60400,1.27671
2000-10-20,10.499984,12.999976,10.499984,12.999976,6800,1.27671
2000-10-19,9.875008,9.875008,9.875008,9.875008,800,0.969811
2000-10-18,10.375024,10.93752,9.74996,9.74996,95600,0.95753
2000-10-17,11.00,11.00,10.93752,11.00,23600,1.080295
2000-10-16,9.875008,20.000025,9.875008,9.999969,72800,0.982083
2000-10-13,9.999969,9.999969,9.625,9.875008,66800,0.969811
2000-10-12,9.999969,9.999969,9.50004,9.50004,25200,0.932986
2000-10-11,9.875008,10.125017,9.875008,10.125017,427600,0.994364
2000-10-10,9.875008,9.875008,9.875008,9.875008,17600,0.969811
2000-10-09,9.875008,9.875008,9.875008,9.875008,000,0.969811
2000-10-06,9.875008,9.875008,9.875008,9.875008,000,0.969811
2000-10-05,9.875008,9.875008,9.875008,9.875008,11200,0.969811
2000-10-04,9.812528,9.812528,9.812528,9.812528,10400,0.963675
2000-10-03,9.875008,10.125017,9.875008,10.125017,300000,0.994364
2000-10-02,9.937488,9.937488,9.812528,9.812528,11200,0.963675
2000-09-29,9.74996,9.74996,9.74996,9.74996,000,0.95753
2000-09-28,9.74996,9.74996,9.74996,9.74996,9600,0.95753
2000-09-27,9.74996,9.74996,9.74996,9.74996,4400,0.95753
2000-09-26,9.74996,9.74996,9.74996,9.74996,58800,0.95753
2000-09-25,9.937488,9.937488,9.937488,9.937488,8800,0.975947
2000-09-22,9.74996,9.74996,9.74996,9.74996,5200,0.95753
2000-09-21,9.74996,9.74996,9.74996,9.74996,000,0.95753
2000-09-20,9.74996,9.74996,9.74996,9.74996,64800,0.95753
2000-09-19,9.250032,9.250032,9.250032,9.250032,000,0.908433
2000-09-18,9.906248,9.968728,9.250032,9.250032,33200,0.908433
2000-09-15,9.875008,9.875008,9.56252,9.56252,36000,0.939122
2000-09-14,9.74996,9.999969,9.74996,9.74996,20800,0.95753
2000-09-13,9.50004,9.50004,9.50004,9.50004,000,0.932986
2000-09-12,9.250032,9.50004,9.250032,9.50004,27200,0.932986
2000-09-11,9.250032,9.374993,9.250032,9.374993,5200,0.920705
2000-09-08,9.062504,9.062504,9.062504,9.062504,1600,0.890016
2000-09-07,9.187464,9.250032,9.124984,9.124984,81600,0.896152
2000-09-06,9.50004,9.50004,9.50004,9.50004,000,0.932986
2000-09-05,9.50004,9.50004,9.50004,9.50004,27200,0.932986
2000-09-01,9.50004,9.50004,9.50004,9.50004,000,0.932986
2000-08-31,9.50004,9.50004,9.50004,9.50004,000,0.932986
2000-08-30,9.50004,9.50004,9.50004,9.50004,000,0.932986
2000-08-29,9.50004,9.50004,9.50004,9.50004,4400,0.932986
2000-08-28,9.124984,9.124984,9.124984,9.124984,000,0.896152
2000-08-25,9.124984,9.124984,9.124984,9.124984,000,0.896152
2000-08-24,9.250032,9.250032,9.124984,9.124984,5200,0.896152
2000-08-23,9.250032,9.250032,9.250032,9.250032,10400,0.908433
2000-08-22,9.50004,9.50004,9.50004,9.50004,000,0.932986
2000-08-21,9.50004,9.50004,9.50004,9.50004,12000,0.932986
2000-08-18,9.187464,9.187464,9.124984,9.124984,13200,0.896152
2000-08-17,9.124984,9.124984,9.124984,9.124984,800,0.896152
2000-08-16,9.250032,9.250032,9.250032,9.250032,000,0.908433
2000-08-15,9.250032,9.250032,9.250032,9.250032,000,0.908433
2000-08-14,9.000024,9.250032,9.000024,9.250032,102000,0.908433
2000-08-11,9.124984,9.124984,9.124984,9.124984,000,0.896152
2000-08-10,8.874976,9.124984,8.874976,9.124984,22800,0.896152
2000-08-09,8.750016,8.750016,8.750016,8.750016,000,0.859327
2000-08-08,8.750016,8.750016,8.750016,8.750016,000,0.859327
2000-08-07,8.750016,8.750016,8.750016,8.750016,000,0.859327
2000-08-04,8.874976,8.874976,8.750016,8.750016,218800,0.859327
2000-08-03,8.750016,8.750016,8.750016,8.750016,000,0.859327
2000-08-02,8.750016,8.750016,8.750016,8.750016,000,0.859327
2000-08-01,8.750016,8.750016,8.750016,8.750016,000,0.859327
2000-07-31,8.750016,8.750016,8.750016,8.750016,4400,0.859327
2000-07-28,8.812496,9.000024,8.750016,8.750016,66800,0.859327
2000-07-27,9.000024,9.000024,9.000024,9.000024,17600,0.88388
2000-07-26,9.468712,9.468712,9.250032,9.250032,6000,0.908433
2000-07-25,8.812496,8.812496,8.812496,8.812496,000,0.865463
2000-07-24,8.812496,9.000024,8.812496,8.812496,185600,0.865463
2000-07-21,9.000024,9.000024,8.750016,8.750016,28800,0.859327
2000-07-20,9.000024,9.000024,9.000024,9.000024,92400,0.88388
2000-07-19,9.250032,9.250032,8.750016,8.750016,167200,0.859327
2000-07-18,8.750016,9.000024,8.750016,9.000024,184800,0.88388
2000-07-17,8.750016,9.124984,8.624968,9.000024,155600,0.88388
2000-07-14,8.37496,8.37496,8.37496,8.37496,11200,0.822494
2000-07-13,8.750016,8.750016,8.750016,8.750016,8800,0.859327
2000-07-12,8.500008,8.500008,8.500008,8.500008,000,0.834774
2000-07-11,8.500008,8.500008,8.500008,8.500008,48400,0.834774
2000-07-10,8.37496,8.37496,8.37496,8.37496,000,0.822494
2000-07-07,8.37496,8.37496,8.37496,8.37496,000,0.822494
2000-07-06,8.37496,8.37496,8.37496,8.37496,000,0.822494
2000-07-05,8.37496,8.37496,8.37496,8.37496,000,0.822494
2000-07-03,8.37496,8.37496,8.37496,8.37496,000,0.822494
2000-06-30,8.500008,8.500008,8.37496,8.37496,6000,0.822494
2000-06-29,8.500008,8.500008,8.500008,8.500008,000,0.834774
2000-06-28,8.500008,8.500008,8.500008,8.500008,000,0.834774
2000-06-27,8.500008,8.500008,8.500008,8.500008,3200,0.834774
2000-06-26,8.624968,8.624968,8.624968,8.624968,000,0.847047
2000-06-23,8.624968,8.624968,8.624968,8.624968,64000,0.847047
2000-06-22,8.750016,8.750016,8.750016,8.750016,64000,0.859327
2000-06-21,8.500008,8.500008,8.500008,8.500008,000,0.834774
2000-06-20,8.500008,8.500008,8.500008,8.500008,53600,0.834774
2000-06-19,8.500008,8.500008,8.500008,8.500008,000,0.834774
2000-06-16,8.500008,8.500008,8.500008,8.500008,000,0.834774
2000-06-15,8.500008,8.500008,8.500008,8.500008,22000,0.834774
2000-06-14,8.750016,8.750016,8.500008,8.500008,74800,0.834774
2000-06-13,8.500008,8.500008,7.999992,8.500008,54400,0.834774
2000-06-12,8.750016,8.750016,8.750016,8.750016,88000,0.859327
2000-06-09,8.874976,8.874976,8.500008,8.624968,106400,0.847047
2000-06-08,8.687536,8.687536,8.687536,8.687536,800,0.853191
2000-06-07,7.999992,8.25,7.999992,7.999992,661600,0.785668
2000-06-06,8.12504,8.12504,8.12504,8.12504,8800,0.797949
2000-06-05,8.062472,8.062472,7.749984,7.749984,8800,0.761116
2000-06-02,8.25,8.25,8.25,8.25,000,0.810221
2000-06-01,8.12504,8.25,8.12504,8.25,176000,0.810221
2000-05-31,8.437528,8.437528,8.437528,8.437528,000,0.828638
2000-05-30,8.437528,8.437528,8.437528,8.437528,000,0.828638
2000-05-26,8.437528,8.437528,8.437528,8.437528,000,0.828638
2000-05-25,8.437528,8.437528,8.437528,8.437528,000,0.828638
2000-05-24,8.31248,8.437528,8.31248,8.437528,35200,0.828638
2000-05-23,8.468768,8.468768,7.999992,7.999992,18400,0.785668
2000-05-22,9.000024,9.000024,8.937456,8.937456,183600,0.877736
2000-05-19,9.000024,9.000024,8.874976,8.874976,29600,0.871599
2000-05-18,9.000024,9.000024,9.000024,9.000024,20800,0.88388
2000-05-17,9.000024,9.000024,9.000024,9.000024,80800,0.88388
2000-05-16,8.500008,9.000024,8.500008,9.000024,93200,0.88388
2000-05-15,7.999992,7.999992,7.999992,7.999992,000,0.785668
2000-05-12,7.999992,7.999992,7.999992,7.999992,1600,0.785668
2000-05-11,7.999992,7.999992,7.999992,7.999992,000,0.785668
2000-05-10,7.999992,7.999992,7.999992,7.999992,35200,0.785668
2000-05-09,7.499976,7.999992,7.499976,7.999992,205600,0.785668
2000-05-08,7.499976,7.499976,7.499976,7.499976,10400,0.736563
2000-05-05,7.625024,7.625024,7.625024,7.625024,000,0.748843
2000-05-04,7.625024,7.625024,7.625024,7.625024,000,0.748843
2000-05-03,7.625024,7.625024,7.625024,7.625024,7600,0.748843
2000-05-02,7.625024,7.625024,7.625024,7.625024,000,0.748843
2000-05-01,7.625024,7.625024,7.625024,7.625024,000,0.748843
2000-04-28,7.625024,7.625024,7.625024,7.625024,000,0.748843
2000-04-27,7.749984,7.749984,7.625024,7.625024,18400,0.748843
2000-04-26,7.375016,7.499976,7.375016,7.499976,96800,0.736563
2000-04-25,7.999992,7.999992,7.249968,7.499976,195200,0.736563
2000-04-24,7.999992,8.25,7.999992,7.999992,272800,0.785668
2000-04-20,8.624968,8.624968,8.624968,8.624968,000,0.847047
2000-04-19,8.37496,8.624968,8.37496,8.624968,28800,0.847047
2000-04-18,9.000024,9.875008,9.000024,9.875008,117600,0.969811
2000-04-17,7.375016,7.499976,7.375016,7.499976,99200,0.736563
2000-04-14,8.12504,8.12504,8.12504,8.12504,800,0.797949
2000-04-13,7.749984,7.749984,7.749984,7.749984,26400,0.761116
2000-04-12,7.999992,7.999992,7.875032,7.875032,14000,0.773396
2000-04-11,7.999992,8.750016,7.875032,8.25,121200,0.810221
2000-04-10,8.062472,8.12504,7.999992,8.12504,324400,0.797949
2000-04-07,8.500008,8.500008,8.500008,8.500008,6000,0.834774
2000-04-06,8.750016,8.750016,8.750016,8.750016,000,0.859327
2000-04-05,8.500008,8.750016,8.500008,8.750016,50000,0.859327
2000-04-04,8.37496,8.37496,8.37496,8.37496,10400,0.822494
2000-04-03,8.37496,8.37496,8.37496,8.37496,000,0.822494
2000-03-31,8.37496,8.37496,8.37496,8.37496,000,0.822494
2000-03-30,8.37496,8.37496,8.37496,8.37496,4400,0.822494
2000-03-29,8.25,8.25,8.25,8.25,8800,0.810221
2000-03-28,7.999992,7.999992,7.999992,7.999992,25200,0.785668
2000-03-27,7.999992,7.999992,7.999992,7.999992,000,0.785668
2000-03-24,7.999992,7.999992,7.999992,7.999992,4400,0.785668
2000-03-23,7.999992,7.999992,7.999992,7.999992,88000,0.785668
2000-03-22,7.499976,7.499976,7.499976,7.499976,000,0.736563
2000-03-21,7.499976,7.499976,7.499976,7.499976,61600,0.736563
2000-03-20,8.500008,8.500008,8.500008,8.500008,1600,0.834774
2000-03-17,7.125008,8.624968,6.99996,8.624968,41200,0.847047
2000-03-16,6.99996,8.500008,6.99996,8.500008,28800,0.834774
2000-03-15,7.499976,8.500008,7.375016,8.500008,54400,0.834774
2000-03-14,7.999992,7.999992,7.499976,7.499976,31600,0.736563
2000-03-13,7.249968,7.249968,7.249968,7.249968,000,0.71201
2000-03-10,8.500008,8.500008,8.000036,8.000036,63200,0.714248
2000-03-09,8.750043,9.250015,8.750043,9.250015,12000,0.825847
2000-03-08,8.500008,8.999981,8.37504,8.999981,183600,0.803524
2000-03-07,8.500008,8.500008,8.500008,8.500008,5200,0.758886
2000-03-06,8.500008,8.500008,8.500008,8.500008,800,0.758886
2000-03-03,8.999981,8.999981,8.999981,8.999981,7600,0.803524
2000-03-02,9.374984,9.499952,8.750043,8.750043,14000,0.781209
2000-03-01,8.000036,8.500008,7.874971,8.500008,71200,0.758886
2000-02-29,8.000036,8.000036,8.000036,8.000036,000,0.714248
2000-02-28,8.000036,8.000036,8.000036,8.000036,20000,0.714248
2000-02-25,8.000036,8.125005,8.000036,8.000036,66000,0.714248
2000-02-24,7.625033,7.750002,7.625033,7.750002,59600,0.691925
2000-02-23,7.750002,7.750002,7.499967,7.499967,15600,0.669602
2000-02-22,7.874971,7.874971,7.874971,7.874971,2400,0.703082
2000-02-18,8.937545,8.937545,8.937545,8.937545,000,0.797949
2000-02-17,7.812534,8.937545,7.812534,8.937545,32400,0.797949
2000-02-16,7.874971,7.874971,7.874971,7.874971,000,0.703082
2000-02-15,7.874971,7.874971,7.874971,7.874971,000,0.703082
2000-02-14,7.874971,7.874971,7.874971,7.874971,9600,0.703082
2000-02-11,7.874971,7.874971,7.874971,7.874971,23600,0.703082
2000-02-10,7.874971,7.874971,7.874971,7.874971,11200,0.703082
2000-02-09,7.750002,7.750002,7.750002,7.750002,000,0.691925
2000-02-08,7.750002,7.750002,7.750002,7.750002,000,0.691925
2000-02-07,8.125005,8.125005,7.750002,7.750002,20800,0.691925
2000-02-04,8.249974,8.249974,8.249974,8.249974,7600,0.736563
2000-02-03,8.500008,8.500008,8.125005,8.500008,78000,0.758886
2000-02-02,8.249974,8.249974,8.125005,8.187538,22000,0.730988
2000-02-01,8.999981,8.999981,8.125005,8.125005,36800,0.725405
2000-01-31,8.999981,9.250015,8.999981,9.250015,113200,0.825847
2000-01-28,9.499952,9.499952,9.499952,9.499952,000,0.848161
2000-01-27,9.499952,9.499952,9.499952,9.499952,19200,0.848161
2000-01-26,8.875012,8.999981,8.875012,8.999981,12000,0.803524
2000-01-25,8.249974,8.500008,8.249974,8.500008,152000,0.758886
2000-01-24,7.874971,7.874971,7.874971,7.874971,52800,0.703082
2000-01-21,8.500008,8.500008,8.500008,8.500008,000,0.758886
2000-01-20,8.500008,8.500008,8.500008,8.500008,000,0.758886
2000-01-19,8.500008,8.500008,8.500008,8.500008,107200,0.758886
2000-01-18,8.750043,8.750043,8.500008,8.500008,28800,0.758886
2000-01-14,8.875012,8.875012,8.875012,8.875012,800,0.792366
2000-01-13,8.624977,8.624977,8.624977,8.624977,9600,0.770043
2000-01-12,8.37504,8.875012,8.37504,8.875012,17600,0.792366
2000-01-11,8.875012,8.875012,8.37504,8.37504,25200,0.747729
2000-01-10,8.875012,8.875012,8.875012,8.875012,4400,0.792366
2000-01-07,8.249974,8.249974,8.249974,8.249974,800,0.736563
2000-01-06,8.249974,8.249974,8.249974,8.249974,000,0.736563
2000-01-05,8.249974,8.249974,8.249974,8.249974,1600,0.736563
2000-01-04,8.500008,8.500008,8.249974,8.249974,10400,0.736563
2000-01-03,8.37504,8.500008,8.249974,8.500008,68400,0.758886
1999-12-31,8.37504,8.37504,8.37504,8.37504,3200,0.747729
1999-12-30,8.125005,8.249974,8.125005,8.249974,99200,0.736563
1999-12-29,8.000036,8.249974,8.000036,8.125005,103600,0.725405
1999-12-28,8.125005,8.125005,8.000036,8.000036,36000,0.714248
1999-12-27,8.500008,8.624977,8.500008,8.624977,169600,0.770043
1999-12-23,8.68751,8.68751,8.500008,8.500008,67600,0.758886
1999-12-22,8.624977,8.68751,8.624977,8.68751,41200,0.775626
1999-12-21,8.624977,8.624977,8.624977,8.624977,17600,0.770043
1999-12-20,8.500008,8.500008,8.500008,8.500008,38400,0.758886
1999-12-17,8.500008,8.500008,8.500008,8.500008,34000,0.758886
1999-12-16,8.500008,8.500008,8.000036,8.000036,196800,0.714248
1999-12-15,8.500008,8.500008,8.500008,8.500008,800,0.758886
1999-12-14,8.500008,8.500008,8.500008,8.500008,5200,0.758886
1999-12-13,8.999981,8.999981,8.500008,8.500008,11200,0.758886
1999-12-10,8.999981,9.125046,8.999981,9.125046,70400,0.81469
1999-12-09,9.749987,9.749987,9.749987,9.749987,800,0.870485
1999-12-08,8.750043,8.750043,8.750043,8.750043,000,0.781209
1999-12-07,8.750043,8.750043,8.750043,8.750043,000,0.781209
1999-12-06,8.500008,8.750043,8.500008,8.750043,63200,0.781209
1999-12-03,8.999981,9.140631,8.500008,9.140631,46400,0.816081
1999-12-02,9.250015,9.250015,9.250015,9.250015,2400,0.825847
1999-12-01,9.250015,9.250015,9.250015,9.250015,000,0.825847
1999-11-30,9.250015,9.250015,9.250015,9.250015,32400,0.825847
1999-11-29,9.250015,9.250015,9.250015,9.250015,17600,0.825847
1999-11-26,9.250015,9.250015,9.250015,9.250015,000,0.825847
1999-11-24,9.250015,9.250015,9.250015,9.250015,19200,0.825847
1999-11-23,9.374984,9.374984,9.374984,9.374984,1600,0.837004
1999-11-22,9.625018,9.625018,9.625018,9.625018,000,0.859327
1999-11-19,9.625018,9.625018,9.625018,9.625018,33200,0.859327
1999-11-18,9.499952,9.499952,9.499952,9.499952,000,0.848161
1999-11-17,9.499952,9.499952,9.499952,9.499952,6800,0.848161
1999-11-16,9.499952,9.499952,9.499952,9.499952,000,0.848161
1999-11-15,9.250015,9.499952,9.250015,9.499952,22000,0.848161
1999-11-12,9.499952,9.749987,9.499952,9.749987,77200,0.870485
1999-11-11,9.250015,9.250015,9.250015,9.250015,000,0.825847
1999-11-10,9.250015,9.250015,9.250015,9.250015,000,0.825847
1999-11-09,9.749987,9.749987,9.250015,9.250015,26400,0.825847
1999-11-08,9.374984,9.374984,9.374984,9.374984,3200,0.837004
1999-11-05,9.250015,9.250015,9.250015,9.250015,3200,0.825847
1999-11-04,9.250015,9.250015,9.250015,9.250015,800,0.825847
1999-11-03,9.625018,9.625018,9.625018,9.625018,000,0.859327
1999-11-02,9.374984,9.625018,9.374984,9.625018,106400,0.859327
1999-11-01,9.187482,9.187482,9.187482,9.187482,000,0.820264
1999-10-29,9.374984,9.374984,9.187482,9.187482,245200,0.820264
1999-10-28,9.374984,9.374984,9.374984,9.374984,96800,0.837004
1999-10-27,9.250015,9.250015,9.250015,9.250015,81600,0.825847
1999-10-26,8.999981,9.499952,8.999981,9.499952,15600,0.848161
1999-10-25,9.374984,9.374984,9.374984,9.374984,000,0.837004
1999-10-22,8.999981,9.374984,8.999981,9.374984,222400,0.837004
1999-10-21,9.250015,9.250015,9.250015,9.250015,000,0.825847
1999-10-20,9.250015,9.250015,9.250015,9.250015,000,0.825847
1999-10-19,8.999981,9.250015,8.999981,9.250015,22000,0.825847
1999-10-18,8.750043,8.750043,8.750043,8.750043,3200,0.781209
1999-10-15,8.875012,9.499952,8.875012,9.499952,10400,0.848161
1999-10-14,8.875012,8.875012,8.875012,8.875012,2400,0.792366
1999-10-13,8.937545,8.937545,8.937545,8.937545,102000,0.797949
1999-10-12,9.125046,9.125046,8.875012,8.999981,295600,0.803524
1999-10-11,9.125046,9.125046,9.125046,9.125046,22000,0.81469
1999-10-08,8.875012,8.875012,8.875012,8.875012,000,0.792366
1999-10-07,8.875012,8.875012,8.875012,8.875012,2400,0.792366
1999-10-06,8.999981,8.999981,8.999981,8.999981,20000,0.803524
1999-10-05,8.750043,8.875012,8.750043,8.875012,48400,0.792366
1999-10-04,8.999981,9.125046,8.999981,8.999981,117600,0.803524
1999-10-01,8.999981,8.999981,8.999981,8.999981,3200,0.803524
1999-09-30,9.125046,9.125046,9.125046,9.125046,000,0.81469
1999-09-29,9.374984,9.374984,9.125046,9.125046,5200,0.81469
1999-09-28,8.750043,9.250015,8.750043,8.999981,78000,0.803524
1999-09-27,9.250015,9.437516,9.250015,9.250015,39600,0.825847
1999-09-24,9.749987,9.749987,9.250015,9.250015,117600,0.825847
1999-09-23,9.499952,9.499952,9.499952,9.499952,3200,0.848161
1999-09-22,9.749987,9.749987,9.625018,9.625018,36800,0.859327
1999-09-21,10.000021,10.000021,10.000021,10.000021,68400,0.892808
1999-09-20,10.12499,10.12499,10.12499,10.12499,000,0.903965
1999-09-17,10.12499,10.12499,10.12499,10.12499,13200,0.903965
1999-09-16,10.249958,10.249958,10.249958,10.249958,000,0.915122
1999-09-15,10.249958,10.249958,10.249958,10.249958,000,0.915122
1999-09-14,10.249958,10.249958,10.249958,10.249958,000,0.915122
1999-09-13,10.249958,10.249958,10.249958,10.249958,000,0.915122
1999-09-10,10.249958,10.437461,10.249958,10.249958,51600,0.915122
1999-09-09,10.499993,10.499993,10.249958,10.249958,5200,0.915122
1999-09-08,10.12499,10.12499,10.12499,10.12499,4400,0.903965
1999-09-07,10.249958,10.249958,10.249958,10.249958,000,0.915122
1999-09-03,10.249958,10.249958,10.249958,10.249958,000,0.915122
1999-09-02,9.499952,10.249958,9.499952,10.249958,29600,0.915122
1999-09-01,10.999966,10.999966,10.999966,10.999966,36800,0.982083
1999-08-31,10.874997,10.874997,10.874997,10.874997,000,0.970926
1999-08-30,10.874997,10.874997,10.874997,10.874997,3200,0.970926
1999-08-27,10.499993,10.999966,10.499993,10.999966,12000,0.982083
1999-08-26,10.499993,10.999966,10.499993,10.999966,141600,0.982083
1999-08-25,10.000021,10.375024,10.000021,10.375024,15600,0.926288
1999-08-24,10.000021,10.000021,10.000021,10.000021,4400,0.892808
1999-08-23,10.000021,10.000021,10.000021,10.000021,4400,0.892808
1999-08-20,10.624962,10.624962,10.624962,10.624962,000,0.948603
1999-08-19,10.624962,10.624962,10.624962,10.624962,000,0.948603
1999-08-18,10.624962,10.624962,10.624962,10.624962,000,0.948603
1999-08-17,10.624962,10.624962,10.624962,10.624962,125600,0.948603
1999-08-16,10.499993,10.499993,10.499993,10.499993,000,0.937446
1999-08-13,10.750028,10.750028,10.499993,10.499993,118800,0.937446
1999-08-12,10.499993,10.499993,10.499993,10.499993,4400,0.937446
1999-08-11,10.375024,10.375024,10.375024,10.375024,000,0.926288
1999-08-10,10.437461,10.437461,10.375024,10.375024,38400,0.926288
1999-08-09,10.624962,10.624962,10.000021,10.000021,88800,0.892808
1999-08-06,10.375024,10.624962,10.375024,10.624962,41200,0.948603
1999-08-05,10.624962,10.624962,10.624962,10.624962,000,0.948603
1999-08-04,10.624962,10.624962,10.624962,10.624962,000,0.948603
1999-08-03,10.624962,10.624962,10.624962,10.624962,000,0.948603
1999-08-02,10.624962,10.624962,10.624962,10.624962,1600,0.948603
1999-07-30,9.625018,10.624962,9.625018,10.12499,156400,0.903965
1999-07-29,9.749987,9.749987,8.999981,9.562485,776800,0.853744
1999-07-28,10.249958,10.249958,10.12499,10.12499,64800,0.903965
1999-07-27,10.499993,10.499993,10.499993,10.499993,28800,0.937446
1999-07-26,10.249958,10.249958,10.249958,10.249958,4400,0.915122
1999-07-23,10.375024,10.375024,10.375024,10.375024,000,0.926288
1999-07-22,10.375024,10.375024,10.375024,10.375024,000,0.926288
1999-07-21,10.375024,10.375024,10.375024,10.375024,000,0.926288
1999-07-20,10.375024,10.375024,10.375024,10.375024,000,0.926288
1999-07-19,10.375024,10.375024,10.375024,10.375024,000,0.926288
1999-07-16,10.375024,10.375024,10.375024,10.375024,000,0.926288
1999-07-15,10.499993,10.499993,10.375024,10.375024,39600,0.926288
1999-07-14,10.999966,10.999966,10.499993,10.499993,82400,0.937446
1999-07-13,11.249999,11.249999,11.249999,11.249999,000,1.004407
1999-07-12,11.249999,11.249999,11.249999,11.249999,3200,1.004407
1999-07-09,11.249999,11.312533,11.249999,11.312533,58000,1.00999
1999-07-08,11.249999,11.249999,11.249999,11.249999,6000,1.004407
1999-07-07,11.500034,12.000006,11.249999,11.875037,69200,1.06021
1999-07-06,11.249999,11.249999,11.249999,11.249999,000,1.004407
1999-07-02,10.999966,11.625003,10.999966,11.249999,66000,1.004407
1999-07-01,11.249999,11.249999,11.249999,11.249999,6000,1.004407
1999-06-30,10.999966,11.249999,10.874997,11.249999,55200,1.004407
1999-06-29,11.374968,11.374968,10.999966,11.249999,24400,1.004407
1999-06-28,10.999966,10.999966,10.999966,10.999966,000,0.982083
1999-06-25,10.999966,10.999966,10.999966,10.999966,000,0.982083
1999-06-24,10.999966,10.999966,10.999966,10.999966,000,0.982083
1999-06-23,10.999966,10.999966,10.999966,10.999966,000,0.982083
1999-06-22,10.999966,10.999966,10.999966,10.999966,000,0.982083
1999-06-21,10.999966,10.999966,10.999966,10.999966,000,0.982083
1999-06-18,10.499993,11.249999,10.499993,10.999966,222400,0.982083
1999-06-17,10.12499,10.874997,10.000021,10.874997,48400,0.970926
1999-06-16,10.499993,10.499993,10.499993,10.499993,000,0.937446
1999-06-15,10.499993,10.499993,10.499993,10.499993,39600,0.937446
1999-06-14,11.12503,11.12503,10.750028,10.750028,68400,0.959769
1999-06-11,11.12503,11.12503,11.12503,11.12503,38400,0.993249
1999-06-10,11.500034,11.500034,11.500034,11.500034,17600,1.02673
1999-06-09,11.249999,11.249999,10.750028,10.999966,75600,0.982083
1999-06-08,12.25004,12.25004,12.25004,12.25004,4400,1.093691
1999-06-07,10.687494,10.687494,10.687494,10.687494,000,0.954186
1999-06-04,10.687494,10.687494,10.687494,10.687494,000,0.954186
1999-06-03,10.687494,10.687494,10.687494,10.687494,000,0.954186
1999-06-02,10.687494,10.687494,10.687494,10.687494,11200,0.954186
1999-06-01,10.874997,12.124975,10.874997,10.874997,26400,0.970926
1999-05-28,12.000006,12.000006,10.999966,10.999966,12000,0.982083
1999-05-27,10.375024,10.999966,10.375024,10.999966,22800,0.982083
1999-05-26,10.999966,10.999966,10.000021,10.499993,72800,0.937446
1999-05-25,8.999981,10.000021,8.999981,10.000021,210000,0.892808
1999-05-24,10.12499,10.12499,10.000021,10.000021,19200,0.892808
1999-05-21,10.12499,10.12499,10.12499,10.12499,000,0.903965
1999-05-20,10.375024,10.375024,10.12499,10.12499,193600,0.903965
1999-05-19,10.249958,10.249958,10.249958,10.249958,000,0.915122
1999-05-18,10.249958,10.249958,10.249958,10.249958,11200,0.915122
1999-05-17,10.999966,10.999966,10.249958,10.249958,29600,0.915122
1999-05-14,10.999966,10.999966,10.624962,10.624962,35200,0.948603
1999-05-13,10.12499,10.12499,10.12499,10.12499,000,0.903965
1999-05-12,10.12499,10.12499,10.12499,10.12499,4400,0.903965
1999-05-11,10.375024,10.375024,10.375024,10.375024,000,0.926288
1999-05-10,10.375024,10.375024,10.375024,10.375024,000,0.926288
1999-05-07,10.375024,10.375024,10.375024,10.375024,000,0.926288
1999-05-06,10.499993,10.499993,10.375024,10.375024,24400,0.926288
1999-05-05,10.999966,10.999966,10.499993,10.750028,48400,0.959769
1999-05-04,10.375024,10.999966,10.375024,10.999966,22000,0.982083
1999-05-03,10.375024,10.375024,10.375024,10.375024,1600,0.926288
1999-04-30,10.874997,10.999966,10.874997,10.999966,123200,0.982083
1999-04-29,10.999966,10.999966,10.12499,10.12499,116800,0.903965
1999-04-28,12.000006,12.000006,12.000006,12.000006,000,1.071368
1999-04-27,12.000006,12.000006,12.000006,12.000006,000,1.071368
1999-04-26,12.000006,12.000006,12.000006,12.000006,000,1.071368
1999-04-23,12.000006,12.000006,12.000006,12.000006,1600,1.071368
1999-04-22,11.374968,11.374968,11.171882,11.171882,96800,0.997432
1999-04-21,11.500034,11.500034,11.500034,11.500034,1600,1.02673
1999-04-20,10.999966,10.999966,10.999966,10.999966,19200,0.982083
1999-04-19,10.624962,13.000047,10.624962,13.000047,5200,1.160652
1999-04-16,12.000006,12.000006,12.000006,12.000006,6800,1.071368
1999-04-15,12.000006,12.000006,11.500034,11.749972,17600,1.049044
1999-04-14,10.999966,12.000006,10.999966,12.000006,11200,1.071368
1999-04-13,11.249999,11.249999,11.249999,11.249999,000,1.004407
1999-04-12,10.999966,11.249999,10.000021,11.249999,22800,1.004407
1999-04-09,10.000021,10.000021,10.000021,10.000021,000,0.892808
1999-04-08,10.000021,10.000021,10.000021,10.000021,000,0.892808
1999-04-07,11.249999,11.249999,10.000021,10.000021,6800,0.892808
1999-04-06,10.750028,10.750028,10.000021,10.000021,38400,0.892808
1999-04-05,10.999966,10.999966,10.999966,10.999966,000,0.982083
1999-04-01,10.999966,10.999966,10.999966,10.999966,000,0.982083
1999-03-31,10.999966,10.999966,10.499993,10.999966,15600,0.982083
1999-03-30,11.249999,11.249999,11.249999,11.249999,14000,1.004407
1999-03-29,10.999966,12.000006,10.999966,12.000006,20000,1.071368
1999-03-26,11.500034,11.500034,11.500034,11.500034,9600,1.02673
1999-03-25,11.625003,11.625003,11.625003,11.625003,000,1.037887
1999-03-24,11.625003,11.625003,11.625003,11.625003,000,1.037887
1999-03-23,11.625003,11.625003,11.625003,11.625003,9600,1.037887
1999-03-22,11.625003,11.749972,11.500034,11.749972,75600,1.049044
1999-03-19,11.625003,11.625003,11.625003,11.625003,1600,1.037887
1999-03-18,11.625003,11.625003,11.625003,11.625003,000,1.037887
1999-03-17,11.625003,11.625003,11.625003,11.625003,1600,1.037887
1999-03-16,11.875037,11.875037,11.875037,11.875037,4400,1.06021
1999-03-15,11.749972,11.749972,11.749972,11.749972,19200,1.049044
1999-03-12,12.000006,12.000006,12.000006,12.000006,000,1.071368
1999-03-11,12.000006,12.000006,12.000006,12.000006,20800,1.071368
1999-03-10,12.000006,12.000006,12.000006,12.000006,000,1.071368
1999-03-09,12.000006,12.000006,12.000006,12.000006,40400,1.071368
1999-03-08,12.499978,12.499978,12.499978,12.499978,000,1.116005
1999-03-05,12.499978,12.499978,12.499978,12.499978,000,1.116005
1999-03-04,12.499978,12.499978,12.499978,12.499978,000,1.116005
1999-03-03,12.499978,12.499978,12.499978,12.499978,000,1.116005
1999-03-02,12.499978,12.499978,12.499978,12.499978,000,1.116005
1999-03-01,12.499978,12.499978,12.499978,12.499978,000,1.116005
1999-02-26,12.499978,12.499978,12.499978,12.499978,1600,1.116005
1999-02-25,12.750012,12.750012,12.499978,12.625043,25200,1.127171
1999-02-24,12.499978,12.750012,12.499978,12.750012,246400,1.138329
1999-02-23,12.375009,12.375009,12.375009,12.375009,11200,1.104848
1999-02-22,12.499978,12.499978,12.375009,12.375009,51600,1.104848
1999-02-19,13.624987,13.624987,13.624987,13.624987,1600,1.216447
1999-02-18,12.312476,12.312476,12.312476,12.312476,000,1.099265
1999-02-17,12.874981,13.000047,12.312476,12.312476,26400,1.099265
1999-02-16,12.68748,12.68748,12.68748,12.68748,000,1.132746
1999-02-12,12.750012,12.750012,12.68748,12.68748,23600,1.132746
1999-02-11,12.25004,13.624987,12.25004,13.624987,128400,1.216447
1999-02-10,12.499978,12.750012,12.25004,12.750012,7600,1.138329
1999-02-09,13.624987,13.624987,13.624987,13.624987,000,1.216447
1999-02-08,13.624987,13.624987,13.624987,13.624987,000,1.216447
1999-02-05,13.624987,13.624987,13.624987,13.624987,2400,1.216447
1999-02-04,12.499978,13.624987,12.499978,13.624987,27200,1.216447
1999-02-03,12.750012,12.750012,12.750012,12.750012,000,1.138329
1999-02-02,12.750012,12.750012,12.750012,12.750012,000,1.138329
1999-02-01,12.750012,12.750012,12.750012,12.750012,3200,1.138329
1999-01-29,12.499978,12.499978,12.499978,12.499978,000,1.116005
1999-01-28,12.499978,12.499978,12.499978,12.499978,1600,1.116005
1999-01-27,12.25004,12.25004,12.25004,12.25004,000,1.093691
1999-01-26,13.000047,13.500018,12.25004,12.25004,16400,1.093691
1999-01-25,13.000047,13.000047,13.000047,13.000047,10400,1.160652
1999-01-22,13.249985,13.374954,12.750012,13.374954,111600,1.194124
1999-01-21,12.874981,12.874981,12.874981,12.874981,44800,1.149486
1999-01-20,13.624987,13.749956,13.624987,13.749956,46400,1.227604
1999-01-19,13.000047,13.000047,13.000047,13.000047,000,1.160652
1999-01-15,13.000047,13.000047,13.000047,13.000047,17600,1.160652
1999-01-14,13.500018,13.500018,13.500018,13.500018,6800,1.20529
1999-01-13,12.499978,12.499978,12.499978,12.499978,000,1.116005
1999-01-12,12.562511,12.625043,12.499978,12.499978,79200,1.116005
1999-01-11,13.749956,13.749956,13.749956,13.749956,28800,1.227604
1999-01-08,13.000047,13.000047,13.000047,13.000047,1600,1.160652
1999-01-07,13.937459,13.937459,13.937459,13.937459,000,1.244345
1999-01-06,13.937459,13.937459,13.937459,13.937459,9600,1.244345
1999-01-05,12.625043,13.937459,12.625043,13.937459,22000,1.244345
1999-01-04,12.000006,13.937459,12.000006,13.937459,12000,1.244345
1998-12-31,13.000047,13.937459,12.000006,13.875022,106400,1.23877
1998-12-30,10.999966,10.999966,10.999966,10.999966,5200,0.982083
1998-12-29,10.999966,10.999966,10.999966,10.999966,36000,0.982083
1998-12-28,12.000006,12.000006,12.000006,12.000006,9600,1.071368
1998-12-24,10.999966,10.999966,10.999966,10.999966,000,0.982083
1998-12-23,10.999966,10.999966,10.999966,10.999966,000,0.982083
1998-12-22,10.937529,10.999966,10.499993,10.999966,151200,0.982083
1998-12-21,10.999966,10.999966,10.999966,10.999966,5200,0.982083
1998-12-18,12.000006,12.000006,12.000006,12.000006,28800,1.071368
1998-12-17,12.062539,12.062539,12.062539,12.062539,55200,1.076951
1998-12-16,10.937529,11.249999,10.750028,11.249999,93200,1.004407
1998-12-15,12.750012,12.750012,12.062539,12.062539,42800,1.076951
1998-12-14,12.000006,13.500018,12.000006,12.062539,151200,1.076951
1998-12-11,13.125016,13.125016,13.125016,13.125016,106400,1.171809
1998-12-10,13.000047,13.000047,13.000047,13.000047,800,1.160652
1998-12-09,13.000047,13.000047,12.000006,13.000047,19200,1.160652
1998-12-08,13.000047,13.000047,13.000047,13.000047,11200,1.160652
1998-12-07,13.000047,13.000047,13.000047,13.000047,28800,1.160652
1998-12-04,13.000047,13.000047,13.000047,13.000047,6800,1.160652
1998-12-03,13.875022,13.875022,13.875022,13.875022,000,1.23877
1998-12-02,13.875022,13.875022,13.875022,13.875022,6000,1.23877
1998-12-01,13.875022,13.875022,13.875022,13.875022,19200,1.23877
1998-11-30,13.999991,14.374994,13.875022,13.999991,184800,1.249928
1998-11-27,14.499963,14.499963,14.499963,14.499963,2400,1.294565
1998-11-25,13.999991,14.499963,13.500018,14.499963,30800,1.294565
1998-11-24,14.12496,14.749997,14.12496,14.374994,96800,1.283408
1998-11-23,13.000047,15.500004,13.000047,15.000032,23600,1.339212
1998-11-20,13.500018,13.999991,13.000047,13.999991,45600,1.249928
